
TracePro Release: 3 2 0 
Polar Candela Distribution Data for 
Data covers +/- 180.000 degrees from Normal
Data for Missed Rays
Data generated at 09:47:22 June 30, 2025

	   0.0	 180.0
0.000	      0.309706	      0.309706	
0.500	      0.308996	      0.310354	
1.000	      0.308996	      0.310354	
1.500	      0.308215	      0.310947	
2.000	      0.307354	      0.311491	
2.500	      0.306401	      0.311992	
3.000	      0.306401	      0.311992	
3.500	      0.305342	      0.312454	
4.000	      0.304161	      0.312881	
4.500	      0.304161	      0.312881	
5.000	      0.302838	      0.313277	
5.500	      0.301349	      0.313644	
6.000	      0.299663	      0.313986	
6.500	      0.299663	      0.313986	
7.000	      0.297746	      0.314304	
7.500	      0.295551	      0.314602	
8.000	      0.295551	      0.314602	
8.500	      0.293023	       0.31488	
9.000	      0.290088	       0.31514	
9.500	      0.286654	      0.315385	
10.000	      0.286654	      0.315385	
10.500	      0.282601	      0.315614	
11.000	      0.277769	       0.31583	
11.500	      0.277769	       0.31583	
12.000	      0.271943	      0.316034	
12.500	      0.264828	      0.316226	
13.000	      0.264828	      0.316226	
13.500	      0.256014	      0.316407	
14.000	      0.244909	      0.316579	
14.500	      0.230641	      0.316741	
15.000	      0.230641	      0.316741	
15.500	       0.21188	      0.316895	
16.000	      0.186513	      0.317041	
16.500	      0.186513	      0.317041	
17.000	      0.151023	       0.31718	
17.500	     0.0991889	      0.317312	
18.000	     0.0191456	      0.317438	
18.500	     0.0191456	      0.317438	
19.000	      0.114115	      0.317557	
19.500	      0.361175	      0.317671	
20.000	      0.361175	      0.317671	
20.500	      0.902945	       0.31778	
21.000	       2.51554	      0.317883	
21.500	       14.3425	      0.317983	
22.000	       14.3425	      0.317983	
22.500	        149.99	      0.318077	
23.000	       14.3426	      0.318168	
23.500	       14.3426	      0.318168	
24.000	       2.51572	      0.318255	
24.500	      0.903213	      0.318338	
25.000	      0.361532	      0.318418	
25.500	      0.361532	      0.318418	
26.000	      0.114562	      0.318494	
26.500	     0.0186082	      0.318568	
27.000	     0.0186082	      0.318568	
27.500	      0.098561	      0.318638	
28.000	      0.150304	      0.318706	
28.500	      0.185703	      0.318771	
29.000	      0.185703	      0.318771	
29.500	      0.210977	      0.318834	
30.000	      0.229645	      0.318894	
30.500	      0.229645	      0.318894	
31.000	      0.243819	      0.318952	
31.500	       0.25483	      0.319008	
32.000	      0.263549	      0.319062	
32.500	      0.263549	      0.319062	
33.000	      0.270567	      0.319114	
33.500	      0.276296	      0.319164	
34.000	      0.276296	      0.319164	
34.500	      0.281029	      0.319213	
35.000	      0.284982	      0.319259	
35.500	      0.284982	      0.319259	
36.000	      0.288315	      0.319304	
36.500	      0.291147	      0.319348	
37.000	      0.293571	       0.31939	
37.500	      0.293571	       0.31939	
38.000	       0.29566	       0.31943	
38.500	       0.29747	       0.31947	
39.000	       0.29747	       0.31947	
39.500	      0.299046	      0.319507	
40.000	      0.300424	      0.319544	
40.500	      0.301634	       0.31958	
41.000	      0.301634	       0.31958	
41.500	      0.302699	      0.319614	
42.000	       0.30364	      0.319647	
42.500	       0.30364	      0.319647	
43.000	      0.304473	      0.319679	
43.500	      0.305211	       0.31971	
44.000	      0.305867	       0.31974	
44.500	      0.305867	       0.31974	
45.000	      0.306449	       0.31977	
45.500	      0.306966	      0.319798	
46.000	      0.306966	      0.319798	
46.500	      0.307425	      0.319825	
47.000	      0.307831	      0.319852	
47.500	      0.308191	      0.319877	
48.000	      0.308191	      0.319877	
48.500	      0.308509	      0.319902	
49.000	      0.308787	      0.319926	
49.500	      0.308787	      0.319926	
50.000	       0.30903	       0.31995	
50.500	      0.309241	      0.319972	
51.000	      0.309422	      0.319994	
51.500	      0.309422	      0.319994	
52.000	      0.309574	      0.320015	
52.500	      0.309701	      0.320036	
53.000	      0.309701	      0.320036	
53.500	      0.309803	      0.320056	
54.000	      0.309882	      0.320075	
54.500	      0.309939	      0.320094	
55.000	      0.309939	      0.320094	
55.500	      0.309976	      0.320112	
56.000	      0.309992	      0.320129	
56.500	      0.309992	      0.320129	
57.000	      0.309989	      0.320146	
57.500	      0.309968	      0.320163	
58.000	      0.309968	      0.320163	
58.500	      0.309928	      0.320179	
59.000	      0.309871	      0.320194	
59.500	      0.309796	      0.320209	
60.000	      0.309796	      0.320209	
60.500	      0.309703	      0.320224	
61.000	      0.309594	      0.320237	
61.500	      0.309594	      0.320237	
62.000	      0.309467	      0.320251	
62.500	      0.309323	      0.320264	
63.000	      0.309161	      0.320277	
63.500	      0.309161	      0.320277	
64.000	      0.308982	      0.320289	
64.500	      0.308784	        0.3203	
65.000	      0.308784	        0.3203	
65.500	      0.308568	      0.320312	
66.000	      0.308333	      0.320323	
66.500	      0.308078	      0.320333	
67.000	      0.308078	      0.320333	
67.500	      0.307803	      0.320343	
68.000	      0.307507	      0.320353	
68.500	      0.307507	      0.320353	
69.000	      0.307188	      0.320362	
69.500	      0.306847	      0.320371	
70.000	      0.306482	       0.32038	
70.500	      0.306482	       0.32038	
71.000	      0.306091	      0.320388	
71.500	      0.305673	      0.320396	
72.000	      0.305673	      0.320396	
72.500	      0.305227	      0.320404	
73.000	      0.304751	      0.320411	
73.500	      0.304244	      0.320418	
74.000	      0.304244	      0.320418	
74.500	      0.303702	      0.320425	
75.000	      0.303124	      0.320431	
75.500	      0.303124	      0.320431	
76.000	      0.302507	      0.320437	
76.500	      0.301849	      0.320443	
77.000	      0.301146	      0.320448	
77.500	      0.301146	      0.320448	
78.000	      0.300395	      0.320453	
78.500	      0.299592	      0.320458	
79.000	      0.299592	      0.320458	
79.500	      0.298733	      0.320462	
80.000	      0.297813	      0.320466	
80.500	      0.297813	      0.320466	
81.000	      0.296827	       0.32047	
81.500	      0.295769	      0.320474	
82.000	      0.294632	      0.320477	
82.500	      0.294632	      0.320477	
83.000	      0.293409	       0.32048	
83.500	      0.292092	      0.320483	
84.000	      0.292092	      0.320483	
84.500	      0.290671	      0.320485	
85.000	      0.289136	      0.320488	
85.500	      0.287475	       0.32049	
86.000	      0.287475	       0.32049	
86.500	      0.285673	      0.320491	
87.000	      0.283716	      0.320493	
87.500	      0.283716	      0.320493	
88.000	      0.281585	      0.320494	
88.500	       0.27926	      0.320495	
89.000	      0.276718	      0.320495	
89.500	      0.276718	      0.320495	
90.000	      0.273929	      0.320495	
90.500	      0.270864	      0.320496	
91.000	      0.270864	      0.320496	
91.500	      0.267483	      0.320495	
92.000	      0.263744	      0.320495	
92.500	      0.259593	      0.320494	
93.000	      0.259593	      0.320494	
93.500	       0.25497	      0.320493	
94.000	        0.2498	      0.320492	
94.500	        0.2498	      0.320492	
95.000	      0.243993	       0.32049	
95.500	      0.237442	      0.320489	
96.000	      0.230014	      0.320487	
96.500	      0.230014	      0.320487	
97.000	      0.221547	      0.320484	
97.500	      0.211838	      0.320482	
98.000	      0.211838	      0.320482	
98.500	      0.200633	      0.320479	
99.000	      0.187607	      0.320476	
99.500	      0.172345	      0.320473	
100.000	      0.172345	      0.320473	
100.500	      0.154306	      0.320469	
101.000	      0.132772	      0.320465	
101.500	      0.132772	      0.320465	
102.000	      0.106781	      0.320461	
102.500	     0.0750119	      0.320457	
103.000	     0.0750119	      0.320457	
103.500	     0.0356172	      0.320452	
104.000	     0.0140542	      0.320447	
104.500	     0.0779146	      0.320442	
105.000	     0.0779146	      0.320442	
105.500	      0.161934	      0.320437	
106.000	      0.275591	      0.320431	
106.500	      0.275591	      0.320431	
107.000	      0.434673	      0.320425	
107.500	      0.667097	      0.320419	
108.000	        1.0261	      0.320412	
108.500	        1.0261	      0.320412	
109.000	       1.62391	      0.320405	
109.500	       2.73238	      0.320398	
110.000	       2.73238	      0.320398	
110.500	       5.16333	      0.320391	
111.000	       12.3995	      0.320383	
111.500	       65.4716	      0.320375	
112.000	       65.4716	      0.320375	
112.500	       671.955	      0.320367	
113.000	       65.4716	      0.320358	
113.500	       65.4716	      0.320358	
114.000	       12.3995	       0.32035	
114.500	       5.16327	       0.32034	
115.000	        2.7323	      0.320331	
115.500	        2.7323	      0.320331	
116.000	       1.62381	      0.320321	
116.500	       1.02598	      0.320311	
117.000	       1.02598	      0.320311	
117.500	      0.666957	      0.320301	
118.000	      0.434513	       0.32029	
118.500	       0.27541	      0.320279	
119.000	       0.27541	      0.320279	
119.500	      0.161733	      0.320267	
120.000	     0.0776927	      0.320256	
120.500	     0.0776927	      0.320256	
121.000	     0.0138114	      0.320244	
121.500	      0.035881	      0.320231	
122.000	      0.075297	      0.320218	
122.500	      0.075297	      0.320218	
123.000	      0.107088	      0.320205	
123.500	        0.1331	      0.320192	
124.000	        0.1331	      0.320192	
124.500	      0.154656	      0.320178	
125.000	      0.172718	      0.320164	
125.500	      0.172718	      0.320164	
126.000	      0.188002	      0.320149	
126.500	      0.201051	      0.320134	
127.000	       0.21228	      0.320119	
127.500	       0.21228	      0.320119	
128.000	      0.222012	      0.320103	
128.500	      0.230503	      0.320087	
129.000	      0.230503	      0.320087	
129.500	      0.237955	       0.32007	
130.000	      0.244531	      0.320053	
130.500	      0.250363	      0.320036	
131.000	      0.250363	      0.320036	
131.500	      0.255559	      0.320018	
132.000	      0.260209	      0.319999	
132.500	      0.260209	      0.319999	
133.000	      0.264386	       0.31998	
133.500	      0.268153	      0.319961	
134.000	      0.271561	      0.319941	
134.500	      0.271561	      0.319941	
135.000	      0.274655	      0.319921	
135.500	      0.277473	        0.3199	
136.000	      0.277473	        0.3199	
136.500	      0.280045	      0.319879	
137.000	      0.282401	      0.319857	
137.500	      0.284563	      0.319835	
138.000	      0.284563	      0.319835	
138.500	      0.286552	      0.319812	
139.000	      0.288387	      0.319789	
139.500	      0.288387	      0.319789	
140.000	      0.290083	      0.319765	
140.500	      0.291653	       0.31974	
141.000	      0.293109	      0.319715	
141.500	      0.293109	      0.319715	
142.000	      0.294463	      0.319689	
142.500	      0.295724	      0.319663	
143.000	      0.295724	      0.319663	
143.500	        0.2969	      0.319636	
144.000	      0.297999	      0.319608	
144.500	      0.299027	       0.31958	
145.000	      0.299027	       0.31958	
145.500	       0.29999	      0.319551	
146.000	      0.300893	      0.319521	
146.500	      0.300893	      0.319521	
147.000	      0.301742	       0.31949	
147.500	      0.302541	      0.319459	
148.000	      0.302541	      0.319459	
148.500	      0.303293	      0.319427	
149.000	      0.304002	      0.319394	
149.500	      0.304672	      0.319361	
150.000	      0.304672	      0.319361	
150.500	      0.305305	      0.319326	
151.000	      0.305903	      0.319291	
151.500	      0.305903	      0.319291	
152.000	       0.30647	      0.319255	
152.500	      0.307008	      0.319218	
153.000	      0.307517	       0.31918	
153.500	      0.307517	       0.31918	
154.000	      0.308002	      0.319141	
154.500	      0.308462	      0.319101	
155.000	      0.308462	      0.319101	
155.500	        0.3089	      0.319061	
156.000	      0.309317	      0.319019	
156.500	      0.309714	      0.318976	
157.000	      0.309714	      0.318976	
157.500	      0.310092	      0.318932	
158.000	      0.310454	      0.318887	
158.500	      0.310454	      0.318887	
159.000	      0.310799	       0.31884	
159.500	      0.311129	      0.318793	
160.000	      0.311444	      0.318744	
160.500	      0.311444	      0.318744	
161.000	      0.311746	      0.318694	
161.500	      0.312035	      0.318643	
162.000	      0.312035	      0.318643	
162.500	      0.312311	       0.31859	
163.000	      0.312577	      0.318536	
163.500	      0.312831	      0.318481	
164.000	      0.312831	      0.318481	
164.500	      0.313076	      0.318424	
165.000	       0.31331	      0.318365	
165.500	       0.31331	      0.318365	
166.000	      0.313535	      0.318305	
166.500	      0.313752	      0.318243	
167.000	       0.31396	       0.31818	
167.500	       0.31396	       0.31818	
168.000	      0.314161	      0.318114	
168.500	      0.314354	      0.318047	
169.000	      0.314354	      0.318047	
169.500	      0.314539	      0.317979	
170.000	      0.314718	      0.317908	
170.500	      0.314718	      0.317908	
171.000	      0.314891	      0.317835	
171.500	      0.315057	       0.31776	
172.000	      0.315218	      0.317683	
172.500	      0.315218	      0.317683	
173.000	      0.315373	      0.317603	
173.500	      0.315522	      0.317521	
174.000	      0.315522	      0.317521	
174.500	      0.315667	      0.317437	
175.000	      0.315807	       0.31735	
175.500	      0.315942	      0.317261	
176.000	      0.315942	      0.317261	
176.500	      0.316072	      0.317169	
177.000	      0.316198	      0.317074	
177.500	      0.316198	      0.317074	
178.000	       0.31632	      0.316976	
178.500	      0.316439	      0.316875	
179.000	      0.316553	      0.316771	
179.500	      0.316553	      0.316771	
180.000	      0.316664	      0.316664	
