
TracePro Release: 3 2 0 
Polar Candela Distribution Data for 
Data covers +/- 180.000 degrees from Normal
Data for Missed Rays
Data generated at 09:47:23 June 30, 2025

	   0.0	 180.0
0.000	      0.235782	      0.235782	
0.500	      0.231667	      0.241085	
1.000	      0.231667	      0.241085	
1.500	      0.228413	      0.248071	
2.000	      0.225798	      0.257533	
2.500	      0.223671	      0.270786	
3.000	      0.223671	      0.270786	
3.500	       0.22192	      0.290159	
4.000	      0.220467	      0.320093	
4.500	      0.220467	      0.320093	
5.000	      0.219252	      0.369948	
5.500	      0.218232	        0.4624	
6.000	      0.217371	      0.665166	
6.500	      0.217371	      0.665166	
7.000	      0.216645	       1.26875	
7.500	      0.216034	       5.69568	
8.000	      0.216034	       5.69568	
8.500	      0.215521	       55.8156	
9.000	      0.215097	       5.69567	
9.500	      0.214751	       1.26874	
10.000	      0.214751	       1.26874	
10.500	      0.214477	      0.665141	
11.000	      0.214272	      0.462366	
11.500	      0.214272	      0.462366	
12.000	      0.214132	      0.369903	
12.500	      0.214057	      0.320038	
13.000	      0.214057	      0.320038	
13.500	      0.214048	      0.290092	
14.000	      0.214109	      0.270705	
14.500	      0.214245	      0.257436	
15.000	      0.214245	      0.257436	
15.500	      0.214465	      0.247957	
16.000	      0.214779	       0.24095	
16.500	      0.214779	       0.24095	
17.000	      0.215204	      0.235626	
17.500	      0.215761	      0.231485	
18.000	      0.216479	      0.228201	
18.500	      0.216479	      0.228201	
19.000	      0.217399	      0.225554	
19.500	      0.218574	      0.223389	
20.000	      0.218574	      0.223389	
20.500	      0.220085	      0.221596	
21.000	      0.222042	      0.220095	
21.500	      0.224613	      0.218826	
22.000	      0.224613	      0.218826	
22.500	      0.228052	      0.217743	
23.000	      0.232766	      0.216812	
23.500	      0.232766	      0.216812	
24.000	      0.239428	      0.216006	
24.500	      0.249234	      0.215304	
25.000	      0.264464	      0.214689	
25.500	      0.264464	      0.214689	
26.000	       0.28992	      0.214146	
26.500	      0.337244	      0.213666	
27.000	      0.337244	      0.213666	
27.500	      0.441193	      0.213239	
28.000	      0.750888	      0.212858	
28.500	       3.02313	      0.212516	
29.000	       3.02313	      0.212516	
29.500	       28.5512	      0.212209	
30.000	       3.02287	      0.211931	
30.500	       3.02287	      0.211931	
31.000	      0.750357	       0.21168	
31.500	      0.440395	      0.211451	
32.000	      0.336177	      0.211244	
32.500	      0.336177	      0.211244	
33.000	      0.288582	      0.211054	
33.500	      0.262851	      0.210881	
34.000	      0.262851	      0.210881	
34.500	      0.247343	      0.210722	
35.000	      0.237254	      0.210576	
35.500	      0.237254	      0.210576	
36.000	      0.230303	      0.210442	
36.500	      0.225296	      0.210318	
37.000	      0.221555	      0.210204	
37.500	      0.221555	      0.210204	
38.000	      0.218675	      0.210098	
38.500	      0.216399	          0.21	
39.000	      0.216399	          0.21	
39.500	      0.214561	       0.20991	
40.000	      0.213046	      0.209826	
40.500	      0.211775	      0.209748	
41.000	      0.211775	      0.209748	
41.500	      0.210692	      0.209675	
42.000	      0.209753	      0.209607	
42.500	      0.209753	      0.209607	
43.000	       0.20893	      0.209544	
43.500	      0.208197	      0.209486	
44.000	      0.207538	      0.209431	
44.500	      0.207538	      0.209431	
45.000	      0.206937	       0.20938	
45.500	      0.206384	      0.209333	
46.000	      0.206384	      0.209333	
46.500	       0.20587	      0.209288	
47.000	      0.205387	      0.209247	
47.500	      0.204929	      0.209209	
48.000	      0.204929	      0.209209	
48.500	      0.204491	      0.209173	
49.000	      0.204069	       0.20914	
49.500	      0.204069	       0.20914	
50.000	      0.203659	      0.209109	
50.500	      0.203259	      0.209081	
51.000	      0.202864	      0.209054	
51.500	      0.202864	      0.209054	
52.000	      0.202474	       0.20903	
52.500	      0.202085	      0.209007	
53.000	      0.202085	      0.209007	
53.500	      0.201696	      0.208987	
54.000	      0.201304	      0.208968	
54.500	      0.200909	      0.208952	
55.000	      0.200909	      0.208952	
55.500	      0.200508	      0.208937	
56.000	        0.2001	      0.208924	
56.500	        0.2001	      0.208924	
57.000	      0.199683	      0.208912	
57.500	      0.199255	      0.208903	
58.000	      0.199255	      0.208903	
58.500	      0.198816	      0.208895	
59.000	      0.198363	      0.208888	
59.500	      0.197894	      0.208884	
60.000	      0.197894	      0.208884	
60.500	      0.197409	      0.208882	
61.000	      0.196905	      0.208881	
61.500	      0.196905	      0.208881	
62.000	      0.196381	      0.208882	
62.500	      0.195834	      0.208886	
63.000	      0.195262	      0.208892	
63.500	      0.195262	      0.208892	
64.000	      0.194663	        0.2089	
64.500	      0.194035	      0.208911	
65.000	      0.194035	      0.208911	
65.500	      0.193375	      0.208924	
66.000	       0.19268	       0.20894	
66.500	      0.191947	       0.20896	
67.000	      0.191947	       0.20896	
67.500	      0.191173	      0.208983	
68.000	      0.190354	       0.20901	
68.500	      0.190354	       0.20901	
69.000	      0.189485	      0.209042	
69.500	      0.188562	      0.209079	
70.000	       0.18758	      0.209121	
70.500	       0.18758	      0.209121	
71.000	      0.186534	      0.209169	
71.500	      0.185416	      0.209226	
72.000	      0.185416	      0.209226	
72.500	      0.184221	       0.20929	
73.000	       0.18294	      0.209365	
73.500	      0.181565	      0.209451	
74.000	      0.181565	      0.209451	
74.500	      0.180085	       0.20955	
75.000	      0.178489	      0.209667	
75.500	      0.178489	      0.209667	
76.000	      0.176764	      0.209802	
76.500	      0.174896	      0.209962	
77.000	      0.172868	       0.21015	
77.500	      0.172868	       0.21015	
78.000	      0.170661	      0.210375	
78.500	      0.168252	      0.210645	
79.000	      0.168252	      0.210645	
79.500	      0.165615	      0.210974	
80.000	      0.162722	      0.211377	
80.500	      0.162722	      0.211377	
81.000	      0.159536	      0.211879	
81.500	      0.156017	      0.212515	
82.000	      0.152116	      0.213335	
82.500	      0.152116	      0.213335	
83.000	      0.147776	      0.214416	
83.500	      0.142927	      0.215882	
84.000	      0.142927	      0.215882	
84.500	      0.137486	      0.217937	
85.000	      0.131353	      0.220943	
85.500	      0.124404	      0.225591	
86.000	      0.124404	      0.225591	
86.500	      0.116488	      0.233337	
87.000	      0.107415	      0.247705	
87.500	      0.107415	      0.247705	
88.000	     0.0969481	      0.279226	
88.500	     0.0847865	      0.373068	
89.000	     0.0705425	       1.06139	
89.500	     0.0705425	       1.06139	
90.000	     0.0537112	       8.50277	
90.500	      0.033625	       1.06137	
91.000	      0.033625	       1.06137	
91.500	    0.00938644	      0.373036	
92.000	     0.0202347	      0.279177	
92.500	       0.05696	      0.247641	
93.000	       0.05696	      0.247641	
93.500	      0.103259	      0.233256	
94.000	      0.162778	      0.225495	
94.500	      0.162778	      0.225495	
95.000	      0.241079	      0.220831	
95.500	      0.346991	      0.217808	
96.000	      0.495227	      0.215737	
96.500	      0.495227	      0.215737	
97.000	      0.711793	      0.214254	
97.500	       1.04629	      0.213156	
98.000	       1.04629	      0.213156	
98.500	       1.60329	       0.21232	
99.000	       2.63606	      0.211667	
99.500	       4.90099	      0.211148	
100.000	       4.90099	      0.211148	
100.500	       11.6429	      0.210727	
101.000	       61.0901	      0.210382	
101.500	       61.0901	      0.210382	
102.000	       625.968	      0.210094	
102.500	       61.0901	      0.209851	
103.000	       61.0901	      0.209851	
103.500	       11.6429	      0.209645	
104.000	       4.90102	      0.209467	
104.500	       2.63611	      0.209313	
105.000	       2.63611	      0.209313	
105.500	       1.60334	      0.209178	
106.000	       1.04636	      0.209059	
106.500	       1.04636	      0.209059	
107.000	      0.711873	      0.208953	
107.500	      0.495317	      0.208859	
108.000	      0.347094	      0.208775	
108.500	      0.347094	      0.208775	
109.000	      0.241193	      0.208698	
109.500	      0.162904	      0.208629	
110.000	      0.162904	      0.208629	
110.500	      0.103397	      0.208565	
111.000	     0.0571101	      0.208507	
111.500	      0.020397	      0.208453	
112.000	      0.020397	      0.208453	
112.500	    0.00921172	      0.208403	
113.000	     0.0334378	      0.208357	
113.500	     0.0334378	      0.208357	
114.000	     0.0535111	      0.208314	
114.500	     0.0703294	      0.208273	
115.000	     0.0845603	      0.208235	
115.500	     0.0845603	      0.208235	
116.000	     0.0967085	      0.208199	
116.500	      0.107161	      0.208165	
117.000	      0.107161	      0.208165	
117.500	       0.11622	      0.208132	
118.000	      0.124123	      0.208101	
118.500	      0.131057	      0.208071	
119.000	      0.131057	      0.208071	
119.500	      0.137176	      0.208043	
120.000	      0.142601	      0.208015	
120.500	      0.142601	      0.208015	
121.000	      0.147434	      0.207989	
121.500	      0.151759	      0.207963	
122.000	      0.155643	      0.207938	
122.500	      0.155643	      0.207938	
123.000	      0.159145	      0.207914	
123.500	      0.162314	       0.20789	
124.000	      0.162314	       0.20789	
124.500	       0.16519	      0.207867	
125.000	      0.167808	      0.207844	
125.500	      0.167808	      0.207844	
126.000	      0.170198	      0.207821	
126.500	      0.172386	      0.207799	
127.000	      0.174394	      0.207778	
127.500	      0.174394	      0.207778	
128.000	      0.176241	      0.207756	
128.500	      0.177944	      0.207735	
129.000	      0.177944	      0.207735	
129.500	      0.179518	      0.207714	
130.000	      0.180975	      0.207693	
130.500	      0.182327	      0.207672	
131.000	      0.182327	      0.207672	
131.500	      0.183583	      0.207651	
132.000	      0.184752	      0.207631	
132.500	      0.184752	      0.207631	
133.000	      0.185842	       0.20761	
133.500	      0.186861	       0.20759	
134.000	      0.187813	      0.207569	
134.500	      0.187813	      0.207569	
135.000	      0.188705	      0.207548	
135.500	      0.189542	      0.207528	
136.000	      0.189542	      0.207528	
136.500	      0.190329	      0.207507	
137.000	      0.191068	      0.207486	
137.500	      0.191764	      0.207465	
138.000	      0.191764	      0.207465	
138.500	      0.192421	      0.207444	
139.000	       0.19304	      0.207423	
139.500	       0.19304	      0.207423	
140.000	      0.193625	      0.207401	
140.500	      0.194179	       0.20738	
141.000	      0.194703	      0.207358	
141.500	      0.194703	      0.207358	
142.000	        0.1952	      0.207336	
142.500	      0.195671	      0.207314	
143.000	      0.195671	      0.207314	
143.500	      0.196118	      0.207291	
144.000	      0.196544	      0.207269	
144.500	      0.196948	      0.207245	
145.000	      0.196948	      0.207245	
145.500	      0.197333	      0.207222	
146.000	      0.197699	      0.207199	
146.500	      0.197699	      0.207199	
147.000	      0.198049	      0.207175	
147.500	      0.198382	       0.20715	
148.000	      0.198382	       0.20715	
148.500	      0.198701	      0.207126	
149.000	      0.199005	      0.207101	
149.500	      0.199296	      0.207075	
150.000	      0.199296	      0.207075	
150.500	      0.199574	      0.207049	
151.000	      0.199841	      0.207023	
151.500	      0.199841	      0.207023	
152.000	      0.200096	      0.206996	
152.500	       0.20034	      0.206969	
153.000	      0.200575	      0.206942	
153.500	      0.200575	      0.206942	
154.000	        0.2008	      0.206914	
154.500	      0.201016	      0.206885	
155.000	      0.201016	      0.206885	
155.500	      0.201223	      0.206856	
156.000	      0.201423	      0.206826	
156.500	      0.201615	      0.206796	
157.000	      0.201615	      0.206796	
157.500	      0.201799	      0.206765	
158.000	      0.201977	      0.206734	
158.500	      0.201977	      0.206734	
159.000	      0.202148	      0.206702	
159.500	      0.202313	      0.206669	
160.000	      0.202472	      0.206636	
160.500	      0.202472	      0.206636	
161.000	      0.202625	      0.206602	
161.500	      0.202773	      0.206567	
162.000	      0.202773	      0.206567	
162.500	      0.202916	      0.206532	
163.000	      0.203054	      0.206496	
163.500	      0.203187	      0.206459	
164.000	      0.203187	      0.206459	
164.500	      0.203315	      0.206421	
165.000	       0.20344	      0.206383	
165.500	       0.20344	      0.206383	
166.000	       0.20356	      0.206343	
166.500	      0.203676	      0.206303	
167.000	      0.203789	      0.206262	
167.500	      0.203789	      0.206262	
168.000	      0.203898	       0.20622	
168.500	      0.204003	      0.206177	
169.000	      0.204003	      0.206177	
169.500	      0.204106	      0.206132	
170.000	      0.204205	      0.206087	
170.500	      0.204205	      0.206087	
171.000	      0.204301	      0.206041	
171.500	      0.204394	      0.205994	
172.000	      0.204484	      0.205945	
172.500	      0.204484	      0.205945	
173.000	      0.204572	      0.205895	
173.500	      0.204657	      0.205844	
174.000	      0.204657	      0.205844	
174.500	       0.20474	      0.205792	
175.000	       0.20482	      0.205739	
175.500	      0.204898	      0.205684	
176.000	      0.204898	      0.205684	
176.500	      0.204974	      0.205627	
177.000	      0.205048	       0.20557	
177.500	      0.205048	       0.20557	
178.000	      0.205119	       0.20551	
178.500	      0.205189	      0.205449	
179.000	      0.205257	      0.205387	
179.500	      0.205257	      0.205387	
180.000	      0.205323	      0.205323	
