
TracePro Release: 3 2 0 
Polar Candela Distribution Data for 
Data covers +/- 180.000 degrees from Normal
Data for Missed Rays
Data generated at 09:47:22 June 30, 2025

	   0.0	 180.0
0.000	     0.0660924	     0.0660924	
0.500	     0.0663586	     0.0658426	
1.000	     0.0663586	     0.0658426	
1.500	     0.0666424	     0.0656078	
2.000	     0.0669453	     0.0653869	
2.500	     0.0672691	      0.065179	
3.000	     0.0672691	      0.065179	
3.500	     0.0676155	      0.064983	
4.000	     0.0679866	     0.0647981	
4.500	     0.0679866	     0.0647981	
5.000	     0.0683848	     0.0646236	
5.500	     0.0688124	     0.0644587	
6.000	     0.0692723	     0.0643028	
6.500	     0.0692723	     0.0643028	
7.000	     0.0697678	     0.0641552	
7.500	     0.0703024	     0.0640155	
8.000	     0.0703024	     0.0640155	
8.500	       0.07088	      0.063883	
9.000	     0.0715053	     0.0637574	
9.500	     0.0721832	     0.0636382	
10.000	     0.0721832	     0.0636382	
10.500	     0.0729197	      0.063525	
11.000	     0.0737214	     0.0634174	
11.500	     0.0737214	     0.0634174	
12.000	     0.0745958	      0.063315	
12.500	     0.0755515	     0.0632177	
13.000	     0.0755515	     0.0632177	
13.500	     0.0765987	      0.063125	
14.000	     0.0777487	     0.0630366	
14.500	      0.079015	     0.0629525	
15.000	      0.079015	     0.0629525	
15.500	     0.0804133	     0.0628722	
16.000	     0.0819616	     0.0627955	
16.500	     0.0819616	     0.0627955	
17.000	     0.0836816	     0.0627224	
17.500	     0.0855987	     0.0626525	
18.000	      0.087743	     0.0625857	
18.500	      0.087743	     0.0625857	
19.000	     0.0901509	     0.0625218	
19.500	      0.092866	     0.0624607	
20.000	      0.092866	     0.0624607	
20.500	     0.0959411	     0.0624022	
21.000	     0.0994412	     0.0623462	
21.500	      0.103446	     0.0622926	
22.000	      0.103446	     0.0622926	
22.500	      0.108055	     0.0622411	
23.000	      0.113394	     0.0621918	
23.500	      0.113394	     0.0621918	
24.000	      0.119621	     0.0621445	
24.500	       0.12694	     0.0620991	
25.000	      0.135619	     0.0620555	
25.500	      0.135619	     0.0620555	
26.000	      0.146009	     0.0620136	
26.500	      0.158584	     0.0619734	
27.000	      0.158584	     0.0619734	
27.500	      0.173995	     0.0619347	
28.000	       0.19315	     0.0618975	
28.500	      0.217357	     0.0618618	
29.000	      0.217357	     0.0618618	
29.500	       0.24854	     0.0618273	
30.000	       0.28964	     0.0617942	
30.500	       0.28964	     0.0617942	
31.000	      0.345327	     0.0617622	
31.500	      0.423377	     0.0617315	
32.000	      0.537543	     0.0617018	
32.500	      0.537543	     0.0617018	
33.000	      0.714053	     0.0616732	
33.500	        1.0082	     0.0616457	
34.000	        1.0082	     0.0616457	
34.500	        1.5539	     0.0616191	
35.000	       2.75114	     0.0615934	
35.500	       2.75114	     0.0615934	
36.000	       6.31574	     0.0615686	
36.500	       32.4624	     0.0615447	
37.000	       330.847	     0.0615215	
37.500	       330.847	     0.0615215	
38.000	       32.4614	     0.0614992	
38.500	       6.31363	     0.0614776	
39.000	       6.31363	     0.0614776	
39.500	       2.74796	     0.0614567	
40.000	       1.54964	     0.0614365	
40.500	       1.00283	     0.0614169	
41.000	       1.00283	     0.0614169	
41.500	      0.707561	      0.061398	
42.000	      0.529892	     0.0613797	
42.500	      0.529892	     0.0613797	
43.000	      0.414529	     0.0613619	
43.500	      0.335237	     0.0613447	
44.000	      0.278259	      0.061328	
44.500	      0.278259	      0.061328	
45.000	      0.235807	     0.0613119	
45.500	      0.203205	     0.0612962	
46.000	      0.203205	     0.0612962	
46.500	      0.177502	      0.061281	
47.000	      0.156762	     0.0612662	
47.500	      0.139666	     0.0612519	
48.000	      0.139666	     0.0612519	
48.500	      0.125292	      0.061238	
49.000	      0.112974	     0.0612245	
49.500	      0.112974	     0.0612245	
50.000	       0.10222	     0.0612114	
50.500	     0.0926578	     0.0611986	
51.000	     0.0839963	     0.0611862	
51.500	     0.0839963	     0.0611862	
52.000	     0.0760039	     0.0611742	
52.500	     0.0684894	     0.0611625	
53.000	     0.0684894	     0.0611625	
53.500	     0.0612895	     0.0611511	
54.000	     0.0542596	       0.06114	
54.500	     0.0472659	     0.0611291	
55.000	     0.0472659	     0.0611291	
55.500	     0.0401785	     0.0611186	
56.000	      0.032866	     0.0611084	
56.500	      0.032866	     0.0611084	
57.000	     0.0251887	     0.0610984	
57.500	     0.0169922	     0.0610886	
58.000	     0.0169922	     0.0610886	
58.500	    0.00809935	     0.0610791	
59.000	    0.00169991	     0.0610698	
59.500	     0.0126613	     0.0610608	
60.000	     0.0126613	     0.0610608	
60.500	     0.0251044	      0.061052	
61.000	      0.039437	     0.0610434	
61.500	      0.039437	     0.0610434	
62.000	     0.0561912	     0.0610349	
62.500	     0.0760761	     0.0610267	
63.000	      0.100057	     0.0610187	
63.500	      0.100057	     0.0610187	
64.000	      0.129481	     0.0610108	
64.500	      0.166274	     0.0610032	
65.000	      0.166274	     0.0610032	
65.500	      0.213274	     0.0609956	
66.000	      0.274808	     0.0609883	
66.500	      0.357742	     0.0609811	
67.000	      0.357742	     0.0609811	
67.500	      0.473506	      0.060974	
68.000	      0.642309	     0.0609671	
68.500	      0.642309	     0.0609671	
69.000	      0.902686	     0.0609604	
69.500	       1.33586	     0.0609537	
70.000	        2.1386	     0.0609472	
70.500	        2.1386	     0.0609472	
71.000	       3.89845	     0.0609409	
71.500	       9.13605	     0.0609346	
72.000	       9.13605	     0.0609346	
72.500	       47.5474	     0.0609285	
73.000	       486.165	     0.0609224	
73.500	       47.5481	     0.0609165	
74.000	       47.5481	     0.0609165	
74.500	       9.13749	     0.0609107	
75.000	       3.90061	      0.060905	
75.500	       3.90061	      0.060905	
76.000	        2.1415	     0.0608993	
76.500	       1.33951	     0.0608938	
77.000	      0.907105	     0.0608883	
77.500	      0.907105	     0.0608883	
78.000	      0.647517	      0.060883	
78.500	      0.479529	     0.0608777	
79.000	      0.479529	     0.0608777	
79.500	       0.36461	     0.0608725	
80.000	      0.282556	     0.0608674	
80.500	      0.282556	     0.0608674	
81.000	      0.221942	     0.0608623	
81.500	      0.175908	     0.0608573	
82.000	      0.140133	     0.0608524	
82.500	      0.140133	     0.0608524	
83.000	      0.111788	     0.0608475	
83.500	     0.0889538	     0.0608427	
84.000	     0.0889538	     0.0608427	
84.500	     0.0702932	      0.060838	
85.000	     0.0548515	     0.0608333	
85.500	     0.0419317	     0.0608287	
86.000	     0.0419317	     0.0608287	
86.500	     0.0310156	     0.0608241	
87.000	     0.0217115	     0.0608196	
87.500	     0.0217115	     0.0608196	
88.000	     0.0137188	     0.0608151	
88.500	     0.0068036	     0.0608107	
89.000	   0.000781961	     0.0608063	
89.500	   0.000781961	     0.0608063	
90.000	    0.00449254	     0.0608019	
90.500	    0.00913757	     0.0607976	
91.000	    0.00913757	     0.0607976	
91.500	     0.0132486	     0.0607933	
92.000	     0.0169037	     0.0607891	
92.500	     0.0201672	     0.0607849	
93.000	     0.0201672	     0.0607849	
93.500	     0.0230925	     0.0607807	
94.000	     0.0257243	     0.0607765	
94.500	     0.0257243	     0.0607765	
95.000	     0.0281001	     0.0607724	
95.500	     0.0302517	     0.0607683	
96.000	     0.0322061	     0.0607642	
96.500	     0.0322061	     0.0607642	
97.000	     0.0339863	     0.0607602	
97.500	     0.0356122	     0.0607561	
98.000	     0.0356122	     0.0607561	
98.500	     0.0371008	     0.0607521	
99.000	      0.038467	     0.0607481	
99.500	     0.0397236	     0.0607441	
100.000	     0.0397236	     0.0607441	
100.500	     0.0408818	     0.0607401	
101.000	     0.0419515	     0.0607362	
101.500	     0.0419515	     0.0607362	
102.000	     0.0429413	     0.0607322	
102.500	     0.0438589	     0.0607283	
103.000	     0.0438589	     0.0607283	
103.500	      0.044711	     0.0607243	
104.000	     0.0455036	     0.0607204	
104.500	     0.0462419	     0.0607165	
105.000	     0.0462419	     0.0607165	
105.500	     0.0469308	     0.0607125	
106.000	     0.0475745	     0.0607086	
106.500	     0.0475745	     0.0607086	
107.000	     0.0481767	     0.0607047	
107.500	     0.0487409	     0.0607008	
108.000	     0.0492702	     0.0606968	
108.500	     0.0492702	     0.0606968	
109.000	     0.0497673	     0.0606929	
109.500	     0.0502347	      0.060689	
110.000	     0.0502347	      0.060689	
110.500	     0.0506747	      0.060685	
111.000	     0.0510894	     0.0606811	
111.500	     0.0514805	     0.0606771	
112.000	     0.0514805	     0.0606771	
112.500	     0.0518499	     0.0606731	
113.000	     0.0521991	     0.0606691	
113.500	     0.0521991	     0.0606691	
114.000	     0.0525294	     0.0606651	
114.500	     0.0528423	     0.0606611	
115.000	     0.0531388	     0.0606571	
115.500	     0.0531388	     0.0606571	
116.000	       0.05342	     0.0606531	
116.500	     0.0536871	      0.060649	
117.000	     0.0536871	      0.060649	
117.500	     0.0539408	     0.0606449	
118.000	     0.0541821	     0.0606408	
118.500	     0.0544117	     0.0606367	
119.000	     0.0544117	     0.0606367	
119.500	     0.0546303	     0.0606325	
120.000	     0.0548387	     0.0606284	
120.500	     0.0548387	     0.0606284	
121.000	     0.0550373	     0.0606242	
121.500	     0.0552269	     0.0606199	
122.000	      0.055408	     0.0606157	
122.500	      0.055408	     0.0606157	
123.000	     0.0555809	     0.0606114	
123.500	     0.0557463	     0.0606071	
124.000	     0.0557463	     0.0606071	
124.500	     0.0559045	     0.0606027	
125.000	     0.0560559	     0.0605984	
125.500	     0.0560559	     0.0605984	
126.000	     0.0562009	     0.0605939	
126.500	     0.0563399	     0.0605895	
127.000	     0.0564731	      0.060585	
127.500	     0.0564731	      0.060585	
128.000	     0.0566009	     0.0605805	
128.500	     0.0567235	     0.0605759	
129.000	     0.0567235	     0.0605759	
129.500	     0.0568413	     0.0605713	
130.000	     0.0569544	     0.0605666	
130.500	     0.0570631	     0.0605619	
131.000	     0.0570631	     0.0605619	
131.500	     0.0571677	     0.0605571	
132.000	     0.0572682	     0.0605523	
132.500	     0.0572682	     0.0605523	
133.000	      0.057365	     0.0605475	
133.500	     0.0574582	     0.0605426	
134.000	      0.057548	     0.0605376	
134.500	      0.057548	     0.0605376	
135.000	     0.0576345	     0.0605326	
135.500	     0.0577179	     0.0605275	
136.000	     0.0577179	     0.0605275	
136.500	     0.0577983	     0.0605224	
137.000	     0.0578759	     0.0605172	
137.500	     0.0579508	      0.060512	
138.000	     0.0579508	      0.060512	
138.500	     0.0580231	     0.0605067	
139.000	     0.0580929	     0.0605013	
139.500	     0.0580929	     0.0605013	
140.000	     0.0581604	     0.0604959	
140.500	     0.0582256	     0.0604903	
141.000	     0.0582887	     0.0604848	
141.500	     0.0582887	     0.0604848	
142.000	     0.0583497	     0.0604791	
142.500	     0.0584087	     0.0604734	
143.000	     0.0584087	     0.0604734	
143.500	     0.0584658	     0.0604676	
144.000	     0.0585211	     0.0604617	
144.500	     0.0585746	     0.0604557	
145.000	     0.0585746	     0.0604557	
145.500	     0.0586265	     0.0604497	
146.000	     0.0586767	     0.0604436	
146.500	     0.0586767	     0.0604436	
147.000	     0.0587254	     0.0604373	
147.500	     0.0587727	      0.060431	
148.000	     0.0587727	      0.060431	
148.500	     0.0588185	     0.0604246	
149.000	     0.0588629	     0.0604181	
149.500	      0.058906	     0.0604116	
150.000	      0.058906	     0.0604116	
150.500	     0.0589479	     0.0604049	
151.000	     0.0589885	     0.0603981	
151.500	     0.0589885	     0.0603981	
152.000	      0.059028	     0.0603912	
152.500	     0.0590663	     0.0603842	
153.000	     0.0591035	     0.0603771	
153.500	     0.0591035	     0.0603771	
154.000	     0.0591397	     0.0603699	
154.500	     0.0591749	     0.0603625	
155.000	     0.0591749	     0.0603625	
155.500	     0.0592091	     0.0603551	
156.000	     0.0592424	     0.0603475	
156.500	     0.0592748	     0.0603398	
157.000	     0.0592748	     0.0603398	
157.500	     0.0593063	      0.060332	
158.000	     0.0593369	      0.060324	
158.500	     0.0593369	      0.060324	
159.000	     0.0593668	     0.0603159	
159.500	     0.0593958	     0.0603077	
160.000	     0.0594241	     0.0602993	
160.500	     0.0594241	     0.0602993	
161.000	     0.0594517	     0.0602908	
161.500	     0.0594785	     0.0602822	
162.000	     0.0594785	     0.0602822	
162.500	     0.0595047	     0.0602734	
163.000	     0.0595302	     0.0602644	
163.500	     0.0595551	     0.0602553	
164.000	     0.0595551	     0.0602553	
164.500	     0.0595793	      0.060246	
165.000	      0.059603	     0.0602365	
165.500	      0.059603	     0.0602365	
166.000	     0.0596261	     0.0602269	
166.500	     0.0596486	     0.0602171	
167.000	     0.0596705	     0.0602071	
167.500	     0.0596705	     0.0602071	
168.000	      0.059692	     0.0601969	
168.500	     0.0597129	     0.0601865	
169.000	     0.0597129	     0.0601865	
169.500	     0.0597333	     0.0601759	
170.000	     0.0597533	     0.0601652	
170.500	     0.0597533	     0.0601652	
171.000	     0.0597728	     0.0601542	
171.500	     0.0597918	      0.060143	
172.000	     0.0598104	     0.0601316	
172.500	     0.0598104	     0.0601316	
173.000	     0.0598286	     0.0601199	
173.500	     0.0598464	     0.0601081	
174.000	     0.0598464	     0.0601081	
174.500	     0.0598637	      0.060096	
175.000	     0.0598807	     0.0600836	
175.500	     0.0598973	      0.060071	
176.000	     0.0598973	      0.060071	
176.500	     0.0599136	     0.0600582	
177.000	     0.0599295	      0.060045	
177.500	     0.0599295	      0.060045	
178.000	      0.059945	     0.0600316	
178.500	     0.0599602	     0.0600179	
179.000	     0.0599751	      0.060004	
179.500	     0.0599751	      0.060004	
180.000	     0.0599897	     0.0599897	
