
TracePro Release: 3 2 0 
Polar Candela Distribution Data for 
Data covers +/- 180.000 degrees from Normal
Data for Missed Rays
Data generated at 09:37:20 June 25, 2025

	   0.0	 180.0
0.000	      0.300763	      0.300763	
0.500	      0.300667	      0.300866	
1.000	      0.300667	      0.300866	
1.500	      0.300576	      0.300981	
2.000	      0.300486	      0.301117	
2.500	      0.300398	      0.301289	
3.000	      0.300398	      0.301289	
3.500	       0.30031	      0.301531	
4.000	      0.300221	      0.301927	
4.500	      0.300221	      0.301927	
5.000	      0.300132	       0.30272	
5.500	      0.300041	      0.304962	
6.000	      0.299948	       0.32104	
6.500	      0.299948	       0.32104	
7.000	      0.299854	     0.0984886	
7.500	      0.299758	      0.321151	
8.000	      0.299758	      0.321151	
8.500	      0.299659	      0.305184	
9.000	      0.299558	      0.303053	
9.500	      0.299454	      0.302373	
10.000	      0.299454	      0.302373	
10.500	      0.299347	      0.302093	
11.000	      0.299237	      0.301968	
11.500	      0.299237	      0.301968	
12.000	      0.299124	      0.301918	
12.500	      0.299008	      0.301911	
13.000	      0.299008	      0.301911	
13.500	      0.298888	      0.301935	
14.000	      0.298764	       0.30199	
14.500	      0.298637	       0.30209	
15.000	      0.298637	       0.30209	
15.500	      0.298505	      0.302274	
16.000	      0.298369	      0.302676	
16.500	      0.298369	      0.302676	
17.000	      0.298229	      0.303874	
17.500	      0.298084	      0.312762	
18.000	      0.297934	      0.188606	
18.500	      0.297934	      0.188606	
19.000	      0.297779	      0.312504	
19.500	      0.297618	       0.30318	
20.000	      0.297618	       0.30318	
20.500	      0.297452	      0.300809	
21.000	      0.297279	      0.292464	
21.500	        0.2971	      0.397614	
22.000	        0.2971	      0.397614	
22.500	      0.296915	      0.284033	
23.000	      0.296722	      0.392739	
23.500	      0.296722	      0.392739	
24.000	      0.296522	      0.292864	
24.500	      0.296314	      0.300753	
25.000	      0.296097	      0.302726	
25.500	      0.296097	      0.302726	
26.000	      0.295871	      0.309236	
26.500	      0.295636	      0.224524	
27.000	      0.295636	      0.224524	
27.500	      0.295391	      0.309434	
28.000	      0.295134	      0.303187	
28.500	      0.294866	      0.301721	
29.000	      0.294866	      0.301721	
29.500	      0.294584	      0.296245	
30.000	      0.294289	      0.369558	
30.500	      0.294289	      0.369558	
31.000	      0.293977	      0.296271	
31.500	      0.293648	      0.301745	
32.000	        0.2933	      0.303084	
32.500	        0.2933	      0.303084	
33.000	      0.292927	      0.307916	
33.500	      0.292528	      0.244075	
34.000	      0.292528	      0.244075	
34.500	      0.292094	      0.308004	
35.000	      0.291617	      0.303287	
35.500	      0.291617	      0.303287	
36.000	      0.291081	      0.302179	
36.500	      0.290459	      0.298086	
37.000	      0.289699	       0.35281	
37.500	      0.289699	       0.35281	
38.000	      0.288697	      0.298108	
38.500	      0.287196	      0.302202	
39.000	      0.287196	      0.302202	
39.500	      0.284434	      0.303218	
40.000	      0.277137	      0.306896	
40.500	       0.22672	        0.2585	
41.000	       0.22672	        0.2585	
41.500	      0.919719	      0.307047	
42.000	      0.225703	      0.303598	
42.500	      0.225703	      0.303598	
43.000	      0.275143	      0.303154	
43.500	      0.281563	       0.30302	
44.000	       0.28367	      0.302971	
44.500	       0.28367	      0.302971	
45.000	      0.285039	      0.302952	
45.500	      0.287339	      0.302948	
46.000	      0.287339	      0.302948	
46.500	      0.294699	      0.302951	
47.000	      0.351889	      0.302958	
47.500	      0.438514	      0.302967	
48.000	      0.438514	      0.302967	
48.500	      0.402864	      0.302978	
49.000	      0.529736	      0.302989	
49.500	      0.529736	      0.302989	
50.000	       1.08052	         0.303	
50.500	      0.137415	      0.303012	
51.000	        1.0096	      0.303024	
51.500	        1.0096	      0.303024	
52.000	      0.115104	      0.303036	
52.500	       1.01077	      0.303048	
53.000	       1.01077	      0.303048	
53.500	      0.108556	      0.303059	
54.000	       1.01866	      0.303071	
54.500	      0.114837	      0.303082	
55.000	      0.114837	      0.303082	
55.500	       1.09609	      0.303093	
56.000	       0.69481	      0.303104	
56.500	       0.69481	      0.303104	
57.000	       1.10798	      0.303115	
57.500	      0.127776	      0.303126	
58.000	      0.127776	      0.303126	
58.500	       1.13148	      0.303136	
59.000	      0.608527	      0.303146	
59.500	      0.462059	      0.303156	
60.000	      0.462059	      0.303156	
60.500	       1.37191	      0.303166	
61.000	      0.383965	      0.303175	
61.500	      0.383965	      0.303175	
62.000	      0.186507	      0.303185	
62.500	       1.05862	      0.303194	
63.000	      0.157927	      0.303203	
63.500	      0.157927	      0.303203	
64.000	      0.267212	      0.303211	
64.500	      0.697558	       0.30322	
65.000	      0.697558	       0.30322	
65.500	       1.08294	      0.303228	
66.000	     0.0518197	      0.303236	
66.500	       1.09089	      0.303243	
67.000	       1.09089	      0.303243	
67.500	       1.87557	      0.303251	
68.000	       3.66098	      0.303258	
68.500	       3.66098	      0.303258	
69.000	        2.3144	      0.303266	
69.500	       6.22331	      0.303273	
70.000	       2.97406	      0.303279	
70.500	       2.97406	      0.303279	
71.000	       1.21722	      0.303286	
71.500	        2.8257	      0.303292	
72.000	        2.8257	      0.303292	
72.500	       3.50825	      0.303298	
73.000	      0.412695	      0.303305	
73.500	       0.63701	       0.30331	
74.000	       0.63701	       0.30331	
74.500	      0.608832	      0.303316	
75.000	       4.08726	      0.303321	
75.500	       4.08726	      0.303321	
76.000	       3.25188	      0.303327	
76.500	       0.28499	      0.303332	
77.000	       2.69478	      0.303337	
77.500	       2.69478	      0.303337	
78.000	       1.46492	      0.303341	
78.500	       3.02032	      0.303346	
79.000	       3.02032	      0.303346	
79.500	       2.19592	       0.30335	
80.000	       7.96072	      0.303354	
80.500	       7.96072	      0.303354	
81.000	       10.5377	      0.303359	
81.500	       77.5686	      0.303362	
82.000	       767.147	      0.303366	
82.500	       767.147	      0.303366	
83.000	       74.7743	       0.30337	
83.500	       14.2099	      0.303373	
84.000	       14.2099	      0.303373	
84.500	       5.95422	      0.303376	
85.000	       3.18086	      0.303379	
85.500	       1.91619	      0.303382	
86.000	       1.91619	      0.303382	
86.500	       1.23407	      0.303385	
87.000	       0.82438	      0.303387	
87.500	       0.82438	      0.303387	
88.000	      0.559103	      0.303389	
88.500	      0.377503	      0.303392	
89.000	      0.247736	      0.303394	
89.500	      0.247736	      0.303394	
90.000	      0.151788	      0.303396	
90.500	     0.0788456	      0.303397	
91.000	     0.0788456	      0.303397	
91.500	     0.0220976	      0.303399	
92.000	     0.0229203	        0.3034	
92.500	     0.0592332	      0.303401	
93.000	     0.0592332	      0.303401	
93.500	       0.08895	      0.303402	
94.000	      0.113577	      0.303403	
94.500	      0.113577	      0.303403	
95.000	      0.134215	      0.303404	
95.500	      0.151681	      0.303405	
96.000	      0.166593	      0.303405	
96.500	      0.166593	      0.303405	
97.000	      0.179427	      0.303405	
97.500	      0.190551	      0.303406	
98.000	      0.190551	      0.303406	
98.500	      0.200257	      0.303406	
99.000	      0.208776	      0.303405	
99.500	      0.216293	      0.303405	
100.000	      0.216293	      0.303405	
100.500	      0.222961	      0.303404	
101.000	      0.228901	      0.303404	
101.500	      0.228901	      0.303404	
102.000	      0.234217	      0.303403	
102.500	      0.238994	      0.303402	
103.000	      0.238994	      0.303402	
103.500	        0.2433	      0.303401	
104.000	      0.247198	      0.303399	
104.500	      0.250735	      0.303398	
105.000	      0.250735	      0.303398	
105.500	      0.253957	      0.303396	
106.000	      0.256898	      0.303395	
106.500	      0.256898	      0.303395	
107.000	      0.259591	      0.303393	
107.500	      0.262064	       0.30339	
108.000	      0.264338	      0.303388	
108.500	      0.264338	      0.303388	
109.000	      0.266436	      0.303386	
109.500	      0.268374	      0.303383	
110.000	      0.268374	      0.303383	
110.500	      0.270169	       0.30338	
111.000	      0.271834	      0.303377	
111.500	      0.273382	      0.303374	
112.000	      0.273382	      0.303374	
112.500	      0.274823	      0.303371	
113.000	      0.276167	      0.303368	
113.500	      0.276167	      0.303368	
114.000	      0.277423	      0.303364	
114.500	      0.278597	       0.30336	
115.000	      0.279698	      0.303356	
115.500	      0.279698	      0.303356	
116.000	       0.28073	      0.303352	
116.500	        0.2817	      0.303348	
117.000	        0.2817	      0.303348	
117.500	      0.282613	      0.303343	
118.000	      0.283472	      0.303339	
118.500	      0.284282	      0.303334	
119.000	      0.284282	      0.303334	
119.500	      0.285047	      0.303329	
120.000	      0.285769	      0.303324	
120.500	      0.285769	      0.303324	
121.000	      0.286453	      0.303318	
121.500	        0.2871	      0.303313	
122.000	      0.287714	      0.303307	
122.500	      0.287714	      0.303307	
123.000	      0.288296	      0.303301	
123.500	      0.288849	      0.303295	
124.000	      0.288849	      0.303295	
124.500	      0.289374	      0.303289	
125.000	      0.289874	      0.303282	
125.500	      0.289874	      0.303282	
126.000	      0.290349	      0.303275	
126.500	      0.290803	      0.303268	
127.000	      0.291235	      0.303261	
127.500	      0.291235	      0.303261	
128.000	      0.291647	      0.303254	
128.500	      0.292041	      0.303246	
129.000	      0.292041	      0.303246	
129.500	      0.292417	      0.303239	
130.000	      0.292776	      0.303231	
130.500	       0.29312	      0.303223	
131.000	       0.29312	      0.303223	
131.500	       0.29345	      0.303214	
132.000	      0.293765	      0.303206	
132.500	      0.293765	      0.303206	
133.000	      0.294068	      0.303197	
133.500	      0.294358	      0.303188	
134.000	      0.294636	      0.303178	
134.500	      0.294636	      0.303178	
135.000	      0.294904	      0.303169	
135.500	      0.295161	      0.303159	
136.000	      0.295161	      0.303159	
136.500	      0.295407	      0.303149	
137.000	      0.295645	      0.303139	
137.500	      0.295873	      0.303129	
138.000	      0.295873	      0.303129	
138.500	      0.296093	      0.303118	
139.000	      0.296305	      0.303107	
139.500	      0.296305	      0.303107	
140.000	      0.296509	      0.303096	
140.500	      0.296705	      0.303084	
141.000	      0.296895	      0.303072	
141.500	      0.296895	      0.303072	
142.000	      0.297078	       0.30306	
142.500	      0.297254	      0.303048	
143.000	      0.297254	      0.303048	
143.500	      0.297425	      0.303035	
144.000	      0.297589	      0.303023	
144.500	      0.297748	      0.303009	
145.000	      0.297748	      0.303009	
145.500	      0.297902	      0.302996	
146.000	      0.298051	      0.302982	
146.500	      0.298051	      0.302982	
147.000	      0.298194	      0.302968	
147.500	      0.298333	      0.302954	
148.000	      0.298333	      0.302954	
148.500	      0.298468	      0.302939	
149.000	      0.298598	      0.302924	
149.500	      0.298725	      0.302909	
150.000	      0.298725	      0.302909	
150.500	      0.298847	      0.302893	
151.000	      0.298966	      0.302877	
151.500	      0.298966	      0.302877	
152.000	      0.299081	      0.302861	
152.500	      0.299192	      0.302844	
153.000	        0.2993	      0.302827	
153.500	        0.2993	      0.302827	
154.000	      0.299405	      0.302809	
154.500	      0.299507	      0.302792	
155.000	      0.299507	      0.302792	
155.500	      0.299606	      0.302773	
156.000	      0.299702	      0.302755	
156.500	      0.299795	      0.302736	
157.000	      0.299795	      0.302736	
157.500	      0.299886	      0.302716	
158.000	      0.299974	      0.302697	
158.500	      0.299974	      0.302697	
159.000	       0.30006	      0.302676	
159.500	      0.300143	      0.302656	
160.000	      0.300224	      0.302634	
160.500	      0.300224	      0.302634	
161.000	      0.300302	      0.302613	
161.500	      0.300379	      0.302591	
162.000	      0.300379	      0.302591	
162.500	      0.300454	      0.302568	
163.000	      0.300526	      0.302545	
163.500	      0.300597	      0.302522	
164.000	      0.300597	      0.302522	
164.500	      0.300666	      0.302498	
165.000	      0.300733	      0.302473	
165.500	      0.300733	      0.302473	
166.000	      0.300798	      0.302448	
166.500	      0.300861	      0.302422	
167.000	      0.300923	      0.302396	
167.500	      0.300923	      0.302396	
168.000	      0.300984	       0.30237	
168.500	      0.301043	      0.302342	
169.000	      0.301043	      0.302342	
169.500	        0.3011	      0.302314	
170.000	      0.301156	      0.302286	
170.500	      0.301156	      0.302286	
171.000	      0.301211	      0.302257	
171.500	      0.301264	      0.302227	
172.000	      0.301316	      0.302196	
172.500	      0.301316	      0.302196	
173.000	      0.301366	      0.302165	
173.500	      0.301416	      0.302133	
174.000	      0.301416	      0.302133	
174.500	      0.301464	      0.302101	
175.000	      0.301511	      0.302067	
175.500	      0.301557	      0.302033	
176.000	      0.301557	      0.302033	
176.500	      0.301602	      0.301998	
177.000	      0.301646	      0.301963	
177.500	      0.301646	      0.301963	
178.000	      0.301689	      0.301926	
178.500	      0.301731	      0.301889	
179.000	      0.301772	      0.301851	
179.500	      0.301772	      0.301851	
180.000	      0.301812	      0.301812	
