
TracePro Release: 3 2 0 
Polar Candela Distribution Data for 
Data covers +/- 180.000 degrees from Normal
Data for Missed Rays
Data generated at 09:37:19 June 25, 2025

	   0.0	 180.0
0.000	     0.0164515	     0.0164515	
0.500	      0.022285	      0.609638	
1.000	      0.022285	      0.609638	
1.500	     0.0229647	     0.0100719	
2.000	     0.0170585	      0.173645	
2.500	     0.0194873	       1.56003	
3.000	     0.0194873	       1.56003	
3.500	      0.449918	      0.851544	
4.000	     0.0512101	     0.0198026	
4.500	     0.0512101	     0.0198026	
5.000	      0.378926	     0.0458043	
5.500	      0.282368	     0.0705205	
6.000	      0.528021	       1.63406	
6.500	      0.528021	       1.63406	
7.000	       0.56583	      0.276512	
7.500	     0.0734669	       2.98767	
8.000	     0.0734669	       2.98767	
8.500	      0.263681	      0.122971	
9.000	       1.03343	      0.500562	
9.500	       0.76423	      0.880444	
10.000	       0.76423	      0.880444	
10.500	      0.219213	        1.2253	
11.000	       1.49249	     0.0904423	
11.500	       1.49249	     0.0904423	
12.000	      0.195932	       1.74871	
12.500	      0.329272	       2.72851	
13.000	      0.329272	       2.72851	
13.500	      0.557534	       22.0287	
14.000	       1.05176	       200.569	
14.500	      0.107149	       20.4333	
15.000	      0.107149	       20.4333	
15.500	     0.0119491	       2.63223	
16.000	      0.845191	       4.75404	
16.500	      0.845191	       4.75404	
17.000	       1.46657	       2.07973	
17.500	      0.171158	       1.71396	
18.000	      0.341378	        2.0497	
18.500	      0.341378	        2.0497	
19.000	     0.0504705	       2.76053	
19.500	     0.0202888	        1.0697	
20.000	     0.0202888	        1.0697	
20.500	       0.95085	      0.601938	
21.000	       2.28015	      0.226141	
21.500	      0.834413	      0.177283	
22.000	      0.834413	      0.177283	
22.500	       1.13223	      0.132726	
23.000	       1.17109	       0.11804	
23.500	       1.17109	       0.11804	
24.000	      0.751822	      0.110081	
24.500	      0.704853	      0.106596	
25.000	       1.03313	      0.107197	
25.500	       1.03313	      0.107197	
26.000	       2.17604	      0.112298	
26.500	      0.422547	      0.123126	
27.000	      0.422547	      0.123126	
27.500	       2.28746	      0.142172	
28.000	      0.763957	      0.174255	
28.500	      0.816521	      0.228426	
29.000	      0.816521	      0.228426	
29.500	      0.799213	      0.301755	
30.000	      0.760799	       1.13007	
30.500	      0.760799	       1.13007	
31.000	      0.161665	       1.24615	
31.500	       1.19547	        7.0092	
32.000	       1.80848	       70.7742	
32.500	       1.80848	       70.7742	
33.000	       1.02359	       6.99827	
33.500	       1.18419	       1.35367	
34.000	       1.18419	       1.35367	
34.500	       2.46853	       0.59427	
35.000	       1.41488	      0.338087	
35.500	       1.41488	      0.338087	
36.000	       1.74259	      0.221149	
36.500	       1.18744	      0.158442	
37.000	       1.70223	      0.122206	
37.500	       1.70223	      0.122206	
38.000	       2.73834	      0.104368	
38.500	       1.21116	      0.147254	
39.000	       1.21116	      0.147254	
39.500	         2.861	       0.80569	
40.000	       2.73214	      0.629082	
40.500	      0.683181	      0.190664	
41.000	      0.683181	      0.190664	
41.500	       2.44285	       0.37807	
42.000	       2.02231	      0.234719	
42.500	       2.02231	      0.234719	
43.000	      0.444811	      0.189312	
43.500	       2.98139	      0.416057	
44.000	       5.30134	      0.121128	
44.500	       5.30134	      0.121128	
45.000	       4.42006	    0.00885738	
45.500	       5.13363	      0.402556	
46.000	       5.13363	      0.402556	
46.500	       4.29559	      0.148026	
47.000	       2.38107	      0.191277	
47.500	       4.33784	     0.0566275	
48.000	       4.33784	     0.0566275	
48.500	       1.99045	     0.0834307	
49.000	       1.19319	     0.0746233	
49.500	       1.19319	     0.0746233	
50.000	       2.70052	     0.0505099	
50.500	       3.18207	       0.28364	
51.000	       4.96808	     0.0414558	
51.500	       4.96808	     0.0414558	
52.000	       2.21744	     0.0165244	
52.500	       1.36751	     0.0110127	
53.000	       1.36751	     0.0110127	
53.500	       3.11184	    0.00246783	
54.000	       1.02023	       0.16029	
54.500	      0.534167	    0.00432495	
55.000	      0.534167	    0.00432495	
55.500	    0.00748623	    0.00677367	
56.000	       1.95987	    0.00771403	
56.500	       1.95987	    0.00771403	
57.000	      0.112577	    0.00750632	
57.500	       1.41577	    0.00667871	
58.000	       1.41577	    0.00667871	
58.500	       1.62433	    0.00441441	
59.000	       1.87515	     0.0108734	
59.500	      0.700538	      0.198135	
60.000	      0.700538	      0.198135	
60.500	       3.73273	     0.0113088	
61.000	      0.800626	    0.00356428	
61.500	      0.800626	    0.00356428	
62.000	       29.8974	    0.00546895	
62.500	       284.929	    0.00607033	
63.000	       27.9006	    0.00641213	
63.500	       27.9006	    0.00641213	
64.000	        5.3499	    0.00689075	
64.500	       2.88545	    0.00829719	
65.000	       2.88545	    0.00829719	
65.500	       1.24124	     0.0190795	
66.000	        1.1127	      0.132309	
66.500	      0.180356	     0.0188408	
67.000	      0.180356	     0.0188408	
67.500	      0.580956	    0.00783096	
68.000	      0.565871	    0.00622462	
68.500	      0.565871	    0.00622462	
69.000	      0.931825	      0.005606	
69.500	       2.38481	    0.00526104	
70.000	       1.04326	    0.00502314	
70.500	       1.04326	    0.00502314	
71.000	    0.00864991	    0.00483603	
71.500	       0.68867	    0.00467567	
72.000	       0.68867	    0.00467567	
72.500	     0.0864738	    0.00452931	
73.000	      0.627816	    0.00438795	
73.500	     0.0440493	    0.00424212	
74.000	     0.0440493	    0.00424212	
74.500	      0.067119	    0.00407669	
75.000	     0.0824523	    0.00385852	
75.500	     0.0824523	    0.00385852	
76.000	      0.268195	    0.00349116	
76.500	   0.000180819	    0.00256276	
77.000	      0.311547	    0.00378031	
77.500	      0.311547	    0.00378031	
78.000	      0.774522	     0.0834161	
78.500	       1.96778	    0.00387104	
79.000	       1.96778	    0.00387104	
79.500	      0.855738	    0.00239639	
80.000	      0.169752	    0.00329201	
80.500	      0.169752	    0.00329201	
81.000	       1.24449	    0.00374717	
81.500	      0.101186	    0.00450394	
82.000	     0.0557749	    0.00954804	
82.500	     0.0557749	    0.00954804	
83.000	      0.677246	     0.0603753	
83.500	       1.47095	    0.00950856	
84.000	       1.47095	    0.00950856	
84.500	      0.528657	    0.00444432	
85.000	       4.75703	    0.00372196	
85.500	        25.832	    0.00345342	
86.000	        25.832	    0.00345342	
86.500	       3.58269	    0.00330956	
87.000	      0.460072	    0.00321405	
87.500	      0.460072	    0.00321405	
88.000	       2.59529	    0.00314149	
88.500	       0.60628	    0.00308149	
89.000	      0.751453	    0.00302914	
89.500	      0.751453	    0.00302914	
90.000	       3.56952	    0.00298189	
90.500	       8.17793	    0.00293831	
91.000	       8.17793	    0.00293831	
91.500	       5.08685	    0.00289751	
92.000	       5.00379	    0.00285895	
92.500	       2.75478	    0.00282224	
93.000	       2.75478	    0.00282224	
93.500	       1.89303	    0.00278714	
94.000	        2.2291	    0.00275345	
94.500	        2.2291	    0.00275345	
95.000	       1.27704	    0.00272102	
95.500	       1.40564	    0.00268975	
96.000	       1.35816	    0.00265954	
96.500	       1.35816	    0.00265954	
97.000	       1.01486	    0.00263032	
97.500	       1.10233	    0.00260202	
98.000	       1.10233	    0.00260202	
98.500	       3.51182	     0.0025746	
99.000	       1.10732	    0.00254799	
99.500	      0.363394	    0.00252217	
100.000	      0.363394	    0.00252217	
100.500	      0.252459	    0.00249708	
101.000	      0.105269	    0.00247271	
101.500	      0.105269	    0.00247271	
102.000	     0.0540992	      0.002449	
102.500	    0.00102917	    0.00242594	
103.000	    0.00102917	    0.00242594	
103.500	   0.000655123	     0.0024035	
104.000	   0.000238754	    0.00238164	
104.500	   0.000139371	    0.00236036	
105.000	   0.000139371	    0.00236036	
105.500	    0.00041258	    0.00233961	
106.000	   0.000601594	    0.00231939	
106.500	   0.000601594	    0.00231939	
107.000	   0.000729019	    0.00229967	
107.500	   0.000811819	    0.00228044	
108.000	   0.000862057	    0.00226166	
108.500	   0.000862057	    0.00226166	
109.000	   0.000888291	    0.00224334	
109.500	    0.00089666	    0.00222545	
110.000	    0.00089666	    0.00222545	
110.500	   0.000891632	    0.00220797	
111.000	   0.000876507	    0.00219089	
111.500	   0.000853753	     0.0021742	
112.000	   0.000853753	     0.0021742	
112.500	    0.00082524	    0.00215787	
113.000	   0.000792401	    0.00214191	
113.500	   0.000792401	    0.00214191	
114.000	   0.000756341	    0.00212629	
114.500	   0.000717924	    0.00211101	
115.000	   0.000677825	    0.00209605	
115.500	   0.000677825	    0.00209605	
116.000	   0.000636577	     0.0020814	
116.500	   0.000594603	    0.00206705	
117.000	   0.000594603	    0.00206705	
117.500	   0.000552236	    0.00205299	
118.000	   0.000509745	    0.00203921	
118.500	    0.00046734	     0.0020257	
119.000	    0.00046734	     0.0020257	
119.500	    0.00042519	    0.00201245	
120.000	   0.000383428	    0.00199945	
120.500	   0.000383428	    0.00199945	
121.000	    0.00034216	    0.00198669	
121.500	   0.000301467	    0.00197417	
122.000	   0.000261414	    0.00196188	
122.500	   0.000261414	    0.00196188	
123.000	   0.000222048	    0.00194981	
123.500	   0.000183405	    0.00193795	
124.000	   0.000183405	    0.00193795	
124.500	   0.000145512	    0.00192629	
125.000	   0.000108386	    0.00191484	
125.500	   0.000108386	    0.00191484	
126.000	  7.20372e-005	    0.00190357	
126.500	  3.64709e-005	    0.00189249	
127.000	  1.68742e-006	    0.00188159	
127.500	  1.68742e-006	    0.00188159	
128.000	  3.23163e-005	    0.00187085	
128.500	  6.55466e-005	    0.00186029	
129.000	  6.55466e-005	    0.00186029	
129.500	  9.80123e-005	    0.00184988	
130.000	   0.000129724	    0.00183963	
130.500	   0.000160694	    0.00182953	
131.000	   0.000160694	    0.00182953	
131.500	   0.000190936	    0.00181958	
132.000	   0.000220464	    0.00180976	
132.500	   0.000220464	    0.00180976	
133.000	   0.000249293	    0.00180008	
133.500	    0.00027744	    0.00179052	
134.000	   0.000304919	    0.00178109	
134.500	   0.000304919	    0.00178109	
135.000	   0.000331748	    0.00177178	
135.500	   0.000357943	    0.00176259	
136.000	   0.000357943	    0.00176259	
136.500	    0.00038352	     0.0017535	
137.000	   0.000408496	    0.00174453	
137.500	   0.000432887	    0.00173565	
138.000	   0.000432887	    0.00173565	
138.500	   0.000456708	    0.00172688	
139.000	   0.000479976	     0.0017182	
139.500	   0.000479976	     0.0017182	
140.000	   0.000502706	    0.00170961	
140.500	   0.000524914	     0.0017011	
141.000	   0.000546615	    0.00169269	
141.500	   0.000546615	    0.00169269	
142.000	   0.000567822	    0.00168435	
142.500	   0.000588551	    0.00167608	
143.000	   0.000588551	    0.00167608	
143.500	   0.000608816	    0.00166789	
144.000	    0.00062863	    0.00165977	
144.500	   0.000648006	    0.00165172	
145.000	   0.000648006	    0.00165172	
145.500	   0.000666959	    0.00164372	
146.000	   0.000685499	    0.00163579	
146.500	   0.000685499	    0.00163579	
147.000	    0.00070364	    0.00162791	
147.500	   0.000721393	    0.00162009	
148.000	   0.000721393	    0.00162009	
148.500	   0.000738771	    0.00161232	
149.000	   0.000755784	    0.00160459	
149.500	   0.000772443	    0.00159691	
150.000	   0.000772443	    0.00159691	
150.500	   0.000788759	    0.00158927	
151.000	   0.000804743	    0.00158166	
151.500	   0.000804743	    0.00158166	
152.000	   0.000820405	    0.00157409	
152.500	   0.000835753	    0.00156656	
153.000	   0.000850799	    0.00155905	
153.500	   0.000850799	    0.00155905	
154.000	    0.00086555	    0.00155158	
154.500	   0.000880017	    0.00154412	
155.000	   0.000880017	    0.00154412	
155.500	   0.000894207	    0.00153669	
156.000	   0.000908129	    0.00152927	
156.500	   0.000921791	    0.00152188	
157.000	   0.000921791	    0.00152188	
157.500	   0.000935201	    0.00151449	
158.000	   0.000948367	    0.00150712	
158.500	   0.000948367	    0.00150712	
159.000	   0.000961297	    0.00149975	
159.500	   0.000973997	    0.00149239	
160.000	   0.000986476	    0.00148503	
160.500	   0.000986476	    0.00148503	
161.000	   0.000998738	    0.00147767	
161.500	    0.00101079	    0.00147031	
162.000	    0.00101079	    0.00147031	
162.500	    0.00102264	    0.00146294	
163.000	     0.0010343	    0.00145557	
163.500	    0.00104577	    0.00144818	
164.000	    0.00104577	    0.00144818	
164.500	    0.00105705	    0.00144079	
165.000	    0.00106815	    0.00143337	
165.500	    0.00106815	    0.00143337	
166.000	    0.00107909	    0.00142594	
166.500	    0.00108985	    0.00141848	
167.000	    0.00110046	    0.00141101	
167.500	    0.00110046	    0.00141101	
168.000	     0.0011109	     0.0014035	
168.500	     0.0011212	    0.00139597	
169.000	     0.0011212	    0.00139597	
169.500	    0.00113135	     0.0013884	
170.000	    0.00114136	     0.0013808	
170.500	    0.00114136	     0.0013808	
171.000	    0.00115123	    0.00137316	
171.500	    0.00116097	    0.00136548	
172.000	    0.00117059	    0.00135776	
172.500	    0.00117059	    0.00135776	
173.000	    0.00118008	    0.00134999	
173.500	    0.00118945	    0.00134218	
174.000	    0.00118945	    0.00134218	
174.500	     0.0011987	    0.00133431	
175.000	    0.00120785	    0.00132638	
175.500	    0.00121689	     0.0013184	
176.000	    0.00121689	     0.0013184	
176.500	    0.00122583	    0.00131035	
177.000	    0.00123466	    0.00130224	
177.500	    0.00123466	    0.00130224	
178.000	    0.00124341	    0.00129407	
178.500	    0.00125206	    0.00128582	
179.000	    0.00126062	     0.0012775	
179.500	    0.00126062	     0.0012775	
180.000	     0.0012691	     0.0012691	
