
TracePro Release: 3 2 0 
Polar Candela Distribution Data for 
Data covers +/- 180.000 degrees from Normal
Data for Missed Rays
Data generated at 09:45:55 June 30, 2025

	   0.0	 180.0
0.000	      0.131618	      0.131618	
0.500	       0.13109	      0.132118	
1.000	       0.13109	      0.132118	
1.500	       0.13053	      0.132591	
2.000	      0.129937	       0.13304	
2.500	      0.129307	      0.133465	
3.000	      0.129307	      0.133465	
3.500	      0.128639	      0.133868	
4.000	      0.127928	      0.134252	
4.500	      0.127928	      0.134252	
5.000	      0.127171	      0.134616	
5.500	      0.126363	      0.134963	
6.000	      0.125501	      0.135293	
6.500	      0.125501	      0.135293	
7.000	      0.124579	      0.135608	
7.500	      0.123592	      0.135908	
8.000	      0.123592	      0.135908	
8.500	      0.122533	      0.136195	
9.000	      0.121395	      0.136469	
9.500	       0.12017	       0.13673	
10.000	       0.12017	       0.13673	
10.500	       0.11885	       0.13698	
11.000	      0.117423	       0.13722	
11.500	      0.117423	       0.13722	
12.000	      0.115879	      0.137449	
12.500	      0.114204	      0.137669	
13.000	      0.114204	      0.137669	
13.500	      0.112382	       0.13788	
14.000	      0.110397	      0.138082	
14.500	      0.108228	      0.138276	
15.000	      0.108228	      0.138276	
15.500	      0.105852	      0.138462	
16.000	      0.103242	      0.138641	
16.500	      0.103242	      0.138641	
17.000	      0.100365	      0.138813	
17.500	     0.0971854	      0.138978	
18.000	     0.0936577	      0.139137	
18.500	     0.0936577	      0.139137	
19.000	     0.0897299	      0.139291	
19.500	     0.0853392	      0.139438	
20.000	     0.0853392	      0.139438	
20.500	       0.08041	      0.139581	
21.000	     0.0748505	      0.139718	
21.500	     0.0685487	       0.13985	
22.000	     0.0685487	       0.13985	
22.500	     0.0613666	      0.139978	
23.000	     0.0531323	      0.140101	
23.500	     0.0531323	      0.140101	
24.000	     0.0436301	       0.14022	
24.500	     0.0325856	      0.140335	
25.000	     0.0196466	      0.140446	
25.500	     0.0196466	      0.140446	
26.000	    0.00435374	      0.140553	
26.500	     0.0139003	      0.140657	
27.000	     0.0139003	      0.140657	
27.500	     0.0359321	      0.140757	
28.000	     0.0628608	      0.140855	
28.500	     0.0962526	      0.140949	
29.000	     0.0962526	      0.140949	
29.500	      0.138355	       0.14104	
30.000	      0.192483	      0.141128	
30.500	      0.192483	      0.141128	
31.000	      0.263699	      0.141214	
31.500	      0.360035	      0.141297	
32.000	      0.494876	      0.141377	
32.500	      0.494876	      0.141377	
33.000	      0.691883	      0.141455	
33.500	      0.996183	      0.141531	
34.000	      0.996183	      0.141531	
34.500	        1.5029	      0.141604	
35.000	       2.44247	      0.141675	
35.500	       2.44247	      0.141675	
36.000	       4.50303	      0.141745	
36.500	       10.6367	      0.141812	
37.000	       55.6226	      0.141877	
37.500	       55.6226	      0.141877	
38.000	       569.447	      0.141941	
38.500	       55.6225	      0.142003	
39.000	       55.6225	      0.142003	
39.500	       10.6366	      0.142063	
40.000	       4.50292	      0.142121	
40.500	       2.44233	      0.142178	
41.000	       2.44233	      0.142178	
41.500	       1.50273	      0.142233	
42.000	      0.995972	      0.142287	
42.500	      0.995972	      0.142287	
43.000	      0.691636	       0.14234	
43.500	      0.494593	      0.142391	
44.000	      0.359716	       0.14244	
44.500	      0.359716	       0.14244	
45.000	      0.263343	      0.142489	
45.500	      0.192091	      0.142536	
46.000	      0.192091	      0.142536	
46.500	      0.137925	      0.142582	
47.000	     0.0957856	      0.142627	
47.500	     0.0623558	      0.142671	
48.000	     0.0623558	      0.142671	
48.500	     0.0353887	      0.142713	
49.000	     0.0133179	      0.142755	
49.500	     0.0133179	      0.142755	
50.000	    0.00497563	      0.142796	
50.500	     0.0203086	      0.142835	
51.000	     0.0332883	      0.142874	
51.500	     0.0332883	      0.142874	
52.000	     0.0443742	      0.142912	
52.500	     0.0539186	      0.142949	
53.000	     0.0539186	      0.142949	
53.500	     0.0621958	      0.142985	
54.000	     0.0694217	       0.14302	
54.500	      0.075768	      0.143054	
55.000	      0.075768	      0.143054	
55.500	      0.081373	      0.143088	
56.000	     0.0863488	      0.143121	
56.500	     0.0863488	      0.143121	
57.000	     0.0907871	      0.143153	
57.500	     0.0947636	      0.143184	
58.000	     0.0947636	      0.143184	
58.500	     0.0983411	      0.143215	
59.000	      0.101572	      0.143245	
59.500	      0.104501	      0.143274	
60.000	      0.104501	      0.143274	
60.500	      0.107165	      0.143303	
61.000	      0.109597	      0.143331	
61.500	      0.109597	      0.143331	
62.000	      0.111822	      0.143359	
62.500	      0.113866	      0.143386	
63.000	      0.115747	      0.143412	
63.500	      0.115747	      0.143412	
64.000	      0.117485	      0.143438	
64.500	      0.119093	      0.143464	
65.000	      0.119093	      0.143464	
65.500	      0.120586	      0.143488	
66.000	      0.121974	      0.143513	
66.500	       0.12327	      0.143537	
67.000	       0.12327	      0.143537	
67.500	       0.12448	       0.14356	
68.000	      0.125615	      0.143583	
68.500	      0.125615	      0.143583	
69.000	      0.126681	      0.143605	
69.500	      0.127684	      0.143627	
70.000	       0.12863	      0.143649	
70.500	       0.12863	      0.143649	
71.000	      0.129525	       0.14367	
71.500	      0.130373	      0.143691	
72.000	      0.130373	      0.143691	
72.500	      0.131179	      0.143711	
73.000	      0.131946	      0.143731	
73.500	      0.132678	      0.143751	
74.000	      0.132678	      0.143751	
74.500	      0.133378	       0.14377	
75.000	       0.13405	      0.143789	
75.500	       0.13405	      0.143789	
76.000	      0.134695	      0.143808	
76.500	      0.135317	      0.143826	
77.000	      0.135918	      0.143844	
77.500	      0.135918	      0.143844	
78.000	      0.136501	      0.143862	
78.500	      0.137066	      0.143879	
79.000	      0.137066	      0.143879	
79.500	      0.137617	      0.143896	
80.000	      0.138156	      0.143913	
80.500	      0.138156	      0.143913	
81.000	      0.138683	       0.14393	
81.500	      0.139202	      0.143946	
82.000	      0.139714	      0.143962	
82.500	      0.139714	      0.143962	
83.000	      0.140219	      0.143977	
83.500	      0.140722	      0.143993	
84.000	      0.140722	      0.143993	
84.500	      0.141222	      0.144008	
85.000	      0.141722	      0.144023	
85.500	      0.142223	      0.144038	
86.000	      0.142223	      0.144038	
86.500	      0.142728	      0.144052	
87.000	      0.143239	      0.144066	
87.500	      0.143239	      0.144066	
88.000	      0.143756	       0.14408	
88.500	      0.144284	      0.144094	
89.000	      0.144823	      0.144108	
89.500	      0.144823	      0.144108	
90.000	      0.145376	      0.144121	
90.500	      0.145947	      0.144135	
91.000	      0.145947	      0.144135	
91.500	      0.146537	      0.144148	
92.000	      0.147151	       0.14416	
92.500	      0.147791	      0.144173	
93.000	      0.147791	      0.144173	
93.500	      0.148461	      0.144186	
94.000	      0.149167	      0.144198	
94.500	      0.149167	      0.144198	
95.000	      0.149912	       0.14421	
95.500	      0.150704	      0.144222	
96.000	      0.151547	      0.144234	
96.500	      0.151547	      0.144234	
97.000	      0.152449	      0.144246	
97.500	      0.153419	      0.144257	
98.000	      0.153419	      0.144257	
98.500	      0.154466	      0.144269	
99.000	      0.155603	       0.14428	
99.500	      0.156841	      0.144291	
100.000	      0.156841	      0.144291	
100.500	      0.158197	      0.144302	
101.000	      0.159689	      0.144313	
101.500	      0.159689	      0.144313	
102.000	       0.16134	      0.144324	
102.500	      0.163176	      0.144335	
103.000	      0.163176	      0.144335	
103.500	       0.16523	      0.144345	
104.000	       0.16754	      0.144356	
104.500	      0.170155	      0.144366	
105.000	      0.170155	      0.144366	
105.500	      0.173136	      0.144376	
106.000	      0.176559	      0.144387	
106.500	      0.176559	      0.144387	
107.000	      0.180519	      0.144397	
107.500	       0.18514	      0.144407	
108.000	      0.190583	      0.144417	
108.500	      0.190583	      0.144417	
109.000	      0.197062	      0.144426	
109.500	      0.204861	      0.144436	
110.000	      0.204861	      0.144436	
110.500	      0.214373	      0.144446	
111.000	      0.226148	      0.144455	
111.500	      0.240972	      0.144465	
112.000	      0.240972	      0.144465	
112.500	      0.260006	      0.144474	
113.000	      0.285025	      0.144484	
113.500	      0.285025	      0.144484	
114.000	      0.318841	      0.144493	
114.500	      0.366144	      0.144502	
115.000	      0.435222	      0.144511	
115.500	      0.435222	      0.144511	
116.000	      0.541884	      0.144521	
116.500	      0.719452	       0.14453	
117.000	      0.719452	       0.14453	
117.500	       1.04865	      0.144539	
118.000	       1.77053	      0.144548	
118.500	       3.91921	      0.144557	
119.000	       3.91921	      0.144557	
119.500	       19.6779	      0.144566	
120.000	       199.285	      0.144575	
120.500	       199.285	      0.144575	
121.000	        19.678	      0.144584	
121.500	       3.91941	      0.144593	
122.000	       1.77083	      0.144602	
122.500	       1.77083	      0.144602	
123.000	       1.04905	       0.14461	
123.500	      0.719954	      0.144619	
124.000	      0.719954	      0.144619	
124.500	      0.542488	      0.144628	
125.000	      0.435927	      0.144637	
125.500	      0.435927	      0.144637	
126.000	      0.366952	      0.144646	
126.500	      0.319752	      0.144655	
127.000	       0.28604	      0.144664	
127.500	       0.28604	      0.144664	
128.000	      0.261126	      0.144673	
128.500	      0.242198	      0.144681	
129.000	      0.242198	      0.144681	
129.500	      0.227481	       0.14469	
130.000	      0.215815	      0.144699	
130.500	      0.206412	      0.144708	
131.000	      0.206412	      0.144708	
131.500	      0.198724	      0.144717	
132.000	      0.192359	      0.144726	
132.500	      0.192359	      0.144726	
133.000	       0.18703	      0.144735	
133.500	      0.182525	      0.144745	
134.000	      0.178683	      0.144754	
134.500	      0.178683	      0.144754	
135.000	      0.175381	      0.144763	
135.500	      0.172522	      0.144772	
136.000	      0.172522	      0.144772	
136.500	      0.170032	      0.144782	
137.000	      0.167849	      0.144791	
137.500	      0.165925	      0.144801	
138.000	      0.165925	      0.144801	
138.500	      0.164222	       0.14481	
139.000	      0.162707	       0.14482	
139.500	      0.162707	       0.14482	
140.000	      0.161354	       0.14483	
140.500	       0.16014	       0.14484	
141.000	      0.159048	       0.14485	
141.500	      0.159048	       0.14485	
142.000	      0.158061	       0.14486	
142.500	      0.157167	       0.14487	
143.000	      0.157167	       0.14487	
143.500	      0.156355	      0.144881	
144.000	      0.155615	      0.144891	
144.500	      0.154939	      0.144902	
145.000	      0.154939	      0.144902	
145.500	       0.15432	      0.144913	
146.000	      0.153751	      0.144924	
146.500	      0.153751	      0.144924	
147.000	      0.153228	      0.144935	
147.500	      0.152746	      0.144946	
148.000	      0.152746	      0.144946	
148.500	      0.152301	      0.144957	
149.000	      0.151889	      0.144969	
149.500	      0.151507	      0.144981	
150.000	      0.151507	      0.144981	
150.500	      0.151152	      0.144993	
151.000	      0.150822	      0.145005	
151.500	      0.150822	      0.145005	
152.000	      0.150515	      0.145018	
152.500	      0.150228	      0.145031	
153.000	       0.14996	      0.145044	
153.500	       0.14996	      0.145044	
154.000	      0.149709	      0.145057	
154.500	      0.149474	       0.14507	
155.000	      0.149474	       0.14507	
155.500	      0.149254	      0.145084	
156.000	      0.149047	      0.145098	
156.500	      0.148853	      0.145113	
157.000	      0.148853	      0.145113	
157.500	       0.14867	      0.145127	
158.000	      0.148497	      0.145142	
158.500	      0.148497	      0.145142	
159.000	      0.148335	      0.145158	
159.500	      0.148181	      0.145174	
160.000	      0.148036	       0.14519	
160.500	      0.148036	       0.14519	
161.000	      0.147899	      0.145206	
161.500	      0.147769	      0.145223	
162.000	      0.147769	      0.145223	
162.500	      0.147646	      0.145241	
163.000	       0.14753	      0.145259	
163.500	      0.147419	      0.145277	
164.000	      0.147419	      0.145277	
164.500	      0.147314	      0.145296	
165.000	      0.147214	      0.145315	
165.500	      0.147214	      0.145315	
166.000	      0.147119	      0.145335	
166.500	      0.147028	      0.145356	
167.000	      0.146942	      0.145377	
167.500	      0.146942	      0.145377	
168.000	       0.14686	      0.145399	
168.500	      0.146782	      0.145421	
169.000	      0.146782	      0.145421	
169.500	      0.146707	      0.145444	
170.000	      0.146635	      0.145468	
170.500	      0.146635	      0.145468	
171.000	      0.146567	      0.145493	
171.500	      0.146502	      0.145518	
172.000	      0.146439	      0.145544	
172.500	      0.146439	      0.145544	
173.000	      0.146379	      0.145571	
173.500	      0.146322	      0.145599	
174.000	      0.146322	      0.145599	
174.500	      0.146267	      0.145628	
175.000	      0.146215	      0.145658	
175.500	      0.146164	      0.145689	
176.000	      0.146164	      0.145689	
176.500	      0.146116	      0.145721	
177.000	      0.146069	      0.145754	
177.500	      0.146069	      0.145754	
178.000	      0.146024	      0.145789	
178.500	      0.145981	      0.145824	
179.000	       0.14594	      0.145861	
179.500	       0.14594	      0.145861	
180.000	        0.1459	        0.1459	
