
TracePro Release: 3 2 0 
Polar Candela Distribution Data for 
Data covers +/- 180.000 degrees from Normal
Data for Missed Rays
Data generated at 09:37:31 June 25, 2025

	   0.0	 180.0
0.000	      0.719044	      0.719044	
0.500	      0.052127	     0.0108845	
1.000	      0.052127	     0.0108845	
1.500	      0.104655	      0.715839	
2.000	      0.113498	     0.0229919	
2.500	      0.117211	      0.715212	
3.000	      0.117211	      0.715212	
3.500	      0.119338	      0.116846	
4.000	      0.120787	       1.91399	
4.500	      0.120787	       1.91399	
5.000	      0.121897	      0.786133	
5.500	       0.12283	      0.859012	
6.000	      0.123685	      0.894477	
6.500	      0.123685	      0.894477	
7.000	      0.124544	       1.50878	
7.500	      0.125512	      0.126619	
8.000	      0.125512	      0.126619	
8.500	      0.126789	       1.66438	
9.000	      0.129014	       1.51706	
9.500	      0.137972	       0.20643	
10.000	      0.137972	       0.20643	
10.500	     0.0471447	      0.050929	
11.000	      0.168693	      0.793937	
11.500	      0.168693	      0.793937	
12.000	      0.156735	     0.0294544	
12.500	      0.213797	     0.0724025	
13.000	      0.213797	     0.0724025	
13.500	      0.512536	      0.138599	
14.000	      0.921599	       1.75627	
14.500	       1.21026	       1.77589	
15.000	       1.21026	       1.77589	
15.500	       1.00453	       3.05506	
16.000	       1.32214	      0.284884	
16.500	       1.32214	      0.284884	
17.000	        1.0091	       1.64243	
17.500	       1.19988	       1.55206	
18.000	       1.76256	       1.79239	
18.500	       1.76256	       1.79239	
19.000	      0.692855	       2.12957	
19.500	      0.469145	       1.34562	
20.000	      0.469145	       1.34562	
20.500	    0.00579274	       4.19605	
21.000	       1.10818	       1.32485	
21.500	       2.11658	       2.40719	
22.000	       2.11658	       2.40719	
22.500	      0.329645	       3.22447	
23.000	       0.14097	       2.37492	
23.500	       0.14097	       2.37492	
24.000	       1.94629	      0.919652	
24.500	       2.42131	       1.77102	
25.000	         2.631	       2.91526	
25.500	         2.631	       2.91526	
26.000	       1.50423	       2.88809	
26.500	      0.472824	       1.75181	
27.000	      0.472824	       1.75181	
27.500	       2.06357	        2.1185	
28.000	      0.484288	      0.633495	
28.500	       1.41459	       14.1921	
29.000	       1.41459	       14.1921	
29.500	       1.05086	       143.652	
30.000	      0.875701	        14.089	
30.500	      0.875701	        14.089	
31.000	         2.458	       2.54654	
31.500	       1.85104	       1.13284	
32.000	       3.30375	      0.484411	
32.500	       3.30375	      0.484411	
33.000	      0.857878	      0.464044	
33.500	      0.149491	      0.181872	
34.000	      0.149491	      0.181872	
34.500	      0.122222	      0.119641	
35.000	      0.123837	      0.076123	
35.500	      0.123837	      0.076123	
36.000	      0.124963	     0.0484693	
36.500	      0.125374	     0.0316814	
37.000	     0.0269772	     0.0229587	
37.500	     0.0269772	     0.0229587	
38.000	       1.03042	     0.0209391	
38.500	       1.35915	     0.0252795	
39.000	       1.35915	     0.0252795	
39.500	      0.931322	     0.0365506	
40.000	      0.010203	     0.0564132	
40.500	      0.250665	     0.0881809	
41.000	      0.250665	     0.0881809	
41.500	       1.41779	      0.138127	
42.000	       1.76163	      0.218551	
42.500	       1.76163	      0.218551	
43.000	      0.762895	      0.355658	
43.500	      0.197715	      0.613191	
44.000	     0.0524956	       1.18176	
44.500	     0.0524956	       1.18176	
45.000	      0.140759	       2.87942	
45.500	      0.132447	       15.3447	
46.000	      0.132447	       15.3447	
46.500	        0.1307	       157.887	
47.000	      0.124255	        15.341	
47.500	      0.237149	       2.87189	
48.000	      0.237149	       2.87189	
48.500	      0.144034	       1.16967	
49.000	      0.270994	      0.594858	
49.500	      0.270994	      0.594858	
50.000	       1.50133	      0.325241	
50.500	       1.15838	      0.122318	
51.000	      0.635735	      0.896666	
51.500	      0.635735	      0.896666	
52.000	       1.10893	     0.0173546	
52.500	       13.2914	    0.00718047	
53.000	       13.2914	    0.00718047	
53.500	       22.6097	      0.014589	
54.000	       16.8241	       0.14385	
54.500	       18.4679	      0.758929	
55.000	       18.4679	      0.758929	
55.500	        10.673	      0.294735	
56.000	       9.01857	     0.0948054	
56.500	       9.01857	     0.0948054	
57.000	       7.79882	     0.0574192	
57.500	       10.8843	      0.091572	
58.000	       10.8843	      0.091572	
58.500	       12.4803	     0.0863418	
59.000	       11.6462	      0.089299	
59.500	       8.90007	     0.0924853	
60.000	       8.90007	     0.0924853	
60.500	        13.847	     0.0952667	
61.000	       11.7233	     0.0973943	
61.500	       11.7233	     0.0973943	
62.000	       8.30731	     0.0981109	
62.500	        11.017	     0.0884228	
63.000	       6.68186	       0.25116	
63.500	       6.68186	       0.25116	
64.000	       7.71559	     0.0879671	
64.500	       6.36037	      0.148604	
65.000	       6.36037	      0.148604	
65.500	       7.98812	      0.103799	
66.000	       8.38585	      0.108801	
66.500	       7.33814	      0.110353	
67.000	       7.33814	      0.110353	
67.500	       6.84359	      0.111208	
68.000	       6.52083	      0.111401	
68.500	       6.52083	      0.111401	
69.000	       8.08712	      0.109906	
69.500	       6.34846	     0.0936774	
70.000	       4.08142	      0.329257	
70.500	       4.08142	      0.329257	
71.000	       4.67138	     0.0946816	
71.500	       4.29412	      0.111843	
72.000	       4.29412	      0.111843	
72.500	       2.96844	      0.114013	
73.000	       1.31175	      0.113378	
73.500	       1.56682	      0.100305	
74.000	       1.56682	      0.100305	
74.500	       2.64401	      0.295592	
75.000	       1.69497	      0.103292	
75.500	       1.69497	      0.103292	
76.000	       1.06768	      0.129945	
76.500	      0.689672	     0.0416037	
77.000	       1.52749	      0.132567	
77.500	       1.52749	      0.132567	
78.000	      0.674283	      0.120256	
78.500	       0.88064	      0.118475	
79.000	       0.88064	      0.118475	
79.500	      0.618366	      0.117604	
80.000	       1.09719	      0.116784	
80.500	       1.09719	      0.116784	
81.000	       2.33771	      0.115663	
81.500	       3.18679	      0.113531	
82.000	       3.24997	      0.103162	
82.500	       3.24997	      0.103162	
83.000	       3.14355	      0.229672	
83.500	       2.21146	     0.0993563	
84.000	       2.21146	     0.0993563	
84.500	       2.29296	      0.104923	
85.000	      0.922421	     0.0946247	
85.500	       1.76595	      0.199026	
86.000	       1.76595	      0.199026	
86.500	       2.23071	     0.0756553	
87.000	        0.8627	      0.181996	
87.500	        0.8627	      0.181996	
88.000	      0.108914	     0.0472857	
88.500	      0.183085	      0.125022	
89.000	      0.960916	     0.0618794	
89.500	      0.960916	     0.0618794	
90.000	       2.48687	      0.189315	
90.500	       1.04457	         1.936	
91.000	       1.04457	         1.936	
91.500	       1.70876	       21.0807	
92.000	       2.46981	       1.92782	
92.500	       1.08272	      0.271332	
93.000	       1.08272	      0.271332	
93.500	      0.974595	     0.0452446	
94.000	       2.15526	      0.030822	
94.500	       2.15526	      0.030822	
95.000	       1.42252	     0.0655793	
95.500	       0.98957	     0.0843762	
96.000	       0.12854	     0.0957041	
96.500	       0.12854	     0.0957041	
97.000	       2.67097	       0.10307	
97.500	       2.06323	      0.108138	
98.000	       2.06323	      0.108138	
98.500	      0.480727	      0.111781	
99.000	      0.129368	      0.114492	
99.500	       2.03205	       0.11657	
100.000	       2.03205	       0.11657	
100.500	       3.58424	        0.1182	
101.000	       1.24838	      0.119506	
101.500	       1.24838	      0.119506	
102.000	      0.504577	       0.12057	
102.500	       1.87567	      0.121451	
103.000	       1.87567	      0.121451	
103.500	       1.91434	      0.122189	
104.000	       2.93059	      0.122816	
104.500	        1.5873	      0.123353	
105.000	        1.5873	      0.123353	
105.500	       2.21255	      0.123819	
106.000	       1.18974	      0.124225	
106.500	       1.18974	      0.124225	
107.000	      0.499357	      0.124583	
107.500	        1.3308	        0.1249	
108.000	       2.63927	      0.125182	
108.500	       2.63927	      0.125182	
109.000	       1.03956	      0.125436	
109.500	       1.69585	      0.125664	
110.000	       1.69585	      0.125664	
110.500	      0.309961	      0.125872	
111.000	       3.30719	       0.12606	
111.500	       1.01697	      0.126233	
112.000	       1.01697	      0.126233	
112.500	       1.09447	      0.126391	
113.000	       1.51414	      0.126537	
113.500	       1.51414	      0.126537	
114.000	      0.351743	      0.126672	
114.500	      0.756176	      0.126797	
115.000	       1.24102	      0.126913	
115.500	       1.24102	      0.126913	
116.000	       2.33158	      0.127021	
116.500	       1.30805	      0.127122	
117.000	       1.30805	      0.127122	
117.500	       1.45119	      0.127217	
118.000	      0.433601	      0.127306	
118.500	       1.47836	      0.127389	
119.000	       1.47836	      0.127389	
119.500	       1.09758	      0.127468	
120.000	     0.0340218	      0.127543	
120.500	     0.0340218	      0.127543	
121.000	       2.08373	      0.127613	
121.500	       4.76015	       0.12768	
122.000	       2.41053	      0.127743	
122.500	       2.41053	      0.127743	
123.000	       3.14992	      0.127803	
123.500	       1.29178	       0.12786	
124.000	       1.29178	       0.12786	
124.500	      0.382202	      0.127915	
125.000	      0.315526	      0.127966	
125.500	      0.315526	      0.127966	
126.000	      0.952885	      0.128016	
126.500	      0.358339	      0.128063	
127.000	      0.908577	      0.128108	
127.500	      0.908577	      0.128108	
128.000	      0.268303	      0.128152	
128.500	     0.0591572	      0.128193	
129.000	     0.0591572	      0.128193	
129.500	      0.398199	      0.128233	
130.000	      0.239723	      0.128271	
130.500	      0.351277	      0.128308	
131.000	      0.351277	      0.128308	
131.500	     0.0206632	      0.128343	
132.000	      0.186547	      0.128377	
132.500	      0.186547	      0.128377	
133.000	       0.26192	      0.128409	
133.500	      0.190692	       0.12844	
134.000	      0.104999	      0.128471	
134.500	      0.104999	      0.128471	
135.000	      0.411995	        0.1285	
135.500	      0.425911	      0.128527	
136.000	      0.425911	      0.128527	
136.500	      0.563335	      0.128554	
137.000	    0.00922285	       0.12858	
137.500	      0.129268	      0.128606	
138.000	      0.129268	      0.128606	
138.500	      0.119877	       0.12863	
139.000	      0.234348	      0.128653	
139.500	      0.234348	      0.128653	
140.000	      0.376307	      0.128676	
140.500	      0.518682	      0.128697	
141.000	     0.0246471	      0.128718	
141.500	     0.0246471	      0.128718	
142.000	      0.763932	      0.128739	
142.500	      0.359995	      0.128758	
143.000	      0.359995	      0.128758	
143.500	      0.325181	      0.128777	
144.000	      0.273899	      0.128796	
144.500	    0.00765123	      0.128813	
145.000	    0.00765123	      0.128813	
145.500	       1.63464	       0.12883	
146.000	       15.3018	      0.128847	
146.500	       15.3018	      0.128847	
147.000	       1.34897	      0.128863	
147.500	      0.154883	      0.128878	
148.000	      0.154883	      0.128878	
148.500	    0.00738551	      0.128893	
149.000	     0.0617873	      0.128907	
149.500	     0.0865545	      0.128921	
150.000	     0.0865545	      0.128921	
150.500	     0.0998927	      0.128934	
151.000	      0.107891	      0.128947	
151.500	      0.107891	      0.128947	
152.000	      0.113062	      0.128959	
152.500	      0.116595	      0.128971	
153.000	      0.119115	      0.128983	
153.500	      0.119115	      0.128983	
154.000	      0.120973	      0.128994	
154.500	      0.122382	      0.129004	
155.000	      0.122382	      0.129004	
155.500	      0.123476	      0.129014	
156.000	      0.124341	      0.129024	
156.500	      0.125036	      0.129033	
157.000	      0.125036	      0.129033	
157.500	      0.125603	      0.129042	
158.000	      0.126071	       0.12905	
158.500	      0.126071	       0.12905	
159.000	      0.126461	      0.129058	
159.500	       0.12679	      0.129065	
160.000	       0.12707	      0.129072	
160.500	       0.12707	      0.129072	
161.000	      0.127309	      0.129079	
161.500	      0.127515	      0.129085	
162.000	      0.127515	      0.129085	
162.500	      0.127694	      0.129091	
163.000	       0.12785	      0.129096	
163.500	      0.127987	      0.129101	
164.000	      0.127987	      0.129101	
164.500	      0.128108	      0.129105	
165.000	      0.128214	      0.129109	
165.500	      0.128214	      0.129109	
166.000	      0.128309	      0.129113	
166.500	      0.128393	      0.129116	
167.000	      0.128468	      0.129118	
167.500	      0.128468	      0.129118	
168.000	      0.128536	       0.12912	
168.500	      0.128596	      0.129122	
169.000	      0.128596	      0.129122	
169.500	      0.128651	      0.129123	
170.000	        0.1287	      0.129123	
170.500	        0.1287	      0.129123	
171.000	      0.128744	      0.129123	
171.500	      0.128784	      0.129122	
172.000	      0.128821	      0.129121	
172.500	      0.128821	      0.129121	
173.000	      0.128854	      0.129119	
173.500	      0.128884	      0.129116	
174.000	      0.128884	      0.129116	
174.500	      0.128911	      0.129113	
175.000	      0.128935	      0.129108	
175.500	      0.128958	      0.129103	
176.000	      0.128958	      0.129103	
176.500	      0.128978	      0.129098	
177.000	      0.128996	      0.129091	
177.500	      0.128996	      0.129091	
178.000	      0.129013	      0.129083	
178.500	      0.129028	      0.129075	
179.000	      0.129042	      0.129065	
179.500	      0.129042	      0.129065	
180.000	      0.129054	      0.129054	
