
TracePro Release: 3 2 0 
Polar Candela Distribution Data for 
Data covers +/- 180.000 degrees from Normal
Data for Missed Rays
Data generated at 09:37:33 June 25, 2025

	   0.0	 180.0
0.000	     0.0510625	     0.0510625	
0.500	    0.00986041	      0.826686	
1.000	    0.00986041	      0.826686	
1.500	       0.18199	      0.509215	
2.000	      0.658695	      0.074624	
2.500	      0.299239	      0.578442	
3.000	      0.299239	      0.578442	
3.500	      0.880037	       1.12001	
4.000	       1.25645	      0.698349	
4.500	       1.25645	      0.698349	
5.000	       1.30366	      0.592442	
5.500	       3.51716	      0.114641	
6.000	       3.37753	      0.623575	
6.500	       3.37753	      0.623575	
7.000	       1.79886	      0.470115	
7.500	        4.8761	      0.308057	
8.000	        4.8761	      0.308057	
8.500	       5.75946	      0.236029	
9.000	       5.54569	     0.0896066	
9.500	       5.79077	       2.24401	
10.000	       5.79077	       2.24401	
10.500	       6.56888	       23.1865	
11.000	       8.81402	        4.1584	
11.500	       8.81402	        4.1584	
12.000	       11.4195	      0.881212	
12.500	       7.15998	      0.978111	
13.000	       7.15998	      0.978111	
13.500	       8.36777	      0.616085	
14.000	       8.19964	        1.3932	
14.500	       8.29544	       1.71002	
15.000	       8.29544	       1.71002	
15.500	       9.40308	       4.73411	
16.000	       18.3204	        1.7828	
16.500	       18.3204	        1.7828	
17.000	       16.5001	       1.00953	
17.500	       16.7799	        0.1081	
18.000	       19.1098	     0.0137881	
18.500	       19.1098	     0.0137881	
19.000	       23.4577	      0.652383	
19.500	       15.5744	      0.204414	
20.000	       15.5744	      0.204414	
20.500	       24.4683	     0.0308701	
21.000	        17.123	     0.0221262	
21.500	       15.9571	     0.0249172	
22.000	       15.9571	     0.0249172	
22.500	       20.9763	      0.221403	
23.000	       20.9341	       1.36055	
23.500	       20.9341	       1.36055	
24.000	       17.4143	       1.51887	
24.500	       20.2236	      0.920913	
25.000	       16.1731	      0.111683	
25.500	       16.1731	      0.111683	
26.000	        10.443	       1.66751	
26.500	       4.72387	       3.82348	
27.000	       4.72387	       3.82348	
27.500	       1.87112	       3.55404	
28.000	       3.36737	        4.2671	
28.500	       4.58678	       4.33164	
29.000	       4.58678	       4.33164	
29.500	       2.93319	       1.34619	
30.000	       5.44878	       3.06766	
30.500	       5.44878	       3.06766	
31.000	       5.16972	        35.685	
31.500	       5.25895	       47.9582	
32.000	       4.24826	       13.4326	
32.500	       4.24826	       13.4326	
33.000	       3.78823	      0.417155	
33.500	        2.6096	     0.0930554	
34.000	        2.6096	     0.0930554	
34.500	        9.4068	    0.00858766	
35.000	       4.74917	     0.0111804	
35.500	       4.74917	     0.0111804	
36.000	       4.67265	     0.0170682	
36.500	       1.02708	     0.0218751	
37.000	       2.22167	       0.03053	
37.500	       2.22167	       0.03053	
38.000	       1.55683	     0.0475844	
38.500	       1.73383	     0.0344289	
39.000	       1.73383	     0.0344289	
39.500	       2.78151	     0.0269736	
40.000	       1.76324	      0.110189	
40.500	       1.75334	     0.0976507	
41.000	       1.75334	     0.0976507	
41.500	        3.0126	     0.0895391	
42.000	       1.40262	      0.461815	
42.500	       1.40262	      0.461815	
43.000	      0.437968	      0.143486	
43.500	       3.05631	     0.0414209	
44.000	       2.90932	     0.0465456	
44.500	       2.90932	     0.0465456	
45.000	       1.73602	     0.0583797	
45.500	       1.60216	      0.237652	
46.000	       1.60216	      0.237652	
46.500	      0.429859	       1.48005	
47.000	       0.92501	      0.238838	
47.500	       1.91593	     0.0687818	
48.000	       1.91593	     0.0687818	
48.500	       1.36864	     0.0642767	
49.000	       2.83291	     0.0248942	
49.500	       2.83291	     0.0248942	
50.000	       1.53237	       0.94639	
50.500	       2.15057	      0.642148	
51.000	       2.45779	       1.36298	
51.500	       2.45779	       1.36298	
52.000	       1.83977	       14.5756	
52.500	       2.97933	       11.3995	
53.000	       2.97933	       11.3995	
53.500	       1.14767	        9.8867	
54.000	       2.13003	       8.06468	
54.500	      0.454374	       5.03171	
55.000	      0.454374	       5.03171	
55.500	       2.86822	       5.61476	
56.000	        1.0947	       6.20713	
56.500	        1.0947	       6.20713	
57.000	      0.884926	       5.25283	
57.500	       1.52481	       4.51635	
58.000	       1.52481	       4.51635	
58.500	       1.15576	       4.31086	
59.000	      0.208127	       2.77545	
59.500	      0.657044	       2.98629	
60.000	      0.657044	       2.98629	
60.500	      0.203181	       2.26817	
61.000	        0.9666	       2.35346	
61.500	        0.9666	       2.35346	
62.000	      0.870488	       1.63693	
62.500	       1.47867	      0.614878	
63.000	      0.229681	      0.156403	
63.500	      0.229681	      0.156403	
64.000	       1.05938	      0.129706	
64.500	      0.358222	     0.0219782	
65.000	      0.358222	     0.0219782	
65.500	       1.67511	     0.0281446	
66.000	       1.03203	     0.0288416	
66.500	       1.56366	     0.0290435	
67.000	       1.56366	     0.0290435	
67.500	       1.68282	     0.0291148	
68.000	       1.66396	      0.029135	
68.500	       1.66396	      0.029135	
69.000	      0.818987	     0.0291302	
69.500	       1.48937	     0.0291114	
70.000	       1.71181	     0.0290838	
70.500	       1.71181	     0.0290838	
71.000	        2.8893	       0.02905	
71.500	        0.2606	     0.0290111	
72.000	        0.2606	     0.0290111	
72.500	      0.978049	     0.0289676	
73.000	       2.61659	     0.0289193	
73.500	       0.84294	     0.0288655	
74.000	       0.84294	     0.0288655	
74.500	     0.0182029	      0.028805	
75.000	      0.104166	     0.0287363	
75.500	      0.104166	     0.0287363	
76.000	       0.73726	     0.0286571	
76.500	      0.105202	     0.0285639	
77.000	     0.0456337	     0.0284524	
77.500	     0.0456337	     0.0284524	
78.000	     0.0395001	     0.0283158	
78.500	     0.0422997	     0.0281445	
79.000	     0.0422997	     0.0281445	
79.500	     0.0827162	     0.0279235	
80.000	      0.658894	      0.027629	
80.500	      0.658894	      0.027629	
81.000	       1.45795	     0.0272209	
81.500	       1.44856	     0.0266276	
82.000	      0.368897	     0.0257089	
82.500	      0.368897	     0.0257089	
83.000	        2.2658	     0.0241604	
83.500	      0.316431	     0.0212107	
84.000	      0.316431	     0.0212107	
84.500	   0.000910648	     0.0144012	
85.000	      0.863623	    0.00785724	
85.500	      0.938931	      0.204243	
86.000	      0.938931	      0.204243	
86.500	       1.70816	       3.16133	
87.000	       1.00048	       4.11258	
87.500	       1.00048	       4.11258	
88.000	      0.465138	       4.31689	
88.500	      0.963725	       3.77226	
89.000	       2.40001	       2.67622	
89.500	       2.40001	       2.67622	
90.000	      0.983455	      0.311523	
90.500	      0.991122	     0.0109042	
91.000	      0.991122	     0.0109042	
91.500	       1.55051	     0.0114261	
92.000	      0.300684	     0.0928971	
92.500	       1.55365	    0.00333457	
93.000	       1.55365	    0.00333457	
93.500	      0.965599	      0.216657	
94.000	     0.0195708	      0.184123	
94.500	     0.0195708	      0.184123	
95.000	       0.23508	      0.221976	
95.500	        2.3336	      0.171854	
96.000	      0.748123	      0.366821	
96.500	      0.748123	      0.366821	
97.000	      0.131827	      0.242258	
97.500	       1.56725	     0.0921492	
98.000	       1.56725	     0.0921492	
98.500	      0.122281	     0.0263075	
99.000	    0.00571962	     0.0283875	
99.500	      0.149707	     0.0285208	
100.000	      0.149707	     0.0285208	
100.500	      0.852123	     0.0285851	
101.000	      0.295336	     0.0286385	
101.500	      0.295336	     0.0286385	
102.000	      0.557924	     0.0286852	
102.500	      0.445384	      0.028726	
103.000	      0.445384	      0.028726	
103.500	      0.616634	     0.0287615	
104.000	       0.63312	     0.0287924	
104.500	       2.09059	     0.0288195	
105.000	       2.09059	     0.0288195	
105.500	      0.182171	     0.0288432	
106.000	     0.0321198	     0.0288642	
106.500	     0.0321198	     0.0288642	
107.000	     0.0712281	     0.0288828	
107.500	      0.911615	     0.0288993	
108.000	      0.938175	     0.0289141	
108.500	      0.938175	     0.0289141	
109.000	      0.832932	     0.0289274	
109.500	      0.125596	     0.0289394	
110.000	      0.125596	     0.0289394	
110.500	      0.762571	     0.0289503	
111.000	      0.135376	     0.0289601	
111.500	      0.758182	     0.0289691	
112.000	      0.758182	     0.0289691	
112.500	      0.136379	     0.0289773	
113.000	      0.878274	     0.0289849	
113.500	      0.878274	     0.0289849	
114.000	      0.333665	     0.0289918	
114.500	     0.0139632	     0.0289982	
115.000	     0.0702007	     0.0290041	
115.500	     0.0702007	     0.0290041	
116.000	       0.96834	     0.0290095	
116.500	     0.0673198	     0.0290146	
117.000	     0.0673198	     0.0290146	
117.500	    0.00865559	     0.0290193	
118.000	     0.0212248	     0.0290237	
118.500	     0.0417517	     0.0290277	
119.000	     0.0417517	     0.0290277	
119.500	      0.236278	     0.0290316	
120.000	      0.270365	     0.0290351	
120.500	      0.270365	     0.0290351	
121.000	      0.113004	     0.0290385	
121.500	      0.230315	     0.0290416	
122.000	    0.00848981	     0.0290446	
122.500	    0.00848981	     0.0290446	
123.000	     0.0226856	     0.0290474	
123.500	     0.0187062	       0.02905	
124.000	     0.0187062	       0.02905	
124.500	      0.103488	     0.0290525	
125.000	     0.0197051	     0.0290548	
125.500	     0.0197051	     0.0290548	
126.000	      0.025563	      0.029057	
126.500	     0.0223563	     0.0290591	
127.000	     0.0986154	      0.029061	
127.500	     0.0986154	      0.029061	
128.000	     0.0761037	     0.0290629	
128.500	     0.0916729	     0.0290646	
129.000	     0.0916729	     0.0290646	
129.500	     0.0196555	     0.0290663	
130.000	     0.0856188	     0.0290679	
130.500	      0.026888	     0.0290694	
131.000	      0.026888	     0.0290694	
131.500	     0.0317507	     0.0290708	
132.000	     0.0254314	     0.0290721	
132.500	     0.0254314	     0.0290721	
133.000	     0.0779327	     0.0290734	
133.500	     0.0196742	     0.0290746	
134.000	     0.0322337	     0.0290757	
134.500	     0.0322337	     0.0290757	
135.000	     0.0293257	     0.0290768	
135.500	     0.0291512	     0.0290778	
136.000	     0.0291512	     0.0290778	
136.500	     0.0293159	     0.0290787	
137.000	     0.0298557	     0.0290796	
137.500	     0.0317499	     0.0290805	
138.000	     0.0317499	     0.0290805	
138.500	     0.0488782	     0.0290813	
139.000	      0.237485	      0.029082	
139.500	      0.237485	      0.029082	
140.000	      0.264669	     0.0290828	
140.500	    0.00703032	     0.0290834	
141.000	       0.13154	      0.029084	
141.500	       0.13154	      0.029084	
142.000	      0.135681	     0.0290846	
142.500	     0.0476678	     0.0290852	
143.000	     0.0476678	     0.0290852	
143.500	     0.0434166	     0.0290856	
144.000	     0.0960213	     0.0290861	
144.500	     0.0171576	     0.0290865	
145.000	     0.0171576	     0.0290865	
145.500	      0.149125	     0.0290869	
146.000	      0.132751	     0.0290873	
146.500	      0.132751	     0.0290873	
147.000	     0.0417538	     0.0290876	
147.500	     0.0309583	     0.0290879	
148.000	     0.0309583	     0.0290879	
148.500	     0.0297167	     0.0290881	
149.000	      0.029346	     0.0290883	
149.500	     0.0291921	     0.0290885	
150.000	     0.0291921	     0.0290885	
150.500	     0.0291158	     0.0290887	
151.000	     0.0290737	     0.0290888	
151.500	     0.0290737	     0.0290888	
152.000	     0.0290489	     0.0290889	
152.500	     0.0290337	     0.0290889	
153.000	     0.0290243	     0.0290889	
153.500	     0.0290243	     0.0290889	
154.000	     0.0290185	     0.0290889	
154.500	     0.0290151	     0.0290889	
155.000	     0.0290151	     0.0290889	
155.500	     0.0290133	     0.0290888	
156.000	     0.0290126	     0.0290888	
156.500	     0.0290128	     0.0290886	
157.000	     0.0290128	     0.0290886	
157.500	     0.0290135	     0.0290885	
158.000	     0.0290146	     0.0290883	
158.500	     0.0290146	     0.0290883	
159.000	      0.029016	     0.0290881	
159.500	     0.0290177	     0.0290879	
160.000	     0.0290195	     0.0290876	
160.500	     0.0290195	     0.0290876	
161.000	     0.0290214	     0.0290873	
161.500	     0.0290234	      0.029087	
162.000	     0.0290234	      0.029087	
162.500	     0.0290254	     0.0290866	
163.000	     0.0290274	     0.0290862	
163.500	     0.0290295	     0.0290858	
164.000	     0.0290295	     0.0290858	
164.500	     0.0290315	     0.0290854	
165.000	     0.0290336	     0.0290849	
165.500	     0.0290336	     0.0290849	
166.000	     0.0290356	     0.0290844	
166.500	     0.0290376	     0.0290839	
167.000	     0.0290395	     0.0290833	
167.500	     0.0290395	     0.0290833	
168.000	     0.0290414	     0.0290827	
168.500	     0.0290433	     0.0290821	
169.000	     0.0290433	     0.0290821	
169.500	     0.0290451	     0.0290814	
170.000	     0.0290469	     0.0290808	
170.500	     0.0290469	     0.0290808	
171.000	     0.0290487	       0.02908	
171.500	     0.0290504	     0.0290793	
172.000	     0.0290521	     0.0290785	
172.500	     0.0290521	     0.0290785	
173.000	     0.0290537	     0.0290777	
173.500	     0.0290553	     0.0290768	
174.000	     0.0290553	     0.0290768	
174.500	     0.0290568	      0.029076	
175.000	     0.0290583	      0.029075	
175.500	     0.0290598	     0.0290741	
176.000	     0.0290598	     0.0290741	
176.500	     0.0290612	     0.0290731	
177.000	     0.0290626	     0.0290721	
177.500	     0.0290626	     0.0290721	
178.000	     0.0290639	      0.029071	
178.500	     0.0290652	     0.0290699	
179.000	     0.0290664	     0.0290688	
179.500	     0.0290664	     0.0290688	
180.000	     0.0290676	     0.0290676	
