
TracePro Release: 3 2 0 
Polar Candela Distribution Data for 
Data covers +/- 180.000 degrees from Normal
Data for Missed Rays
Data generated at 09:42:13 June 30, 2025

	   0.0	 180.0
0.000	      0.247845	      0.247845	
0.500	      0.241719	      0.253271	
1.000	      0.241719	      0.253271	
1.500	      0.234769	      0.258097	
2.000	      0.226841	      0.262408	
2.500	      0.217745	      0.266274	
3.000	      0.217745	      0.266274	
3.500	      0.207243	      0.269751	
4.000	      0.195031	      0.272889	
4.500	      0.195031	      0.272889	
5.000	      0.180718	       0.27573	
5.500	      0.163796	      0.278308	
6.000	      0.143592	      0.280652	
6.500	      0.143592	      0.280652	
7.000	        0.1192	       0.28279	
7.500	     0.0893828	      0.284742	
8.000	     0.0893828	      0.284742	
8.500	     0.0524036	      0.286529	
9.000	    0.00577346	      0.288166	
9.500	     0.0541816	      0.289668	
10.000	     0.0541816	      0.289668	
10.500	      0.133067	      0.291047	
11.000	      0.239784	      0.292315	
11.500	      0.239784	      0.292315	
12.000	      0.389159	      0.293481	
12.500	      0.607404	      0.294554	
13.000	      0.607404	      0.294554	
13.500	      0.944515	      0.295541	
14.000	       1.50587	      0.296448	
14.500	       2.54676	      0.297282	
15.000	       2.54676	      0.297282	
15.500	       4.82951	      0.298047	
16.000	       11.6246	      0.298747	
16.500	       11.6246	      0.298747	
17.000	       61.4615	      0.299386	
17.500	       631.012	      0.299968	
18.000	       61.4615	      0.300496	
18.500	       61.4615	      0.300496	
19.000	       11.6245	       0.30097	
19.500	       4.82942	      0.301395	
20.000	       4.82942	      0.301395	
20.500	       2.54664	       0.30177	
21.000	       1.50572	      0.302097	
21.500	      0.944326	      0.302376	
22.000	      0.944326	      0.302376	
22.500	      0.607184	      0.302608	
23.000	      0.388906	      0.302793	
23.500	      0.388906	      0.302793	
24.000	      0.239498	       0.30293	
24.500	      0.132748	      0.303017	
25.000	     0.0538286	      0.303054	
25.500	     0.0538286	      0.303054	
26.000	    0.00616067	      0.303037	
26.500	     0.0528257	      0.302965	
27.000	     0.0528257	      0.302965	
27.500	     0.0898404	      0.302833	
28.000	      0.119694	      0.302637	
28.500	      0.144122	      0.302371	
29.000	      0.144122	      0.302371	
29.500	      0.164365	      0.302029	
30.000	      0.181326	      0.301603	
30.500	      0.181326	      0.301603	
31.000	      0.195678	      0.301082	
31.500	      0.207931	      0.300455	
32.000	      0.218475	      0.299707	
32.500	      0.218475	      0.299707	
33.000	      0.227614	      0.298819	
33.500	      0.235586	       0.29777	
34.000	      0.235586	       0.29777	
34.500	      0.242583	      0.296532	
35.000	      0.248756	       0.29507	
35.500	      0.248756	       0.29507	
36.000	      0.254231	      0.293341	
36.500	      0.259108	      0.291289	
37.000	      0.263472	      0.288843	
37.500	      0.263472	      0.288843	
38.000	      0.267392	      0.285909	
38.500	      0.270926	      0.282365	
39.000	      0.270926	      0.282365	
39.500	      0.274124	      0.278044	
40.000	      0.277026	      0.272718	
40.500	      0.279668	      0.266069	
41.000	      0.279668	      0.266069	
41.500	       0.28208	      0.257637	
42.000	      0.284288	      0.246748	
42.500	      0.284288	      0.246748	
43.000	      0.286313	       0.23237	
43.500	      0.288177	      0.212865	
44.000	      0.289895	      0.185504	
44.500	      0.289895	      0.185504	
45.000	      0.291481	      0.145464	
45.500	       0.29295	     0.0835436	
46.000	       0.29295	     0.0835436	
46.500	      0.294312	     0.0196518	
47.000	      0.295577	      0.211105	
47.500	      0.296755	      0.631117	
48.000	      0.296755	      0.631117	
48.500	      0.297852	       1.88159	
49.000	      0.298876	       11.0536	
49.500	      0.298876	       11.0536	
50.000	      0.299834	       116.391	
50.500	       0.30073	       11.0534	
51.000	      0.301571	       1.88118	
51.500	      0.301571	       1.88118	
52.000	      0.302359	      0.630506	
52.500	        0.3031	      0.210289	
53.000	        0.3031	      0.210289	
53.500	      0.303797	     0.0186295	
54.000	      0.304453	     0.0847733	
54.500	      0.305071	      0.146903	
55.000	      0.305071	      0.146903	
55.500	      0.305655	      0.187154	
56.000	      0.306206	      0.214728	
56.500	      0.306206	      0.214728	
57.000	      0.306727	      0.234448	
57.500	      0.307219	      0.249045	
58.000	      0.307219	      0.249045	
58.500	      0.307685	      0.260156	
59.000	      0.308127	      0.268812	
59.500	      0.308545	      0.275691	
60.000	      0.308545	      0.275691	
60.500	      0.308942	       0.28125	
61.000	      0.309318	      0.285809	
61.500	      0.309318	      0.285809	
62.000	      0.309676	      0.289595	
62.500	      0.310015	      0.292776	
63.000	      0.310338	      0.295476	
63.500	      0.310338	      0.295476	
64.000	      0.310644	      0.297787	
64.500	      0.310936	      0.299783	
65.000	      0.310936	      0.299783	
65.500	      0.311213	      0.301518	
66.000	      0.311476	      0.303038	
66.500	      0.311727	      0.304376	
67.000	      0.311727	      0.304376	
67.500	      0.311965	      0.305562	
68.000	      0.312192	      0.306618	
68.500	      0.312192	      0.306618	
69.000	      0.312407	      0.307563	
69.500	      0.312612	      0.308412	
70.000	      0.312806	      0.309179	
70.500	      0.312806	      0.309179	
71.000	      0.312991	      0.309873	
71.500	      0.313167	      0.310505	
72.000	      0.313167	      0.310505	
72.500	      0.313333	      0.311081	
73.000	       0.31349	      0.311608	
73.500	      0.313639	      0.312092	
74.000	      0.313639	      0.312092	
74.500	       0.31378	      0.312537	
75.000	      0.313913	      0.312948	
75.500	      0.313913	      0.312948	
76.000	      0.314038	      0.313328	
76.500	      0.314156	      0.313681	
77.000	      0.314266	      0.314008	
77.500	      0.314266	      0.314008	
78.000	      0.314369	      0.314313	
78.500	      0.314464	      0.314598	
79.000	      0.314464	      0.314598	
79.500	      0.314553	      0.314865	
80.000	      0.314634	      0.315114	
80.500	      0.314634	      0.315114	
81.000	      0.314708	      0.315348	
81.500	      0.314775	      0.315568	
82.000	      0.314836	      0.315775	
82.500	      0.314836	      0.315775	
83.000	      0.314889	       0.31597	
83.500	      0.314935	      0.316154	
84.000	      0.314935	      0.316154	
84.500	      0.314973	      0.316328	
85.000	      0.315004	      0.316492	
85.500	      0.315028	      0.316648	
86.000	      0.315028	      0.316648	
86.500	      0.315043	      0.316796	
87.000	      0.315051	      0.316937	
87.500	      0.315051	      0.316937	
88.000	       0.31505	       0.31707	
88.500	       0.31504	      0.317197	
89.000	      0.315021	      0.317318	
89.500	      0.315021	      0.317318	
90.000	      0.314992	      0.317434	
90.500	      0.314953	      0.317544	
91.000	      0.314953	      0.317544	
91.500	      0.314903	      0.317649	
92.000	      0.314841	       0.31775	
92.500	      0.314767	      0.317846	
93.000	      0.314767	      0.317846	
93.500	      0.314679	      0.317938	
94.000	      0.314577	      0.318026	
94.500	      0.314577	      0.318026	
95.000	      0.314458	      0.318111	
95.500	      0.314323	      0.318192	
96.000	      0.314168	       0.31827	
96.500	      0.314168	       0.31827	
97.000	      0.313993	      0.318345	
97.500	      0.313794	      0.318417	
98.000	      0.313794	      0.318417	
98.500	       0.31357	      0.318486	
99.000	      0.313317	      0.318552	
99.500	      0.313031	      0.318616	
100.000	      0.313031	      0.318616	
100.500	       0.31271	      0.318678	
101.000	      0.312347	      0.318737	
101.500	      0.312347	      0.318737	
102.000	      0.311937	      0.318795	
102.500	      0.311474	       0.31885	
103.000	      0.311474	       0.31885	
103.500	      0.310948	      0.318903	
104.000	      0.310351	      0.318954	
104.500	       0.30967	      0.319004	
105.000	       0.30967	      0.319004	
105.500	      0.308891	      0.319052	
106.000	      0.307996	      0.319098	
106.500	      0.307996	      0.319098	
107.000	      0.306961	      0.319143	
107.500	       0.30576	      0.319186	
108.000	      0.304356	      0.319228	
108.500	      0.304356	      0.319228	
109.000	      0.302703	      0.319269	
109.500	      0.300741	      0.319308	
110.000	      0.300741	      0.319308	
110.500	      0.298391	      0.319345	
111.000	      0.295545	      0.319382	
111.500	      0.292058	      0.319418	
112.000	      0.292058	      0.319418	
112.500	      0.287724	      0.319452	
113.000	       0.28225	      0.319485	
113.500	       0.28225	      0.319485	
114.000	      0.275202	      0.319517	
114.500	      0.265918	      0.319548	
115.000	      0.253346	      0.319579	
115.500	      0.253346	      0.319579	
116.000	      0.235737	      0.319608	
116.500	      0.209994	      0.319636	
117.000	      0.209994	      0.319636	
117.500	      0.170214	      0.319663	
118.000	      0.103952	       0.31969	
118.500	     0.0189363	      0.319716	
119.000	     0.0189363	      0.319716	
119.500	      0.288474	      0.319741	
120.000	       1.09086	      0.319765	
120.500	       1.09086	      0.319765	
121.000	       6.97595	      0.319788	
121.500	       74.7965	      0.319811	
122.000	       6.97589	      0.319833	
122.500	       6.97589	      0.319833	
123.000	       1.09075	      0.319854	
123.500	      0.288315	      0.319875	
124.000	      0.288315	      0.319875	
124.500	     0.0187235	      0.319894	
125.000	      0.104219	      0.319914	
125.500	      0.104219	      0.319914	
126.000	      0.170534	      0.319932	
126.500	      0.210367	       0.31995	
127.000	      0.236164	      0.319968	
127.500	      0.236164	      0.319968	
128.000	      0.253828	      0.319985	
128.500	      0.266454	      0.320001	
129.000	      0.266454	      0.320001	
129.500	      0.275793	      0.320017	
130.000	      0.282897	      0.320032	
130.500	      0.288426	      0.320046	
131.000	      0.288426	      0.320046	
131.500	      0.292816	      0.320061	
132.000	      0.296359	      0.320074	
132.500	      0.296359	      0.320074	
133.000	      0.299262	      0.320087	
133.500	       0.30167	        0.3201	
134.000	       0.30369	      0.320112	
134.500	       0.30369	      0.320112	
135.000	      0.305401	      0.320124	
135.500	      0.306865	      0.320135	
136.000	      0.306865	      0.320135	
136.500	      0.308126	      0.320146	
137.000	      0.309221	      0.320156	
137.500	      0.310177	      0.320166	
138.000	      0.310177	      0.320166	
138.500	      0.311019	      0.320175	
139.000	      0.311762	      0.320184	
139.500	      0.311762	      0.320184	
140.000	      0.312423	      0.320193	
140.500	      0.313013	      0.320201	
141.000	      0.313543	      0.320208	
141.500	      0.313543	      0.320208	
142.000	      0.314019	      0.320216	
142.500	       0.31445	      0.320222	
143.000	       0.31445	      0.320222	
143.500	       0.31484	      0.320229	
144.000	      0.315196	      0.320235	
144.500	       0.31552	      0.320241	
145.000	       0.31552	      0.320241	
145.500	      0.315817	      0.320246	
146.000	       0.31609	      0.320251	
146.500	       0.31609	      0.320251	
147.000	      0.316341	      0.320255	
147.500	      0.316572	      0.320259	
148.000	      0.316572	      0.320259	
148.500	      0.316786	      0.320263	
149.000	      0.316985	      0.320266	
149.500	      0.317169	      0.320269	
150.000	      0.317169	      0.320269	
150.500	       0.31734	      0.320272	
151.000	        0.3175	      0.320274	
151.500	        0.3175	      0.320274	
152.000	      0.317649	      0.320275	
152.500	      0.317789	      0.320277	
153.000	      0.317919	      0.320278	
153.500	      0.317919	      0.320278	
154.000	      0.318042	      0.320278	
154.500	      0.318157	      0.320278	
155.000	      0.318157	      0.320278	
155.500	      0.318265	      0.320278	
156.000	      0.318367	      0.320277	
156.500	      0.318464	      0.320276	
157.000	      0.318464	      0.320276	
157.500	      0.318554	      0.320275	
158.000	       0.31864	      0.320273	
158.500	       0.31864	      0.320273	
159.000	      0.318721	      0.320271	
159.500	      0.318798	      0.320268	
160.000	      0.318871	      0.320265	
160.500	      0.318871	      0.320265	
161.000	       0.31894	      0.320261	
161.500	      0.319006	      0.320257	
162.000	      0.319006	      0.320257	
162.500	      0.319069	      0.320253	
163.000	      0.319128	      0.320248	
163.500	      0.319184	      0.320243	
164.000	      0.319184	      0.320243	
164.500	      0.319238	      0.320237	
165.000	       0.31929	      0.320231	
165.500	       0.31929	      0.320231	
166.000	      0.319338	      0.320224	
166.500	      0.319385	      0.320217	
167.000	       0.31943	      0.320209	
167.500	       0.31943	      0.320209	
168.000	      0.319472	      0.320201	
168.500	      0.319513	      0.320192	
169.000	      0.319513	      0.320192	
169.500	      0.319552	      0.320183	
170.000	      0.319589	      0.320173	
170.500	      0.319589	      0.320173	
171.000	      0.319624	      0.320163	
171.500	      0.319658	      0.320152	
172.000	      0.319691	       0.32014	
172.500	      0.319691	       0.32014	
173.000	      0.319722	      0.320128	
173.500	      0.319752	      0.320115	
174.000	      0.319752	      0.320115	
174.500	       0.31978	      0.320102	
175.000	      0.319808	      0.320088	
175.500	      0.319834	      0.320073	
176.000	      0.319834	      0.320073	
176.500	      0.319859	      0.320058	
177.000	      0.319883	      0.320042	
177.500	      0.319883	      0.320042	
178.000	      0.319906	      0.320025	
178.500	      0.319928	      0.320007	
179.000	      0.319949	      0.319988	
179.500	      0.319949	      0.319988	
180.000	      0.319969	      0.319969	
