
TracePro Release: 3 2 0 
Polar Candela Distribution Data for 
Data covers +/- 180.000 degrees from Normal
Data for Missed Rays
Data generated at 09:42:12 June 30, 2025

	   0.0	 180.0
0.000	      0.101635	      0.101635	
0.500	      0.102136	      0.102151	
1.000	      0.102136	      0.102151	
1.500	      0.102996	      0.105357	
2.000	      0.103945	      0.116015	
2.500	      0.104867	      0.150343	
3.000	      0.104867	      0.150343	
3.500	      0.105716	      0.285434	
4.000	      0.106477	       1.49586	
4.500	      0.106477	       1.49586	
5.000	      0.107147	       16.4766	
5.500	      0.107729	      0.895104	
6.000	       0.10823	       3.59609	
6.500	       0.10823	       3.59609	
7.000	      0.108656	        40.497	
7.500	      0.109013	       3.94946	
8.000	      0.109013	       3.94946	
8.500	      0.109303	       1.03356	
9.000	      0.109532	        2.4241	
9.500	      0.109702	       22.9158	
10.000	      0.109702	       22.9158	
10.500	      0.109811	       2.20225	
11.000	      0.109861	      0.225477	
11.500	      0.109861	      0.225477	
12.000	      0.109847	       1.78804	
12.500	      0.109764	      0.134939	
13.000	      0.109764	      0.134939	
13.500	      0.109605	     0.0488632	
14.000	      0.109356	     0.0565515	
14.500	      0.109001	     0.0664119	
15.000	      0.109001	     0.0664119	
15.500	      0.108511	     0.0741422	
16.000	      0.107849	     0.0798541	
16.500	      0.107849	     0.0798541	
17.000	      0.106954	     0.0840203	
17.500	      0.105731	     0.0870254	
18.000	      0.104026	     0.0891397	
18.500	      0.104026	     0.0891397	
19.000	      0.101566	     0.0905452	
19.500	     0.0978341	     0.0913608	
20.000	     0.0978341	     0.0913608	
20.500	     0.0917529	     0.0916589	
21.000	     0.0807257	     0.0914762	
21.500	     0.0570291	     0.0908187	
22.000	     0.0570291	     0.0908187	
22.500	     0.0123931	      0.089663	
23.000	      0.516609	      0.087953	
23.500	      0.516609	      0.087953	
24.000	       6.47369	     0.0855923	
24.500	      0.519655	     0.0824282	
25.000	     0.0187591	     0.0782242	
25.500	     0.0187591	     0.0782242	
26.000	     0.0467341	     0.0726087	
26.500	     0.0654038	     0.0649771	
27.000	     0.0654038	     0.0649771	
27.500	     0.0694959	     0.0542921	
28.000	     0.0652307	      0.038636	
28.500	     0.0520725	     0.0140842	
29.000	     0.0520725	     0.0140842	
29.500	     0.0235436	     0.0286343	
30.000	      0.042373	      0.116678	
30.500	      0.042373	      0.116678	
31.000	      0.242032	      0.365126	
31.500	       1.71357	       2.12167	
32.000	        18.745	       22.0561	
32.500	        18.745	       22.0561	
33.000	       1.71249	       2.17351	
33.500	      0.239769	      0.479531	
34.000	      0.239769	      0.479531	
34.500	     0.0387227	      0.321265	
35.000	     0.0289576	      0.388065	
35.500	     0.0289576	      0.388065	
36.000	      0.059904	      0.672375	
36.500	     0.0766475	       1.60501	
37.000	     0.0867367	        8.5636	
37.500	     0.0867367	        8.5636	
38.000	     0.0932902	       88.2395	
38.500	     0.0977889	       8.56664	
39.000	     0.0977889	       8.56664	
39.500	       0.10101	       1.61519	
40.000	      0.103395	      0.704838	
40.500	      0.105207	      0.510613	
41.000	      0.105207	      0.510613	
41.500	      0.106615	       1.29854	
42.000	      0.107727	       11.7835	
42.500	      0.107727	       11.7835	
43.000	      0.108619	       1.16916	
43.500	      0.109342	      0.201264	
44.000	      0.109933	     0.0511998	
44.500	      0.109933	     0.0511998	
45.000	      0.110421	    0.00815207	
45.500	      0.110825	     0.0403058	
46.000	      0.110825	     0.0403058	
46.500	       0.11116	     0.0608526	
47.000	      0.111438	      0.075402	
47.500	      0.111669	       0.08648	
48.000	      0.111669	       0.08648	
48.500	      0.111859	     0.0954093	
49.000	      0.112015	      0.102965	
49.500	      0.112015	      0.102965	
50.000	      0.112141	      0.109648	
50.500	       0.11224	      0.115806	
51.000	      0.112315	       0.12171	
51.500	      0.112315	       0.12171	
52.000	       0.11237	      0.127585	
52.500	      0.112405	      0.133644	
53.000	      0.112405	      0.133644	
53.500	      0.112423	      0.140104	
54.000	      0.112424	       0.14721	
54.500	       0.11241	      0.155258	
55.000	       0.11241	      0.155258	
55.500	      0.112381	      0.164627	
56.000	      0.112338	      0.175828	
56.500	      0.112338	      0.175828	
57.000	      0.112282	      0.189577	
57.500	      0.112212	      0.206914	
58.000	      0.112212	      0.206914	
58.500	      0.112129	      0.229421	
59.000	      0.112033	      0.259595	
59.500	      0.111925	      0.301591	
60.000	      0.111925	      0.301591	
60.500	      0.111802	      0.362753	
61.000	      0.111667	      0.457086	
61.500	      0.111667	      0.457086	
62.000	      0.111517	      0.614119	
62.500	      0.111353	      0.905403	
63.000	      0.111174	       1.54466	
63.500	      0.111174	       1.54466	
64.000	       0.11098	       3.44886	
64.500	      0.110769	       17.4219	
65.000	      0.110769	       17.4219	
65.500	       0.11054	       176.756	
66.000	      0.110294	       17.4166	
66.500	      0.110027	       3.43743	
67.000	      0.110027	       3.43743	
67.500	       0.10974	       1.52535	
68.000	       0.10943	      0.874503	
68.500	       0.10943	      0.874503	
69.000	      0.109096	       0.56352	
69.500	      0.108736	      0.365909	
70.000	      0.108347	      0.155949	
70.500	      0.108347	      0.155949	
71.000	      0.107928	      0.731023	
71.500	      0.107475	       10.6275	
72.000	      0.107475	       10.6275	
72.500	      0.106985	      0.819677	
73.000	      0.106455	     0.0364236	
73.500	      0.105881	     0.0326287	
74.000	      0.105881	     0.0326287	
74.500	      0.105258	    0.00869087	
75.000	       0.10458	      0.090982	
75.500	       0.10458	      0.090982	
76.000	      0.103843	      0.407209	
76.500	      0.103039	       2.73502	
77.000	      0.102159	        29.591	
77.500	      0.102159	        29.591	
78.000	      0.101196	       2.73918	
78.500	      0.100139	      0.414715	
79.000	      0.100139	      0.414715	
79.500	     0.0989745	     0.0995299	
80.000	      0.097689	    0.00516244	
80.500	      0.097689	    0.00516244	
81.000	     0.0962652	     0.0520488	
81.500	     0.0946832	     0.0767124	
82.000	     0.0929191	     0.0910589	
82.500	     0.0929191	     0.0910589	
83.000	     0.0909443	     0.0999941	
83.500	     0.0887245	      0.105838	
84.000	     0.0887245	      0.105838	
84.500	      0.086218	        0.1098	
85.000	     0.0833737	      0.112561	
85.500	     0.0801287	      0.114526	
86.000	     0.0801287	      0.114526	
86.500	     0.0764048	      0.115945	
87.000	     0.0721036	      0.116983	
87.500	     0.0721036	      0.116983	
88.000	     0.0671001	      0.117748	
88.500	     0.0612336	      0.118314	
89.000	     0.0542946	      0.118733	
89.500	     0.0542946	      0.118733	
90.000	     0.0460059	      0.119043	
90.500	     0.0359949	       0.11927	
91.000	     0.0359949	       0.11927	
91.500	     0.0237507	      0.119435	
92.000	    0.00855803	      0.119551	
92.500	     0.0106092	      0.119631	
93.000	     0.0106092	      0.119631	
93.500	     0.0352658	      0.119682	
94.000	     0.0677236	      0.119711	
94.500	     0.0677236	      0.119711	
95.000	      0.111653	      0.119723	
95.500	       0.17317	      0.119721	
96.000	      0.263088	       0.11971	
96.500	      0.263088	       0.11971	
97.000	       0.40203	       0.11969	
97.500	      0.633473	      0.119665	
98.000	      0.633473	      0.119665	
98.500	       1.06274	      0.119635	
99.000	       2.00436	      0.119602	
99.500	       4.80766	      0.119566	
100.000	       4.80766	      0.119566	
100.500	       25.3695	      0.119529	
101.000	       260.337	      0.119491	
101.500	       260.337	      0.119491	
102.000	       25.3687	      0.119452	
102.500	       4.80604	      0.119413	
103.000	       4.80604	      0.119413	
103.500	       2.00185	      0.119374	
104.000	       1.05922	      0.119335	
104.500	      0.628771	      0.119297	
105.000	      0.628771	      0.119297	
105.500	      0.395891	      0.119259	
106.000	      0.255136	      0.119222	
106.500	      0.255136	      0.119222	
107.000	      0.162839	      0.119186	
107.500	     0.0980628	      0.119151	
108.000	     0.0494431	      0.119116	
108.500	     0.0494431	      0.119116	
109.000	    0.00981424	      0.119082	
109.500	     0.0267048	      0.119049	
110.000	     0.0267048	      0.119049	
110.500	     0.0677783	      0.119017	
111.000	      0.130902	      0.118986	
111.500	      0.285655	      0.118956	
112.000	      0.285655	      0.118956	
112.500	       1.34039	      0.118927	
113.000	       13.1665	      0.118898	
113.500	       13.1665	      0.118898	
114.000	       1.35574	       0.11887	
114.500	      0.317011	      0.118843	
115.000	      0.179633	      0.118817	
115.500	      0.179633	      0.118817	
116.000	      0.136135	      0.118792	
116.500	      0.118088	      0.118767	
117.000	      0.118088	      0.118767	
117.500	      0.109612	      0.118743	
118.000	      0.105434	      0.118719	
118.500	      0.103408	      0.118696	
119.000	      0.103408	      0.118696	
119.500	      0.102537	      0.118674	
120.000	      0.102314	      0.118653	
120.500	      0.102314	      0.118653	
121.000	      0.102463	      0.118632	
121.500	      0.102826	      0.118611	
122.000	      0.103308	      0.118591	
122.500	      0.103308	      0.118591	
123.000	      0.103854	      0.118571	
123.500	      0.104429	      0.118552	
124.000	      0.104429	      0.118552	
124.500	       0.10501	      0.118533	
125.000	      0.105584	      0.118515	
125.500	      0.105584	      0.118515	
126.000	      0.106142	      0.118497	
126.500	      0.106681	       0.11848	
127.000	      0.107196	      0.118463	
127.500	      0.107196	      0.118463	
128.000	      0.107687	      0.118446	
128.500	      0.108154	      0.118429	
129.000	      0.108154	      0.118429	
129.500	      0.108596	      0.118413	
130.000	      0.109016	      0.118397	
130.500	      0.109412	      0.118381	
131.000	      0.109412	      0.118381	
131.500	      0.109787	      0.118366	
132.000	      0.110142	       0.11835	
132.500	      0.110142	       0.11835	
133.000	      0.110477	      0.118335	
133.500	      0.110795	      0.118321	
134.000	      0.111095	      0.118306	
134.500	      0.111095	      0.118306	
135.000	      0.111379	      0.118292	
135.500	      0.111648	      0.118277	
136.000	      0.111648	      0.118277	
136.500	      0.111904	      0.118263	
137.000	      0.112146	      0.118249	
137.500	      0.112376	      0.118235	
138.000	      0.112376	      0.118235	
138.500	      0.112594	      0.118221	
139.000	      0.112801	      0.118208	
139.500	      0.112801	      0.118208	
140.000	      0.112998	      0.118194	
140.500	      0.113186	       0.11818	
141.000	      0.113364	      0.118167	
141.500	      0.113364	      0.118167	
142.000	      0.113534	      0.118154	
142.500	      0.113697	       0.11814	
143.000	      0.113697	       0.11814	
143.500	      0.113851	      0.118127	
144.000	      0.113999	      0.118113	
144.500	       0.11414	        0.1181	
145.000	       0.11414	        0.1181	
145.500	      0.114275	      0.118087	
146.000	      0.114404	      0.118074	
146.500	      0.114404	      0.118074	
147.000	      0.114528	       0.11806	
147.500	      0.114646	      0.118047	
148.000	      0.114646	      0.118047	
148.500	      0.114759	      0.118033	
149.000	      0.114868	       0.11802	
149.500	      0.114972	      0.118006	
150.000	      0.114972	      0.118006	
150.500	      0.115072	      0.117993	
151.000	      0.115168	      0.117979	
151.500	      0.115168	      0.117979	
152.000	      0.115261	      0.117966	
152.500	       0.11535	      0.117952	
153.000	      0.115435	      0.117938	
153.500	      0.115435	      0.117938	
154.000	      0.115517	      0.117924	
154.500	      0.115596	       0.11791	
155.000	      0.115596	       0.11791	
155.500	      0.115672	      0.117896	
156.000	      0.115746	      0.117881	
156.500	      0.115817	      0.117867	
157.000	      0.115817	      0.117867	
157.500	      0.115885	      0.117852	
158.000	      0.115951	      0.117837	
158.500	      0.115951	      0.117837	
159.000	      0.116015	      0.117822	
159.500	      0.116076	      0.117807	
160.000	      0.116136	      0.117792	
160.500	      0.116136	      0.117792	
161.000	      0.116193	      0.117776	
161.500	      0.116249	       0.11776	
162.000	      0.116249	       0.11776	
162.500	      0.116302	      0.117744	
163.000	      0.116354	      0.117728	
163.500	      0.116405	      0.117711	
164.000	      0.116405	      0.117711	
164.500	      0.116453	      0.117695	
165.000	      0.116501	      0.117678	
165.500	      0.116501	      0.117678	
166.000	      0.116547	       0.11766	
166.500	      0.116591	      0.117643	
167.000	      0.116634	      0.117625	
167.500	      0.116634	      0.117625	
168.000	      0.116676	      0.117607	
168.500	      0.116717	      0.117588	
169.000	      0.116717	      0.117588	
169.500	      0.116756	      0.117569	
170.000	      0.116794	       0.11755	
170.500	      0.116794	       0.11755	
171.000	      0.116832	      0.117531	
171.500	      0.116868	      0.117511	
172.000	      0.116903	       0.11749	
172.500	      0.116903	       0.11749	
173.000	      0.116937	      0.117469	
173.500	      0.116971	      0.117448	
174.000	      0.116971	      0.117448	
174.500	      0.117003	      0.117427	
175.000	      0.117035	      0.117404	
175.500	      0.117066	      0.117382	
176.000	      0.117066	      0.117382	
176.500	      0.117096	      0.117359	
177.000	      0.117125	      0.117335	
177.500	      0.117125	      0.117335	
178.000	      0.117154	      0.117311	
178.500	      0.117181	      0.117286	
179.000	      0.117209	      0.117261	
179.500	      0.117209	      0.117261	
180.000	      0.117235	      0.117235	
