
TracePro Release: 3 2 0 
Polar Candela Distribution Data for 
Data covers +/- 180.000 degrees from Normal
Data for Missed Rays
Data generated at 09:37:30 June 25, 2025

	   0.0	 180.0
0.000	     0.0331311	     0.0331311	
0.500	      0.106938	      0.105538	
1.000	      0.106938	      0.105538	
1.500	      0.101589	     0.0904295	
2.000	      0.100665	        0.2286	
2.500	      0.100099	     0.0897537	
3.000	      0.100099	     0.0897537	
3.500	     0.0995127	      0.099752	
4.000	     0.0986966	      0.101168	
4.500	     0.0986966	      0.101168	
5.000	     0.0970649	      0.101695	
5.500	     0.0881425	      0.101982	
6.000	      0.203184	       0.10218	
6.500	      0.203184	       0.10218	
7.000	     0.0864397	      0.102343	
7.500	      0.093237	      0.102505	
8.000	      0.093237	      0.102505	
8.500	     0.0888548	      0.102707	
9.000	       0.14822	      0.103051	
9.500	     0.0860447	      0.103984	
10.000	     0.0860447	      0.103984	
10.500	     0.0879964	      0.111106	
11.000	     0.0852703	    0.00312885	
11.500	     0.0852703	    0.00312885	
12.000	     0.0807759	      0.154815	
12.500	     0.0739701	       0.10031	
13.000	     0.0739701	       0.10031	
13.500	     0.0633216	      0.102692	
14.000	      0.045451	      0.102823	
14.500	     0.0119544	      0.102819	
15.000	     0.0119544	      0.102819	
15.500	     0.0656811	      0.102773	
16.000	      0.197776	      0.102666	
16.500	      0.197776	      0.102666	
17.000	        1.8469	      0.102391	
17.500	         19.94	      0.101474	
18.000	       1.84014	     0.0941589	
18.500	       1.84014	     0.0941589	
19.000	       0.27224	      0.198684	
19.500	     0.0583033	      0.095623	
20.000	     0.0583033	      0.095623	
20.500	     0.0136836	         0.111	
21.000	     0.0466569	    0.00272723	
21.500	     0.0647167	      0.112393	
22.000	     0.0647167	      0.112393	
22.500	     0.0763604	      0.104695	
23.000	     0.0903124	      0.103718	
23.500	     0.0903124	      0.103718	
24.000	     0.0019508	      0.103419	
24.500	     0.0986465	      0.103298	
25.000	      0.094352	      0.103241	
25.500	      0.094352	      0.103241	
26.000	     0.0955852	      0.103212	
26.500	     0.0971852	      0.103197	
27.000	     0.0971852	      0.103197	
27.500	     0.0989443	      0.103189	
28.000	       0.10116	      0.103186	
28.500	      0.104822	      0.103184	
29.000	      0.104822	      0.103184	
29.500	      0.114102	      0.103183	
30.000	      0.177663	      0.103183	
30.500	      0.177663	      0.103183	
31.000	      0.693894	      0.103182	
31.500	      0.185109	      0.103182	
32.000	     0.0379836	       0.10318	
32.500	     0.0379836	       0.10318	
33.000	      0.113142	      0.103178	
33.500	      0.102268	      0.103175	
34.000	      0.102268	      0.103175	
34.500	     0.0928307	      0.103171	
35.000	     0.0303301	      0.103166	
35.500	     0.0303301	      0.103166	
36.000	      0.920036	      0.103159	
36.500	     0.0449307	      0.103151	
37.000	      0.177799	       0.10314	
37.500	      0.177799	       0.10314	
38.000	      0.687216	      0.103127	
38.500	      0.329122	      0.103112	
39.000	      0.329122	      0.103112	
39.500	       1.54916	      0.103093	
40.000	      0.681391	       0.10307	
40.500	     0.0944294	      0.103041	
41.000	     0.0944294	      0.103041	
41.500	      0.107971	      0.103006	
42.000	      0.100566	      0.102961	
42.500	      0.100566	      0.102961	
43.000	      0.175557	      0.102904	
43.500	     0.0981997	      0.102827	
44.000	      0.103089	      0.102721	
44.500	      0.103089	      0.102721	
45.000	      0.103377	      0.102561	
45.500	       0.10309	      0.102297	
46.000	       0.10309	      0.102297	
46.500	      0.100294	      0.101772	
47.000	      0.153025	       0.10033	
47.500	    0.00390202	     0.0902818	
48.000	    0.00390202	     0.0902818	
48.500	      0.202338	      0.228273	
49.000	     0.0425312	     0.0899697	
49.500	     0.0425312	     0.0899697	
50.000	      0.209968	     0.0996784	
50.500	     0.0482895	      0.100719	
51.000	      0.109378	      0.100732	
51.500	      0.109378	      0.100732	
52.000	     0.0462065	      0.100293	
52.500	      0.246737	     0.0994057	
53.000	      0.246737	     0.0994057	
53.500	     0.0582352	     0.0978074	
54.000	      0.220331	     0.0947613	
54.500	     0.0435432	     0.0880137	
55.000	     0.0435432	     0.0880137	
55.500	        0.1752	     0.0678586	
56.000	     0.0539726	     0.0801117	
56.500	     0.0539726	     0.0801117	
57.000	       0.13352	       1.97615	
57.500	     0.0587436	      0.080089	
58.000	     0.0587436	      0.080089	
58.500	      0.185664	     0.0679058	
59.000	    0.00827889	     0.0880896	
59.500	       0.12006	     0.0948733	
60.000	       0.12006	     0.0948733	
60.500	     0.0456936	     0.0979685	
61.000	      0.183491	     0.0996389	
61.500	      0.183491	     0.0996389	
62.000	     0.0843322	      0.100643	
62.500	      0.177303	      0.101293	
63.000	     0.0924804	      0.101739	
63.500	     0.0924804	      0.101739	
64.000	      0.159941	      0.102057	
64.500	     0.0796117	      0.102293	
65.000	     0.0796117	      0.102293	
65.500	      0.213502	      0.102472	
66.000	    0.00563554	      0.102611	
66.500	      0.990496	      0.102721	
67.000	      0.990496	      0.102721	
67.500	     0.0138992	       0.10281	
68.000	      0.173626	      0.102883	
68.500	      0.173626	      0.102883	
69.000	      0.125446	      0.102942	
69.500	      0.259268	      0.102992	
70.000	     0.0928869	      0.103034	
70.500	     0.0928869	      0.103034	
71.000	     0.0981318	       0.10307	
71.500	     0.0455019	      0.103101	
72.000	     0.0455019	      0.103101	
72.500	       1.02347	      0.103127	
73.000	      0.927045	      0.103149	
73.500	      0.480636	      0.103169	
74.000	      0.480636	      0.103169	
74.500	     0.0494068	      0.103186	
75.000	       0.46992	        0.1032	
75.500	       0.46992	        0.1032	
76.000	      0.833228	      0.103213	
76.500	      0.406274	      0.103224	
77.000	     0.0128163	      0.103234	
77.500	     0.0128163	      0.103234	
78.000	       3.97444	      0.103243	
78.500	       19.3374	       0.10325	
79.000	       19.3374	       0.10325	
79.500	       15.1699	      0.103256	
80.000	       15.4552	      0.103262	
80.500	       15.4552	      0.103262	
81.000	       14.8416	      0.103267	
81.500	       11.7738	      0.103271	
82.000	       14.8474	      0.103274	
82.500	       14.8474	      0.103274	
83.000	        26.233	      0.103277	
83.500	       29.8915	      0.103279	
84.000	       29.8915	      0.103279	
84.500	       23.3626	      0.103281	
85.000	       20.5349	      0.103282	
85.500	       16.2108	      0.103283	
86.000	       16.2108	      0.103283	
86.500	       16.4038	      0.103283	
87.000	       15.3635	      0.103283	
87.500	       15.3635	      0.103283	
88.000	       15.8098	      0.103283	
88.500	       19.4128	      0.103282	
89.000	       14.7666	      0.103281	
89.500	       14.7666	      0.103281	
90.000	        8.7221	       0.10328	
90.500	       7.02015	      0.103279	
91.000	       7.02015	      0.103279	
91.500	       6.28641	      0.103277	
92.000	       8.44714	      0.103275	
92.500	       8.19432	      0.103272	
93.000	       8.19432	      0.103272	
93.500	       7.88991	       0.10327	
94.000	       5.40439	      0.103267	
94.500	       5.40439	      0.103267	
95.000	       4.88032	      0.103264	
95.500	       5.41833	      0.103261	
96.000	       5.91585	      0.103257	
96.500	       5.91585	      0.103257	
97.000	       2.94937	      0.103254	
97.500	       5.27835	       0.10325	
98.000	       5.27835	       0.10325	
98.500	       5.48356	      0.103246	
99.000	       4.27419	      0.103241	
99.500	       2.80786	      0.103237	
100.000	       2.80786	      0.103237	
100.500	       10.7965	      0.103232	
101.000	       56.2899	      0.103227	
101.500	       56.2899	      0.103227	
102.000	        10.092	      0.103222	
102.500	       2.76811	      0.103217	
103.000	       2.76811	      0.103217	
103.500	       4.81965	      0.103211	
104.000	       2.85416	      0.103206	
104.500	       3.46468	        0.1032	
105.000	       3.46468	        0.1032	
105.500	       5.37211	      0.103194	
106.000	       5.12167	      0.103187	
106.500	       5.12167	      0.103187	
107.000	       5.05254	      0.103181	
107.500	       6.08142	      0.103174	
108.000	        3.7432	      0.103167	
108.500	        3.7432	      0.103167	
109.000	       8.80121	       0.10316	
109.500	       4.95684	      0.103153	
110.000	       4.95684	      0.103153	
110.500	       4.03602	      0.103145	
111.000	       2.01768	      0.103138	
111.500	       3.35594	       0.10313	
112.000	       3.35594	       0.10313	
112.500	       1.62943	      0.103122	
113.000	      0.801172	      0.103113	
113.500	      0.801172	      0.103113	
114.000	       1.56066	      0.103105	
114.500	       3.37323	      0.103096	
115.000	       2.39284	      0.103087	
115.500	       2.39284	      0.103087	
116.000	       1.44629	      0.103077	
116.500	       1.69303	      0.103068	
117.000	       1.69303	      0.103068	
117.500	       1.30874	      0.103058	
118.000	       3.58802	      0.103048	
118.500	       3.73607	      0.103038	
119.000	       3.73607	      0.103038	
119.500	        1.1564	      0.103027	
120.000	       1.88606	      0.103016	
120.500	       1.88606	      0.103016	
121.000	       1.94174	      0.103005	
121.500	       2.88235	      0.102993	
122.000	       2.75735	      0.102982	
122.500	       2.75735	      0.102982	
123.000	       2.12724	       0.10297	
123.500	        2.5647	      0.102957	
124.000	        2.5647	      0.102957	
124.500	      0.243873	      0.102945	
125.000	     0.0495793	      0.102932	
125.500	     0.0495793	      0.102932	
126.000	     0.0124486	      0.102918	
126.500	     0.0126563	      0.102905	
127.000	     0.0385619	      0.102891	
127.500	     0.0385619	      0.102891	
128.000	     0.0702409	      0.102877	
128.500	      0.114471	      0.102862	
129.000	      0.114471	      0.102862	
129.500	      0.221716	      0.102847	
130.000	      0.671484	      0.102831	
130.500	        1.2336	      0.102816	
131.000	        1.2336	      0.102816	
131.500	      0.435749	      0.102799	
132.000	      0.818851	      0.102783	
132.500	      0.818851	      0.102783	
133.000	      0.412892	      0.102766	
133.500	        2.3797	      0.102748	
134.000	       5.49092	       0.10273	
134.500	       5.49092	       0.10273	
135.000	       28.7698	      0.102712	
135.500	       294.805	      0.102693	
136.000	       294.805	      0.102693	
136.500	       28.7659	      0.102673	
137.000	       5.47801	      0.102653	
137.500	       2.30254	      0.102633	
138.000	       2.30254	      0.102633	
138.500	       1.23567	      0.102612	
139.000	      0.749164	       0.10259	
139.500	      0.749164	       0.10259	
140.000	      0.486774	      0.102568	
140.500	      0.329196	      0.102545	
141.000	      0.227178	      0.102522	
141.500	      0.227178	      0.102522	
142.000	      0.157354	      0.102498	
142.500	      0.107471	      0.102473	
143.000	      0.107471	      0.102473	
143.500	     0.0705977	      0.102447	
144.000	     0.0425742	      0.102421	
144.500	     0.0207796	      0.102394	
145.000	     0.0207796	      0.102394	
145.500	    0.00349608	      0.102367	
146.000	     0.0104401	      0.102338	
146.500	     0.0104401	      0.102338	
147.000	     0.0218402	      0.102309	
147.500	     0.0312838	      0.102279	
148.000	     0.0312838	      0.102279	
148.500	     0.0391941	      0.102248	
149.000	     0.0458855	      0.102216	
149.500	      0.051596	      0.102183	
150.000	      0.051596	      0.102183	
150.500	      0.056508	       0.10215	
151.000	     0.0607636	      0.102115	
151.500	     0.0607636	      0.102115	
152.000	     0.0644746	      0.102079	
152.500	     0.0677299	      0.102042	
153.000	     0.0706011	      0.102004	
153.500	     0.0706011	      0.102004	
154.000	     0.0731462	      0.101964	
154.500	     0.0754126	      0.101924	
155.000	     0.0754126	      0.101924	
155.500	     0.0774396	      0.101882	
156.000	     0.0792596	      0.101838	
156.500	     0.0808998	      0.101794	
157.000	     0.0808998	      0.101794	
157.500	     0.0823831	      0.101748	
158.000	     0.0837288	        0.1017	
158.500	     0.0837288	        0.1017	
159.000	     0.0849534	      0.101651	
159.500	     0.0860709	        0.1016	
160.000	     0.0870935	      0.101547	
160.500	     0.0870935	      0.101547	
161.000	     0.0880315	      0.101493	
161.500	      0.088894	      0.101436	
162.000	      0.088894	      0.101436	
162.500	     0.0896889	      0.101378	
163.000	      0.090423	      0.101318	
163.500	     0.0911023	      0.101255	
164.000	     0.0911023	      0.101255	
164.500	     0.0917322	       0.10119	
165.000	     0.0923173	      0.101123	
165.500	     0.0923173	      0.101123	
166.000	     0.0928617	      0.101053	
166.500	     0.0933691	      0.100981	
167.000	     0.0938428	      0.100906	
167.500	     0.0938428	      0.100906	
168.000	     0.0942856	      0.100828	
168.500	     0.0947003	      0.100746	
169.000	     0.0947003	      0.100746	
169.500	      0.095089	      0.100662	
170.000	      0.095454	      0.100574	
170.500	      0.095454	      0.100574	
171.000	     0.0957971	      0.100483	
171.500	       0.09612	      0.100388	
172.000	     0.0964243	      0.100289	
172.500	     0.0964243	      0.100289	
173.000	     0.0967113	      0.100186	
173.500	     0.0969823	      0.100079	
174.000	     0.0969823	      0.100079	
174.500	     0.0972386	     0.0999665	
175.000	     0.0974811	     0.0998494	
175.500	     0.0977107	     0.0997271	
176.000	     0.0977107	     0.0997271	
176.500	     0.0979285	     0.0995992	
177.000	     0.0981351	     0.0994655	
177.500	     0.0981351	     0.0994655	
178.000	     0.0983314	     0.0993256	
178.500	      0.098518	     0.0991791	
179.000	     0.0986955	     0.0990255	
179.500	     0.0986955	     0.0990255	
180.000	     0.0988645	     0.0988645	
