
TracePro Release: 3 2 0 
Polar Candela Distribution Data for 
Data covers +/- 180.000 degrees from Normal
Data for Missed Rays
Data generated at 09:38:57 June 25, 2025

	   0.0	 180.0
0.000	      0.789991	      0.789991	
0.500	     0.0801283	      0.152631	
1.000	     0.0801283	      0.152631	
1.500	       1.18861	       0.27244	
2.000	       0.13903	     0.0372587	
2.500	      0.221517	      0.984841	
3.000	      0.221517	      0.984841	
3.500	      0.240823	      0.143013	
4.000	      0.289159	      0.234983	
4.500	      0.289159	      0.234983	
5.000	        0.2802	       0.30001	
5.500	       0.32667	      0.288855	
6.000	     0.0991521	      0.111668	
6.500	     0.0991521	      0.111668	
7.000	      0.284077	      0.168544	
7.500	      0.257423	      0.144242	
8.000	      0.257423	      0.144242	
8.500	      0.258201	       0.11896	
9.000	      0.271203	     0.0857222	
9.500	      0.376807	     0.0395171	
10.000	      0.376807	     0.0395171	
10.500	       1.11151	     0.0278737	
11.000	      0.367279	      0.132015	
11.500	      0.367279	      0.132015	
12.000	      0.209454	      0.308165	
12.500	      0.880278	      0.525134	
13.000	      0.880278	      0.525134	
13.500	      0.139087	       1.91411	
14.000	       0.93652	       2.32886	
14.500	      0.277214	       18.8677	
15.000	      0.277214	       18.8677	
15.500	      0.277973	       194.131	
16.000	      0.204207	       19.2442	
16.500	      0.204207	       19.2442	
17.000	       1.02043	       3.34186	
17.500	      0.421755	       1.70524	
18.000	      0.462636	      0.115484	
18.500	      0.462636	      0.115484	
19.000	        1.3989	       1.28776	
19.500	       0.41912	       1.61944	
20.000	       0.41912	       1.61944	
20.500	        0.2944	       1.03496	
21.000	      0.333122	        1.9209	
21.500	      0.516692	     0.0828628	
22.000	      0.516692	     0.0828628	
22.500	      0.642852	      0.127665	
23.000	      0.213736	      0.372144	
23.500	      0.213736	      0.372144	
24.000	      0.871714	      0.563562	
24.500	      0.219502	      0.489973	
25.000	      0.323471	       1.05439	
25.500	      0.323471	       1.05439	
26.000	      0.516355	      0.356672	
26.500	      0.421319	      0.370773	
27.000	      0.421319	      0.370773	
27.500	       1.03568	      0.200043	
28.000	       1.25061	      0.212083	
28.500	      0.002903	      0.215532	
29.000	      0.002903	      0.215532	
29.500	       1.35726	      0.214799	
30.000	      0.333589	      0.185905	
30.500	      0.333589	      0.185905	
31.000	       1.16541	       0.61804	
31.500	      0.165953	      0.162859	
32.000	      0.262555	      0.544223	
32.500	      0.262555	      0.544223	
33.000	     0.0801567	      0.202342	
33.500	      0.313818	      0.230538	
34.000	      0.313818	      0.230538	
34.500	      0.257135	      0.236391	
35.000	      0.448926	      0.243152	
35.500	      0.448926	      0.243152	
36.000	      0.152182	      0.179273	
36.500	       1.13512	      0.239978	
37.000	      0.169824	      0.198879	
37.500	      0.169824	      0.198879	
38.000	      0.302366	      0.734619	
38.500	      0.568743	      0.154558	
39.000	      0.568743	      0.154558	
39.500	      0.366747	      0.242787	
40.000	      0.743856	      0.245253	
40.500	       1.86948	      0.247281	
41.000	       1.86948	      0.247281	
41.500	       1.85885	      0.248661	
42.000	       4.08641	      0.249768	
42.500	       4.08641	      0.249768	
43.000	      0.236794	      0.250764	
43.500	       1.65237	      0.251567	
44.000	       0.85726	      0.247016	
44.500	       0.85726	      0.247016	
45.000	       2.00237	       0.40272	
45.500	       1.48315	      0.101736	
46.000	       1.48315	      0.101736	
46.500	      0.389841	      0.305674	
47.000	      0.094193	     0.0185395	
47.500	       1.82946	      0.330973	
48.000	       1.82946	      0.330973	
48.500	       1.89853	      0.247959	
49.000	        3.7975	      0.314513	
49.500	        3.7975	      0.314513	
50.000	       1.93588	      0.249284	
50.500	       3.79307	      0.253884	
51.000	       2.70484	      0.254553	
51.500	       2.70484	      0.254553	
52.000	       2.86124	      0.254856	
52.500	      0.977564	      0.255072	
53.000	      0.977564	      0.255072	
53.500	       1.22259	      0.255258	
54.000	       1.55821	      0.255429	
54.500	       1.22049	      0.255591	
55.000	       1.22049	      0.255591	
55.500	      0.818425	      0.255745	
56.000	       2.03678	      0.255892	
56.500	       2.03678	      0.255892	
57.000	       1.61335	      0.256032	
57.500	       0.34618	      0.256165	
58.000	       0.34618	      0.256165	
58.500	      0.852003	      0.256292	
59.000	       2.40729	      0.256412	
59.500	     0.0458926	      0.256525	
60.000	     0.0458926	      0.256525	
60.500	      0.162666	      0.256631	
61.000	      0.738768	      0.256729	
61.500	      0.738768	      0.256729	
62.000	      0.197064	      0.256818	
62.500	       0.87306	      0.256895	
63.000	      0.873909	      0.256955	
63.500	      0.873909	      0.256955	
64.000	      0.345095	      0.256987	
64.500	       1.80669	      0.256968	
65.000	       1.80669	      0.256968	
65.500	       4.43486	      0.256824	
66.000	       2.38783	      0.256245	
66.500	       2.05755	      0.251624	
67.000	       2.05755	      0.251624	
67.500	      0.217202	      0.316294	
68.000	       4.11978	      0.251503	
68.500	       4.11978	      0.251503	
69.000	       4.99456	      0.255672	
69.500	        39.284	      0.252287	
70.000	       393.473	      0.309368	
70.500	       393.473	      0.309368	
71.000	       38.2903	      0.252727	
71.500	       6.90997	      0.256929	
72.000	       6.90997	      0.256929	
72.500	       2.99032	      0.257577	
73.000	       1.46997	      0.257842	
73.500	      0.998001	      0.257997	
74.000	      0.998001	      0.257997	
74.500	       0.52739	      0.258106	
75.000	      0.322886	      0.258193	
75.500	      0.322886	      0.258193	
76.000	       0.17671	      0.258266	
76.500	      0.233908	       0.25833	
77.000	     0.0169927	      0.258389	
77.500	     0.0169927	      0.258389	
78.000	     0.0220772	      0.258443	
78.500	     0.0600652	      0.258494	
79.000	     0.0600652	      0.258494	
79.500	     0.0957346	      0.258542	
80.000	      0.171746	      0.258587	
80.500	      0.171746	      0.258587	
81.000	      0.534086	       0.25863	
81.500	      0.241999	      0.258671	
82.000	      0.245399	      0.258711	
82.500	      0.245399	      0.258711	
83.000	      0.253182	      0.258749	
83.500	      0.605335	      0.258785	
84.000	      0.605335	      0.258785	
84.500	       1.78611	       0.25882	
85.000	        2.0017	      0.258854	
85.500	       1.23713	      0.258887	
86.000	       1.23713	      0.258887	
86.500	       2.16599	      0.258919	
87.000	       1.22949	      0.258949	
87.500	       1.22949	      0.258949	
88.000	       3.17337	      0.258979	
88.500	       2.99391	      0.259008	
89.000	       2.05104	      0.259035	
89.500	       2.05104	      0.259035	
90.000	        2.7979	      0.259062	
90.500	       3.46334	      0.259088	
91.000	       3.46334	      0.259088	
91.500	       1.78396	      0.259113	
92.000	       9.12959	      0.259138	
92.500	       75.6736	      0.259161	
93.000	       75.6736	      0.259161	
93.500	       9.70826	      0.259184	
94.000	      0.461377	      0.259206	
94.500	      0.461377	      0.259206	
95.000	      0.566251	      0.259228	
95.500	      0.414238	      0.259249	
96.000	      0.802704	      0.259269	
96.500	      0.802704	      0.259269	
97.000	      0.712105	      0.259289	
97.500	      0.198066	      0.259308	
98.000	      0.198066	      0.259308	
98.500	      0.554678	      0.259326	
99.000	      0.190647	      0.259344	
99.500	      0.336511	      0.259362	
100.000	      0.336511	      0.259362	
100.500	     0.0168632	      0.259378	
101.000	      0.528297	      0.259395	
101.500	      0.528297	      0.259395	
102.000	     0.0351264	      0.259411	
102.500	      0.345723	      0.259426	
103.000	      0.345723	      0.259426	
103.500	      0.066824	      0.259441	
104.000	      0.354321	      0.259455	
104.500	     0.0460473	      0.259469	
105.000	     0.0460473	      0.259469	
105.500	      0.250125	      0.259483	
106.000	      0.238685	      0.259496	
106.500	      0.238685	      0.259496	
107.000	      0.238714	      0.259509	
107.500	       0.23971	      0.259521	
108.000	      0.240849	      0.259533	
108.500	      0.240849	      0.259533	
109.000	      0.241961	      0.259544	
109.500	      0.243002	      0.259555	
110.000	      0.243002	      0.259555	
110.500	      0.243963	      0.259566	
111.000	      0.244847	      0.259577	
111.500	      0.245659	      0.259587	
112.000	      0.245659	      0.259587	
112.500	      0.246406	      0.259596	
113.000	      0.247094	      0.259606	
113.500	      0.247094	      0.259606	
114.000	       0.24773	      0.259615	
114.500	      0.248319	      0.259623	
115.000	      0.248865	      0.259632	
115.500	      0.248865	      0.259632	
116.000	      0.249372	       0.25964	
116.500	      0.249845	      0.259648	
117.000	      0.249845	      0.259648	
117.500	      0.250287	      0.259655	
118.000	        0.2507	      0.259662	
118.500	      0.251088	      0.259669	
119.000	      0.251088	      0.259669	
119.500	      0.251451	      0.259676	
120.000	      0.251793	      0.259682	
120.500	      0.251793	      0.259682	
121.000	      0.252116	      0.259688	
121.500	       0.25242	      0.259693	
122.000	      0.252707	      0.259699	
122.500	      0.252707	      0.259699	
123.000	      0.252979	      0.259704	
123.500	      0.253236	      0.259709	
124.000	      0.253236	      0.259709	
124.500	       0.25348	      0.259714	
125.000	      0.253712	      0.259718	
125.500	      0.253712	      0.259718	
126.000	      0.253933	      0.259722	
126.500	      0.254142	      0.259726	
127.000	      0.254342	      0.259729	
127.500	      0.254342	      0.259729	
128.000	      0.254533	      0.259733	
128.500	      0.254715	      0.259736	
129.000	      0.254715	      0.259736	
129.500	      0.254888	      0.259739	
130.000	      0.255054	      0.259741	
130.500	      0.255213	      0.259744	
131.000	      0.255213	      0.259744	
131.500	      0.255365	      0.259746	
132.000	      0.255511	      0.259748	
132.500	      0.255511	      0.259748	
133.000	       0.25565	      0.259749	
133.500	      0.255784	      0.259751	
134.000	      0.255913	      0.259752	
134.500	      0.255913	      0.259752	
135.000	      0.256037	      0.259753	
135.500	      0.256156	      0.259753	
136.000	      0.256156	      0.259753	
136.500	       0.25627	      0.259754	
137.000	       0.25638	      0.259754	
137.500	      0.256486	      0.259754	
138.000	      0.256486	      0.259754	
138.500	      0.256588	      0.259754	
139.000	      0.256686	      0.259753	
139.500	      0.256686	      0.259753	
140.000	      0.256781	      0.259752	
140.500	      0.256872	      0.259752	
141.000	      0.256961	       0.25975	
141.500	      0.256961	       0.25975	
142.000	      0.257046	      0.259749	
142.500	      0.257128	      0.259747	
143.000	      0.257128	      0.259747	
143.500	      0.257208	      0.259745	
144.000	      0.257285	      0.259743	
144.500	      0.257359	      0.259741	
145.000	      0.257359	      0.259741	
145.500	      0.257431	      0.259738	
146.000	      0.257501	      0.259736	
146.500	      0.257501	      0.259736	
147.000	      0.257569	      0.259733	
147.500	      0.257634	      0.259729	
148.000	      0.257634	      0.259729	
148.500	      0.257697	      0.259726	
149.000	      0.257759	      0.259722	
149.500	      0.257818	      0.259718	
150.000	      0.257818	      0.259718	
150.500	      0.257876	      0.259714	
151.000	      0.257932	      0.259709	
151.500	      0.257932	      0.259709	
152.000	      0.257986	      0.259705	
152.500	      0.258039	        0.2597	
153.000	       0.25809	      0.259694	
153.500	       0.25809	      0.259694	
154.000	      0.258139	      0.259689	
154.500	      0.258187	      0.259683	
155.000	      0.258187	      0.259683	
155.500	      0.258234	      0.259677	
156.000	       0.25828	      0.259671	
156.500	      0.258324	      0.259664	
157.000	      0.258324	      0.259664	
157.500	      0.258367	      0.259658	
158.000	      0.258409	      0.259651	
158.500	      0.258409	      0.259651	
159.000	      0.258449	      0.259643	
159.500	      0.258489	      0.259636	
160.000	      0.258527	      0.259628	
160.500	      0.258527	      0.259628	
161.000	      0.258564	       0.25962	
161.500	      0.258601	      0.259611	
162.000	      0.258601	      0.259611	
162.500	      0.258636	      0.259603	
163.000	      0.258671	      0.259593	
163.500	      0.258704	      0.259584	
164.000	      0.258704	      0.259584	
164.500	      0.258737	      0.259575	
165.000	      0.258768	      0.259565	
165.500	      0.258768	      0.259565	
166.000	      0.258799	      0.259554	
166.500	      0.258829	      0.259544	
167.000	      0.258859	      0.259533	
167.500	      0.258859	      0.259533	
168.000	      0.258887	      0.259522	
168.500	      0.258915	       0.25951	
169.000	      0.258915	       0.25951	
169.500	      0.258942	      0.259498	
170.000	      0.258969	      0.259486	
170.500	      0.258969	      0.259486	
171.000	      0.258994	      0.259474	
171.500	      0.259019	      0.259461	
172.000	      0.259044	      0.259447	
172.500	      0.259044	      0.259447	
173.000	      0.259068	      0.259434	
173.500	      0.259091	       0.25942	
174.000	      0.259091	       0.25942	
174.500	      0.259113	      0.259405	
175.000	      0.259135	       0.25939	
175.500	      0.259157	      0.259375	
176.000	      0.259157	      0.259375	
176.500	      0.259178	      0.259359	
177.000	      0.259198	      0.259343	
177.500	      0.259198	      0.259343	
178.000	      0.259218	      0.259327	
178.500	      0.259237	       0.25931	
179.000	      0.259256	      0.259292	
179.500	      0.259256	      0.259292	
180.000	      0.259274	      0.259274	
