
TracePro Release: 3 2 0 
Polar Candela Distribution Data for 
Data covers +/- 180.000 degrees from Normal
Data for Missed Rays
Data generated at 09:42:52 June 30, 2025

	   0.0	 180.0
0.000	      0.265945	      0.265945	
0.500	      0.268749	        0.2636	
1.000	      0.268749	        0.2636	
1.500	      0.272136	      0.261619	
2.000	      0.276281	      0.259931	
2.500	      0.281427	      0.258481	
3.000	      0.281427	      0.258481	
3.500	      0.287921	      0.257228	
4.000	      0.296276	      0.256136	
4.500	      0.296276	      0.256136	
5.000	      0.307277	       0.25518	
5.500	      0.322167	      0.254339	
6.000	      0.343018	      0.253596	
6.500	      0.343018	      0.253596	
7.000	      0.373495	      0.252935	
7.500	      0.420586	      0.252345	
8.000	      0.420586	      0.252345	
8.500	      0.499019	      0.251817	
9.000	      0.644478	      0.251342	
9.500	      0.963515	      0.250914	
10.000	      0.963515	      0.250914	
10.500	       1.91325	      0.250527	
11.000	       8.87911	      0.250176	
11.500	       8.87911	      0.250176	
12.000	       87.9105	      0.249857	
12.500	       8.87903	      0.249565	
13.000	       8.87903	      0.249565	
13.500	       1.91311	      0.249299	
14.000	      0.963295	      0.249055	
14.500	      0.644184	      0.248831	
15.000	      0.644184	      0.248831	
15.500	      0.498652	      0.248625	
16.000	      0.420145	      0.248435	
16.500	      0.420145	      0.248435	
17.000	       0.37298	      0.248259	
17.500	      0.342429	      0.248097	
18.000	      0.321502	      0.247946	
18.500	      0.321502	      0.247946	
19.000	      0.306537	      0.247807	
19.500	      0.295461	      0.247677	
20.000	      0.295461	      0.247677	
20.500	      0.287029	      0.247556	
21.000	      0.280458	      0.247443	
21.500	      0.275235	      0.247338	
22.000	      0.275235	      0.247338	
22.500	      0.271012	       0.24724	
23.000	      0.267545	      0.247148	
23.500	      0.267545	      0.247148	
24.000	      0.264662	      0.247062	
24.500	      0.262237	      0.246981	
25.000	      0.260174	      0.246905	
25.500	      0.260174	      0.246905	
26.000	      0.258403	      0.246834	
26.500	       0.25687	      0.246767	
27.000	       0.25687	      0.246767	
27.500	      0.255531	      0.246704	
28.000	      0.254354	      0.246644	
28.500	      0.253311	      0.246588	
29.000	      0.253311	      0.246588	
29.500	      0.252381	      0.246535	
30.000	      0.251548	      0.246485	
30.500	      0.251548	      0.246485	
31.000	      0.250795	      0.246438	
31.500	      0.250113	      0.246393	
32.000	       0.24949	       0.24635	
32.500	       0.24949	       0.24635	
33.000	       0.24892	       0.24631	
33.500	      0.248394	      0.246272	
34.000	      0.248394	      0.246272	
34.500	      0.247906	      0.246235	
35.000	      0.247453	      0.246201	
35.500	      0.247453	      0.246201	
36.000	       0.24703	      0.246168	
36.500	      0.246632	      0.246136	
37.000	      0.246258	      0.246106	
37.500	      0.246258	      0.246106	
38.000	      0.245903	      0.246078	
38.500	      0.245565	      0.246051	
39.000	      0.245565	      0.246051	
39.500	      0.245243	      0.246025	
40.000	      0.244934	         0.246	
40.500	      0.244637	      0.245976	
41.000	      0.244637	      0.245976	
41.500	       0.24435	      0.245953	
42.000	      0.244071	      0.245932	
42.500	      0.244071	      0.245932	
43.000	        0.2438	      0.245911	
43.500	      0.243536	      0.245891	
44.000	      0.243277	      0.245872	
44.500	      0.243277	      0.245872	
45.000	      0.243022	      0.245853	
45.500	       0.24277	      0.245835	
46.000	       0.24277	      0.245835	
46.500	      0.242522	      0.245818	
47.000	      0.242275	      0.245802	
47.500	      0.242029	      0.245786	
48.000	      0.242029	      0.245786	
48.500	      0.241784	       0.24577	
49.000	      0.241538	      0.245756	
49.500	      0.241538	      0.245756	
50.000	      0.241292	      0.245741	
50.500	      0.241044	      0.245728	
51.000	      0.240794	      0.245714	
51.500	      0.240794	      0.245714	
52.000	      0.240542	      0.245701	
52.500	      0.240286	      0.245689	
53.000	      0.240286	      0.245689	
53.500	      0.240027	      0.245676	
54.000	      0.239763	      0.245665	
54.500	      0.239494	      0.245653	
55.000	      0.239494	      0.245653	
55.500	       0.23922	      0.245642	
56.000	      0.238939	      0.245631	
56.500	      0.238939	      0.245631	
57.000	      0.238651	       0.24562	
57.500	      0.238356	       0.24561	
58.000	      0.238356	       0.24561	
58.500	      0.238053	        0.2456	
59.000	      0.237741	       0.24559	
59.500	      0.237419	       0.24558	
60.000	      0.237419	       0.24558	
60.500	      0.237087	      0.245571	
61.000	      0.236744	      0.245561	
61.500	      0.236744	      0.245561	
62.000	      0.236388	      0.245552	
62.500	       0.23602	      0.245543	
63.000	      0.235638	      0.245535	
63.500	      0.235638	      0.245535	
64.000	      0.235241	      0.245526	
64.500	      0.234827	      0.245517	
65.000	      0.234827	      0.245517	
65.500	      0.234397	      0.245509	
66.000	      0.233948	      0.245501	
66.500	       0.23348	      0.245493	
67.000	       0.23348	      0.245493	
67.500	       0.23299	      0.245484	
68.000	      0.232477	      0.245476	
68.500	      0.232477	      0.245476	
69.000	      0.231939	      0.245469	
69.500	      0.231376	      0.245461	
70.000	      0.230784	      0.245453	
70.500	      0.230784	      0.245453	
71.000	      0.230161	      0.245445	
71.500	      0.229505	      0.245438	
72.000	      0.229505	      0.245438	
72.500	      0.228814	       0.24543	
73.000	      0.228084	      0.245422	
73.500	      0.227312	      0.245415	
74.000	      0.227312	      0.245415	
74.500	      0.226496	      0.245407	
75.000	      0.225631	        0.2454	
75.500	      0.225631	        0.2454	
76.000	      0.224713	      0.245392	
76.500	      0.223737	      0.245385	
77.000	      0.222698	      0.245377	
77.500	      0.222698	      0.245377	
78.000	      0.221591	       0.24537	
78.500	      0.220409	      0.245363	
79.000	      0.220409	      0.245363	
79.500	      0.219145	      0.245355	
80.000	      0.217792	      0.245348	
80.500	      0.217792	      0.245348	
81.000	      0.216339	       0.24534	
81.500	      0.214777	      0.245332	
82.000	      0.213096	      0.245325	
82.500	      0.213096	      0.245325	
83.000	      0.211281	      0.245317	
83.500	      0.209318	       0.24531	
84.000	      0.209318	       0.24531	
84.500	       0.20719	      0.245302	
85.000	      0.204879	      0.245294	
85.500	      0.202363	      0.245287	
86.000	      0.202363	      0.245287	
86.500	      0.199615	      0.245279	
87.000	      0.196607	      0.245271	
87.500	      0.196607	      0.245271	
88.000	      0.193304	      0.245263	
88.500	      0.189667	      0.245255	
89.000	      0.185648	      0.245247	
89.500	      0.185648	      0.245247	
90.000	      0.181192	      0.245239	
90.500	      0.176232	      0.245231	
91.000	      0.176232	      0.245231	
91.500	      0.170691	      0.245222	
92.000	      0.164473	      0.245214	
92.500	      0.157462	      0.245205	
93.000	      0.157462	      0.245205	
93.500	      0.149517	      0.245197	
94.000	      0.140466	      0.245188	
94.500	      0.140466	      0.245188	
95.000	      0.130091	      0.245179	
95.500	      0.118122	      0.245171	
96.000	      0.104213	      0.245162	
96.500	      0.104213	      0.245162	
97.000	     0.0879224	      0.245153	
97.500	     0.0686715	      0.245143	
98.000	     0.0686715	      0.245143	
98.500	      0.045697	      0.245134	
99.000	      0.017972	      0.245125	
99.500	     0.0159106	      0.245115	
100.000	     0.0159106	      0.245115	
100.500	     0.0579205	      0.245106	
101.000	      0.110883	      0.245096	
101.500	      0.110883	      0.245096	
102.000	      0.178969	      0.245086	
102.500	       0.26854	      0.245076	
103.000	       0.26854	      0.245076	
103.500	        0.3897	      0.245066	
104.000	      0.559276	      0.245055	
104.500	      0.807022	      0.245045	
105.000	      0.807022	      0.245045	
105.500	       1.18968	      0.245034	
106.000	       1.82687	      0.245023	
106.500	       1.82687	      0.245023	
107.000	       3.00835	      0.245012	
107.500	       5.59938	      0.245001	
108.000	        13.312	       0.24499	
108.500	        13.312	       0.24499	
109.000	       69.8788	      0.244979	
109.500	       716.105	      0.244967	
110.000	       716.105	      0.244967	
110.500	       69.8788	      0.244955	
111.000	       13.3121	      0.244943	
111.500	       5.59941	      0.244931	
112.000	       5.59941	      0.244931	
112.500	       3.00838	      0.244919	
113.000	       1.82692	      0.244906	
113.500	       1.82692	      0.244906	
114.000	       1.18974	      0.244893	
114.500	      0.807086	       0.24488	
115.000	      0.559348	      0.244867	
115.500	      0.559348	      0.244867	
116.000	      0.389781	      0.244853	
116.500	      0.268631	       0.24484	
117.000	      0.268631	       0.24484	
117.500	      0.179069	      0.244826	
118.000	      0.110993	      0.244812	
118.500	     0.0580398	      0.244797	
119.000	     0.0580398	      0.244797	
119.500	     0.0160394	      0.244783	
120.000	     0.0178336	      0.244768	
120.500	     0.0178336	      0.244768	
121.000	     0.0455489	      0.244753	
121.500	     0.0685135	      0.244737	
122.000	     0.0877544	      0.244722	
122.500	     0.0877544	      0.244722	
123.000	      0.104035	      0.244706	
123.500	      0.117934	      0.244689	
124.000	      0.117934	      0.244689	
124.500	      0.129892	      0.244673	
125.000	      0.140257	      0.244656	
125.500	      0.140257	      0.244656	
126.000	      0.149298	      0.244639	
126.500	      0.157231	      0.244622	
127.000	      0.164232	      0.244604	
127.500	      0.164232	      0.244604	
128.000	      0.170439	      0.244586	
128.500	      0.175969	      0.244567	
129.000	      0.175969	      0.244567	
129.500	      0.180917	      0.244549	
130.000	      0.185361	      0.244529	
130.500	      0.189368	       0.24451	
131.000	      0.189368	       0.24451	
131.500	      0.192994	       0.24449	
132.000	      0.196284	       0.24447	
132.500	      0.196284	       0.24447	
133.000	       0.19928	      0.244449	
133.500	      0.202014	      0.244428	
134.000	      0.204518	      0.244407	
134.500	      0.204518	      0.244407	
135.000	      0.206816	      0.244385	
135.500	       0.20893	      0.244363	
136.000	       0.20893	      0.244363	
136.500	      0.210878	       0.24434	
137.000	      0.212679	      0.244317	
137.500	      0.214346	      0.244294	
138.000	      0.214346	      0.244294	
138.500	      0.215893	       0.24427	
139.000	       0.21733	      0.244245	
139.500	       0.21733	      0.244245	
140.000	      0.218668	       0.24422	
140.500	      0.219916	      0.244194	
141.000	      0.221081	      0.244168	
141.500	      0.221081	      0.244168	
142.000	      0.222171	      0.244142	
142.500	      0.223192	      0.244115	
143.000	      0.223192	      0.244115	
143.500	       0.22415	      0.244087	
144.000	       0.22505	      0.244059	
144.500	      0.225896	       0.24403	
145.000	      0.225896	       0.24403	
145.500	      0.226693	         0.244	
146.000	      0.227444	       0.24397	
146.500	      0.227444	       0.24397	
147.000	      0.228153	       0.24394	
147.500	      0.228823	      0.243908	
148.000	      0.228823	      0.243908	
148.500	      0.229456	      0.243876	
149.000	      0.230056	      0.243843	
149.500	      0.230624	       0.24381	
150.000	      0.230624	       0.24381	
150.500	      0.231163	      0.243776	
151.000	      0.231675	      0.243741	
151.500	      0.231675	      0.243741	
152.000	      0.232162	      0.243705	
152.500	      0.232624	      0.243668	
153.000	      0.233065	      0.243631	
153.500	      0.233065	      0.243631	
154.000	      0.233484	      0.243593	
154.500	      0.233884	      0.243553	
155.000	      0.233884	      0.243553	
155.500	      0.234266	      0.243513	
156.000	       0.23463	      0.243473	
156.500	      0.234978	      0.243431	
157.000	      0.234978	      0.243431	
157.500	      0.235311	      0.243388	
158.000	      0.235629	      0.243344	
158.500	      0.235629	      0.243344	
159.000	      0.235934	      0.243299	
159.500	      0.236226	      0.243253	
160.000	      0.236506	      0.243206	
160.500	      0.236506	      0.243206	
161.000	      0.236774	      0.243157	
161.500	      0.237031	      0.243108	
162.000	      0.237031	      0.243108	
162.500	      0.237278	      0.243057	
163.000	      0.237516	      0.243005	
163.500	      0.237744	      0.242952	
164.000	      0.237744	      0.242952	
164.500	      0.237963	      0.242897	
165.000	      0.238174	      0.242841	
165.500	      0.238174	      0.242841	
166.000	      0.238377	      0.242784	
166.500	      0.238573	      0.242725	
167.000	      0.238761	      0.242665	
167.500	      0.238761	      0.242665	
168.000	      0.238943	      0.242603	
168.500	      0.239118	      0.242539	
169.000	      0.239118	      0.242539	
169.500	      0.239287	      0.242473	
170.000	       0.23945	      0.242406	
170.500	       0.23945	      0.242406	
171.000	      0.239608	      0.242337	
171.500	       0.23976	      0.242266	
172.000	      0.239907	      0.242194	
172.500	      0.239907	      0.242194	
173.000	      0.240048	      0.242119	
173.500	      0.240186	      0.242042	
174.000	      0.240186	      0.242042	
174.500	      0.240319	      0.241963	
175.000	      0.240447	      0.241881	
175.500	      0.240571	      0.241797	
176.000	      0.240571	      0.241797	
176.500	      0.240692	      0.241711	
177.000	      0.240808	      0.241623	
177.500	      0.240808	      0.241623	
178.000	      0.240922	      0.241531	
178.500	      0.241031	      0.241437	
179.000	      0.241137	       0.24134	
179.500	      0.241137	       0.24134	
180.000	       0.24124	       0.24124	
