
TracePro Release: 3 2 0 
Polar Candela Distribution Data for 
Data covers +/- 180.000 degrees from Normal
Data for Missed Rays
Data generated at 09:38:56 June 25, 2025

	   0.0	 180.0
0.000	     0.0462509	     0.0462509	
0.500	     0.0457248	     0.0417265	
1.000	     0.0457248	     0.0417265	
1.500	      0.272989	       1.24656	
2.000	     0.0572839	      0.849879	
2.500	     0.0752057	      0.815783	
3.000	     0.0752057	      0.815783	
3.500	     0.0616242	      0.728298	
4.000	      0.447337	      0.788697	
4.500	      0.447337	      0.788697	
5.000	      0.580328	       1.10758	
5.500	      0.953113	        2.1792	
6.000	        1.1854	      0.651499	
6.500	        1.1854	      0.651499	
7.000	      0.325202	     0.0169465	
7.500	       1.52026	       12.1194	
8.000	       1.52026	       12.1194	
8.500	        1.4872	       70.7852	
9.000	       1.00218	       7.19308	
9.500	       1.58573	        1.1229	
10.000	       1.58573	        1.1229	
10.500	      0.106714	      0.423905	
11.000	       1.48921	      0.183454	
11.500	       1.48921	      0.183454	
12.000	       2.74786	      0.103986	
12.500	      0.983619	      0.571146	
13.000	      0.983619	      0.571146	
13.500	      0.866487	      0.993365	
14.000	       2.39651	       1.81248	
14.500	      0.717445	        1.2104	
15.000	      0.717445	        1.2104	
15.500	       2.81405	      0.998395	
16.000	       2.80756	      0.106847	
16.500	       2.80756	      0.106847	
17.000	       1.42579	      0.255831	
17.500	       3.10376	      0.549392	
18.000	       3.59893	      0.416575	
18.500	       3.59893	      0.416575	
19.000	       1.87614	      0.510815	
19.500	        2.7916	       2.04702	
20.000	        2.7916	       2.04702	
20.500	        4.3311	        1.4849	
21.000	       1.90661	       4.93175	
21.500	       2.57935	      0.190104	
22.000	       2.57935	      0.190104	
22.500	       3.10644	       16.0372	
23.000	       2.98311	       153.952	
23.500	       2.98311	       153.952	
24.000	       3.28728	       19.3055	
24.500	       2.99603	      0.355277	
25.000	       3.13141	       2.89222	
25.500	       3.13141	       2.89222	
26.000	       2.74727	       1.37634	
26.500	       4.43449	       1.66003	
27.000	       4.43449	       1.66003	
27.500	       2.45366	       1.40008	
28.000	       3.66914	       1.45388	
28.500	       5.81287	       0.28114	
29.000	       5.81287	       0.28114	
29.500	       3.01416	      0.404774	
30.000	       4.32536	     0.0862214	
30.500	       4.32536	     0.0862214	
31.000	        4.9808	      0.959747	
31.500	       4.39674	       0.69958	
32.000	       2.80824	      0.148093	
32.500	       2.80824	      0.148093	
33.000	       4.40328	     0.0768983	
33.500	       0.81327	     0.0489533	
34.000	       0.81327	     0.0489533	
34.500	      0.934735	     0.0227904	
35.000	       0.23329	     0.0148556	
35.500	       0.23329	     0.0148556	
36.000	      0.145783	      0.447266	
36.500	      0.211647	      0.112942	
37.000	      0.929944	      0.270603	
37.500	      0.929944	      0.270603	
38.000	      0.267899	      0.435091	
38.500	      0.675455	       0.99347	
39.000	      0.675455	       0.99347	
39.500	      0.167744	       2.44591	
40.000	     0.0989392	       13.1995	
40.500	      0.192286	       135.473	
41.000	      0.192286	       135.473	
41.500	      0.827566	       13.1721	
42.000	       1.36139	       2.15206	
42.500	       1.36139	       2.15206	
43.000	       0.57753	       1.29683	
43.500	       1.87273	      0.492329	
44.000	      0.515296	      0.307699	
44.500	      0.515296	      0.307699	
45.000	      0.439065	     0.0806514	
45.500	     0.0453208	      0.119271	
46.000	     0.0453208	      0.119271	
46.500	      0.736654	     0.0548343	
47.000	     0.0137491	     0.0281604	
47.500	     0.0394079	     0.0926028	
48.000	     0.0394079	     0.0926028	
48.500	     0.0336587	   0.000723983	
49.000	      0.479754	      0.233858	
49.500	      0.479754	      0.233858	
50.000	       1.71063	      0.274878	
50.500	      0.947573	      0.350608	
51.000	     0.0371256	      0.312979	
51.500	     0.0371256	      0.312979	
52.000	     0.0053327	       0.30681	
52.500	     0.0156475	     0.0491946	
53.000	     0.0156475	     0.0491946	
53.500	    0.00134674	     0.0651782	
54.000	      0.609073	     0.0578497	
54.500	     0.0871913	      0.221905	
55.000	     0.0871913	      0.221905	
55.500	       0.88069	     0.0628824	
56.000	       0.25887	     0.0763398	
56.500	       0.25887	     0.0763398	
57.000	      0.530899	     0.0795016	
57.500	      0.381293	      0.081396	
58.000	      0.381293	      0.081396	
58.500	       1.93118	     0.0828236	
59.000	       3.05835	     0.0839905	
59.500	       20.3685	     0.0849782	
60.000	       20.3685	     0.0849782	
60.500	       206.667	      0.085828	
61.000	       20.2183	      0.086564	
61.500	       20.2183	      0.086564	
62.000	       3.78008	     0.0872002	
62.500	       1.83331	     0.0877424	
63.000	      0.792773	     0.0881863	
63.500	      0.792773	     0.0881863	
64.000	      0.691713	     0.0885085	
64.500	     0.0588521	     0.0886385	
65.000	     0.0588521	     0.0886385	
65.500	       1.13352	     0.0883508	
66.000	     0.0838243	     0.0866561	
66.500	      0.977312	     0.0718452	
67.000	      0.977312	     0.0718452	
67.500	      0.790521	      0.282684	
68.000	      0.202987	       0.07245	
68.500	      0.202987	       0.07245	
69.000	    0.00690395	     0.0878728	
69.500	     0.0242063	     0.0901943	
70.000	      0.092039	      0.091132	
70.500	      0.092039	      0.091132	
71.000	      0.673529	     0.0916852	
71.500	      0.111856	     0.0920928	
72.000	      0.111856	     0.0920928	
72.500	     0.0678162	     0.0924439	
73.000	      0.104999	     0.0927929	
73.500	       0.44028	     0.0932056	
74.000	       0.44028	     0.0932056	
74.500	      0.110018	     0.0938363	
75.000	     0.0741847	     0.0953046	
75.500	     0.0741847	     0.0953046	
76.000	     0.0776617	      0.104915	
76.500	    0.00176685	     0.0314767	
77.000	      0.112961	      0.169182	
77.500	      0.112961	      0.169182	
78.000	      0.494774	     0.0251845	
78.500	      0.807765	      0.104858	
79.000	      0.807765	      0.104858	
79.500	     0.0355529	     0.0959404	
80.000	      0.781415	      0.094782	
80.500	      0.781415	      0.094782	
81.000	      0.688018	     0.0944385	
81.500	      0.124355	     0.0943264	
82.000	     0.0805472	     0.0943102	
82.500	     0.0805472	     0.0943102	
83.000	      0.725968	     0.0943481	
83.500	      0.105141	     0.0944308	
84.000	      0.105141	     0.0944308	
84.500	       1.50963	     0.0945716	
85.000	       1.16478	     0.0948221	
85.500	        1.3114	     0.0953511	
86.000	        1.3114	     0.0953511	
86.500	      0.153532	     0.0969066	
87.000	     0.0648949	      0.108422	
87.500	     0.0648949	      0.108422	
88.000	      0.667559	     0.0528635	
88.500	       3.24566	      0.107516	
89.000	       1.02788	     0.0906333	
89.500	       1.02788	     0.0906333	
90.000	       1.85779	      0.162962	
90.500	       1.49825	     0.0885587	
91.000	       1.49825	     0.0885587	
91.500	       3.26366	     0.0936376	
92.000	       3.91679	     0.0942152	
92.500	       5.40899	     0.0943218	
93.000	       5.40899	     0.0943218	
93.500	       10.6051	     0.0942182	
94.000	       7.25918	     0.0937018	
94.500	       7.25918	     0.0937018	
95.000	       2.79371	      0.089589	
95.500	       1.25886	      0.147196	
96.000	        2.2196	     0.0896231	
96.500	        2.2196	     0.0896231	
97.000	       1.60918	     0.0937696	
97.500	       1.35345	     0.0943197	
98.000	       1.35345	     0.0943197	
98.500	       1.20594	     0.0944603	
99.000	      0.893984	     0.0944111	
99.500	       1.08155	     0.0940107	
100.000	       1.08155	     0.0940107	
100.500	       1.06939	     0.0906297	
101.000	      0.547076	      0.138309	
101.500	      0.547076	      0.138309	
102.000	      0.484711	     0.0906974	
102.500	      0.384011	     0.0941526	
103.000	      0.384011	     0.0941526	
103.500	      0.168767	     0.0946436	
104.000	      0.222301	      0.094822	
104.500	    0.00180019	     0.0949133	
105.000	    0.00180019	     0.0949133	
105.500	      0.103189	     0.0949702	
106.000	     0.0960924	     0.0950106	
106.500	     0.0960924	     0.0950106	
107.000	     0.0949025	     0.0950419	
107.500	      0.094405	     0.0950676	
108.000	     0.0941401	     0.0950896	
108.500	     0.0941401	     0.0950896	
109.000	     0.0939857	      0.095109	
109.500	     0.0938936	     0.0951265	
110.000	     0.0938936	     0.0951265	
110.500	     0.0938404	     0.0951425	
111.000	     0.0938128	     0.0951573	
111.500	     0.0938029	     0.0951712	
112.000	     0.0938029	     0.0951712	
112.500	     0.0938055	     0.0951842	
113.000	     0.0938171	     0.0951965	
113.500	     0.0938171	     0.0951965	
114.000	     0.0938352	     0.0952081	
114.500	     0.0938581	     0.0952192	
115.000	     0.0938844	     0.0952298	
115.500	     0.0938844	     0.0952298	
116.000	     0.0939133	     0.0952399	
116.500	     0.0939439	     0.0952496	
117.000	     0.0939439	     0.0952496	
117.500	     0.0939758	     0.0952588	
118.000	     0.0940085	     0.0952677	
118.500	     0.0940416	     0.0952762	
119.000	     0.0940416	     0.0952762	
119.500	     0.0940749	     0.0952844	
120.000	     0.0941082	     0.0952923	
120.500	     0.0941082	     0.0952923	
121.000	     0.0941413	     0.0952998	
121.500	     0.0941742	     0.0953071	
122.000	     0.0942066	     0.0953141	
122.500	     0.0942066	     0.0953141	
123.000	     0.0942386	     0.0953208	
123.500	     0.0942701	     0.0953273	
124.000	     0.0942701	     0.0953273	
124.500	     0.0943011	     0.0953335	
125.000	     0.0943314	     0.0953395	
125.500	     0.0943314	     0.0953395	
126.000	     0.0943612	     0.0953453	
126.500	     0.0943903	     0.0953508	
127.000	     0.0944187	     0.0953562	
127.500	     0.0944187	     0.0953562	
128.000	     0.0944466	     0.0953613	
128.500	     0.0944738	     0.0953662	
129.000	     0.0944738	     0.0953662	
129.500	     0.0945003	     0.0953709	
130.000	     0.0945262	     0.0953755	
130.500	     0.0945515	     0.0953799	
131.000	     0.0945515	     0.0953799	
131.500	     0.0945762	      0.095384	
132.000	     0.0946003	     0.0953881	
132.500	     0.0946003	     0.0953881	
133.000	     0.0946237	     0.0953919	
133.500	     0.0946466	     0.0953956	
134.000	     0.0946689	     0.0953991	
134.500	     0.0946689	     0.0953991	
135.000	     0.0946907	     0.0954025	
135.500	     0.0947119	     0.0954057	
136.000	     0.0947119	     0.0954057	
136.500	     0.0947326	     0.0954088	
137.000	     0.0947527	     0.0954117	
137.500	     0.0947724	     0.0954145	
138.000	     0.0947724	     0.0954145	
138.500	     0.0947915	     0.0954171	
139.000	     0.0948102	     0.0954196	
139.500	     0.0948102	     0.0954196	
140.000	     0.0948284	     0.0954219	
140.500	     0.0948461	     0.0954242	
141.000	     0.0948634	     0.0954263	
141.500	     0.0948634	     0.0954263	
142.000	     0.0948803	     0.0954282	
142.500	     0.0948967	     0.0954301	
143.000	     0.0948967	     0.0954301	
143.500	     0.0949127	     0.0954318	
144.000	     0.0949283	     0.0954334	
144.500	     0.0949436	     0.0954349	
145.000	     0.0949436	     0.0954349	
145.500	     0.0949584	     0.0954363	
146.000	     0.0949729	     0.0954375	
146.500	     0.0949729	     0.0954375	
147.000	      0.094987	     0.0954386	
147.500	     0.0950008	     0.0954396	
148.000	     0.0950008	     0.0954396	
148.500	     0.0950142	     0.0954405	
149.000	     0.0950273	     0.0954413	
149.500	     0.0950401	      0.095442	
150.000	     0.0950401	      0.095442	
150.500	     0.0950525	     0.0954426	
151.000	     0.0950647	      0.095443	
151.500	     0.0950647	      0.095443	
152.000	     0.0950765	     0.0954434	
152.500	     0.0950881	     0.0954436	
153.000	     0.0950994	     0.0954438	
153.500	     0.0950994	     0.0954438	
154.000	     0.0951104	     0.0954438	
154.500	     0.0951211	     0.0954437	
155.000	     0.0951211	     0.0954437	
155.500	     0.0951315	     0.0954435	
156.000	     0.0951418	     0.0954432	
156.500	     0.0951517	     0.0954429	
157.000	     0.0951517	     0.0954429	
157.500	     0.0951614	     0.0954424	
158.000	     0.0951709	     0.0954418	
158.500	     0.0951709	     0.0954418	
159.000	     0.0951801	     0.0954411	
159.500	     0.0951892	     0.0954403	
160.000	     0.0951979	     0.0954394	
160.500	     0.0951979	     0.0954394	
161.000	     0.0952065	     0.0954384	
161.500	     0.0952149	     0.0954373	
162.000	     0.0952149	     0.0954373	
162.500	      0.095223	      0.095436	
163.000	      0.095231	     0.0954347	
163.500	     0.0952387	     0.0954333	
164.000	     0.0952387	     0.0954333	
164.500	     0.0952463	     0.0954318	
165.000	     0.0952537	     0.0954302	
165.500	     0.0952537	     0.0954302	
166.000	     0.0952609	     0.0954284	
166.500	     0.0952679	     0.0954266	
167.000	     0.0952747	     0.0954246	
167.500	     0.0952747	     0.0954246	
168.000	     0.0952813	     0.0954226	
168.500	     0.0952878	     0.0954204	
169.000	     0.0952878	     0.0954204	
169.500	     0.0952941	     0.0954182	
170.000	     0.0953003	     0.0954158	
170.500	     0.0953003	     0.0954158	
171.000	     0.0953063	     0.0954133	
171.500	     0.0953121	     0.0954107	
172.000	     0.0953178	      0.095408	
172.500	     0.0953178	      0.095408	
173.000	     0.0953233	     0.0954052	
173.500	     0.0953286	     0.0954023	
174.000	     0.0953286	     0.0954023	
174.500	     0.0953339	     0.0953992	
175.000	     0.0953389	     0.0953961	
175.500	     0.0953439	     0.0953928	
176.000	     0.0953439	     0.0953928	
176.500	     0.0953487	     0.0953894	
177.000	     0.0953533	     0.0953859	
177.500	     0.0953533	     0.0953859	
178.000	     0.0953579	     0.0953823	
178.500	     0.0953623	     0.0953785	
179.000	     0.0953665	     0.0953747	
179.500	     0.0953665	     0.0953747	
180.000	     0.0953707	     0.0953707	
