
TracePro Release: 3 2 0 
Polar Candela Distribution Data for 
Data covers +/- 180.000 degrees from Normal
Data for Missed Rays
Data generated at 09:42:52 June 30, 2025

	   0.0	 180.0
0.000	    0.00149606	    0.00149606	
0.500	    0.00105869	     0.0019055	
1.000	    0.00105869	     0.0019055	
1.500	   0.000590799	    0.00228937	
2.000	  8.94524e-005	    0.00264976	
2.500	    0.00044864	    0.00298855	
3.000	    0.00044864	    0.00298855	
3.500	    0.00102719	    0.00330743	
4.000	    0.00165038	    0.00360795	
4.500	    0.00165038	    0.00360795	
5.000	    0.00232299	    0.00389148	
5.500	    0.00305041	    0.00415929	
6.000	    0.00383884	    0.00441251	
6.500	    0.00383884	    0.00441251	
7.000	    0.00469537	     0.0046522	
7.500	    0.00562817	    0.00487929	
8.000	    0.00562817	    0.00487929	
8.500	    0.00664668	    0.00509466	
9.000	    0.00776186	     0.0052991	
9.500	    0.00898651	    0.00549334	
10.000	    0.00898651	    0.00549334	
10.500	     0.0103356	    0.00567803	
11.000	      0.011827	    0.00585381	
11.500	      0.011827	    0.00585381	
12.000	     0.0134815	    0.00602122	
12.500	     0.0153242	     0.0061808	
13.000	     0.0153242	     0.0061808	
13.500	     0.0173854	    0.00633302	
14.000	     0.0197014	    0.00647833	
14.500	     0.0223168	    0.00661713	
15.000	     0.0223168	    0.00661713	
15.500	     0.0252863	    0.00674982	
16.000	      0.028678	    0.00687674	
16.500	      0.028678	    0.00687674	
17.000	     0.0325771	    0.00699822	
17.500	     0.0370918	    0.00711457	
18.000	     0.0423612	    0.00722607	
18.500	     0.0423612	    0.00722607	
19.000	     0.0485659	    0.00733299	
19.500	     0.0559449	    0.00743557	
20.000	     0.0559449	    0.00743557	
20.500	      0.064819	    0.00753404	
21.000	     0.0756273	    0.00762863	
21.500	     0.0889842	    0.00771952	
22.000	     0.0889842	    0.00771952	
22.500	       0.10577	    0.00780692	
23.000	      0.127285	      0.007891	
23.500	      0.127285	      0.007891	
24.000	      0.155508	    0.00797192	
24.500	      0.193583	    0.00804984	
25.000	      0.246746	     0.0081249	
25.500	      0.246746	     0.0081249	
26.000	      0.324249	    0.00819725	
26.500	      0.443736	    0.00826701	
27.000	      0.443736	    0.00826701	
27.500	      0.642392	    0.00833431	
28.000	       1.01029	    0.00839925	
28.500	        1.8164	    0.00846196	
29.000	        1.8164	    0.00846196	
29.500	       4.21456	    0.00852252	
30.000	       21.7984	    0.00858104	
30.500	       21.7984	    0.00858104	
31.000	       222.511	    0.00863761	
31.500	       21.8005	    0.00869232	
32.000	       4.21882	    0.00874524	
32.500	       4.21882	    0.00874524	
33.000	       1.82287	    0.00879645	
33.500	        1.0191	    0.00884603	
34.000	        1.0191	    0.00884603	
34.500	      0.653681	    0.00889405	
35.000	      0.457714	    0.00894057	
35.500	      0.457714	    0.00894057	
36.000	      0.341183	    0.00898565	
36.500	      0.266974	    0.00902935	
37.000	      0.217535	    0.00907174	
37.500	      0.217535	    0.00907174	
38.000	      0.183728	    0.00911286	
38.500	      0.160466	    0.00915276	
39.000	      0.160466	    0.00915276	
39.500	      0.144803	    0.00919149	
40.000	       0.13502	    0.00922911	
40.500	      0.130179	    0.00926564	
41.000	      0.130179	    0.00926564	
41.500	      0.129906	    0.00930114	
42.000	      0.134317	    0.00933564	
42.500	      0.134317	    0.00933564	
43.000	      0.144056	    0.00936919	
43.500	      0.160465	    0.00940181	
44.000	      0.185966	    0.00943355	
44.500	      0.185966	    0.00943355	
45.000	      0.224841	    0.00946443	
45.500	      0.284909	    0.00949449	
46.000	      0.284909	    0.00949449	
46.500	      0.381371	    0.00952376	
47.000	      0.546699	    0.00955227	
47.500	      0.860417	    0.00958004	
48.000	      0.860417	    0.00958004	
48.500	       1.56223	     0.0096071	
49.000	       3.68878	    0.00963348	
49.500	       3.68878	    0.00963348	
50.000	       19.5264	     0.0096592	
50.500	       201.801	    0.00968428	
51.000	       18.8509	    0.00970875	
51.500	       18.8509	    0.00970875	
52.000	      0.758184	    0.00973263	
52.500	       48.3591	    0.00975593	
53.000	       48.3591	    0.00975593	
53.500	       3.65977	    0.00977868	
54.000	      0.302037	     0.0098009	
54.500	     0.0209818	    0.00982261	
55.000	     0.0209818	    0.00982261	
55.500	      0.081477	    0.00984381	
56.000	     0.0880127	    0.00986454	
56.500	     0.0880127	    0.00986454	
57.000	     0.0810779	     0.0098848	
57.500	     0.0712024	    0.00990461	
58.000	     0.0712024	    0.00990461	
58.500	     0.0614506	    0.00992399	
59.000	     0.0526781	    0.00994294	
59.500	     0.0450314	    0.00996149	
60.000	     0.0450314	    0.00996149	
60.500	     0.0384313	    0.00997965	
61.000	     0.0327384	    0.00999743	
61.500	     0.0327384	    0.00999743	
62.000	     0.0278105	     0.0100148	
62.500	     0.0235206	     0.0100319	
63.000	     0.0197613	     0.0100486	
63.500	     0.0197613	     0.0100486	
64.000	     0.0164437	      0.010065	
64.500	     0.0134945	      0.010081	
65.000	     0.0134945	      0.010081	
65.500	     0.0108537	     0.0100968	
66.000	     0.0084717	     0.0101122	
66.500	    0.00630769	     0.0101274	
67.000	    0.00630769	     0.0101274	
67.500	    0.00432754	     0.0101422	
68.000	    0.00250266	     0.0101568	
68.500	    0.00250266	     0.0101568	
69.000	   0.000808911	     0.0101711	
69.500	   0.000774314	     0.0101852	
70.000	    0.00226474	      0.010199	
70.500	    0.00226474	      0.010199	
71.000	     0.0036778	     0.0102126	
71.500	    0.00502703	      0.010226	
72.000	    0.00502703	      0.010226	
72.500	    0.00632451	     0.0102391	
73.000	    0.00758112	      0.010252	
73.500	    0.00880681	     0.0102647	
74.000	    0.00880681	     0.0102647	
74.500	     0.0100108	     0.0102772	
75.000	     0.0112019	     0.0102895	
75.500	     0.0112019	     0.0102895	
76.000	     0.0123885	     0.0103015	
76.500	     0.0135787	     0.0103135	
77.000	     0.0147807	     0.0103252	
77.500	     0.0147807	     0.0103252	
78.000	     0.0160028	     0.0103367	
78.500	     0.0172535	     0.0103481	
79.000	     0.0172535	     0.0103481	
79.500	     0.0185418	     0.0103594	
80.000	     0.0198772	     0.0103704	
80.500	     0.0198772	     0.0103704	
81.000	     0.0212699	     0.0103814	
81.500	     0.0227312	     0.0103921	
82.000	     0.0242735	     0.0104028	
82.500	     0.0242735	     0.0104028	
83.000	     0.0259107	     0.0104133	
83.500	     0.0276585	     0.0104236	
84.000	     0.0276585	     0.0104236	
84.500	      0.029535	     0.0104339	
85.000	     0.0315606	      0.010444	
85.500	     0.0337596	      0.010454	
86.000	     0.0337596	      0.010454	
86.500	     0.0361598	     0.0104638	
87.000	     0.0387945	     0.0104736	
87.500	     0.0387945	     0.0104736	
88.000	      0.041703	     0.0104833	
88.500	     0.0449323	     0.0104928	
89.000	     0.0485396	     0.0105023	
89.500	     0.0485396	     0.0105023	
90.000	     0.0525943	     0.0105117	
90.500	     0.0571816	     0.0105209	
91.000	     0.0571816	     0.0105209	
91.500	     0.0624078	     0.0105301	
92.000	     0.0684058	     0.0105392	
92.500	     0.0753445	     0.0105483	
93.000	     0.0753445	     0.0105483	
93.500	     0.0834408	     0.0105572	
94.000	     0.0929773	     0.0105661	
94.500	     0.0929773	     0.0105661	
95.000	      0.104327	     0.0105749	
95.500	      0.117993	     0.0105837	
96.000	      0.134661	     0.0105924	
96.500	      0.134661	     0.0105924	
97.000	      0.155296	      0.010601	
97.500	      0.181277	     0.0106095	
98.000	      0.181277	     0.0106095	
98.500	      0.214641	     0.0106181	
99.000	      0.258498	     0.0106265	
99.500	      0.317784	      0.010635	
100.000	      0.317784	      0.010635	
100.500	      0.400719	     0.0106433	
101.000	      0.521839	     0.0106517	
101.500	      0.521839	     0.0106517	
102.000	      0.708867	       0.01066	
102.500	       1.02024	     0.0106682	
103.000	       1.02024	     0.0106682	
103.500	       1.59751	     0.0106765	
104.000	       2.86339	     0.0106847	
104.500	       6.63138	     0.0106929	
105.000	       6.63138	     0.0106929	
105.500	       34.2663	      0.010701	
106.000	       349.714	     0.0107092	
106.500	       349.714	     0.0107092	
107.000	       34.2664	     0.0107173	
107.500	       6.63165	     0.0107254	
108.000	       2.86381	     0.0107335	
108.500	       2.86381	     0.0107335	
109.000	       1.59806	     0.0107416	
109.500	       1.02093	     0.0107496	
110.000	       1.02093	     0.0107496	
110.500	      0.709702	     0.0107577	
111.000	      0.522817	     0.0107658	
111.500	      0.401841	     0.0107739	
112.000	      0.401841	     0.0107739	
112.500	      0.319051	      0.010782	
113.000	      0.259914	       0.01079	
113.500	      0.259914	       0.01079	
114.000	      0.216207	     0.0107982	
114.500	      0.182996	     0.0108063	
115.000	      0.157171	     0.0108144	
115.500	      0.157171	     0.0108144	
116.000	      0.136695	     0.0108226	
116.500	      0.120189	     0.0108307	
117.000	      0.120189	     0.0108307	
117.500	       0.10669	     0.0108389	
118.000	     0.0955101	     0.0108472	
118.500	     0.0861486	     0.0108554	
119.000	     0.0861486	     0.0108554	
119.500	     0.0782321	     0.0108637	
120.000	     0.0714785	     0.0108721	
120.500	     0.0714785	     0.0108721	
121.000	     0.0656714	     0.0108804	
121.500	     0.0606424	     0.0108889	
122.000	     0.0562588	     0.0108973	
122.500	     0.0562588	     0.0108973	
123.000	     0.0524153	     0.0109058	
123.500	      0.049027	     0.0109144	
124.000	      0.049027	     0.0109144	
124.500	     0.0460252	      0.010923	
125.000	     0.0433534	     0.0109317	
125.500	     0.0433534	     0.0109317	
126.000	     0.0409653	     0.0109405	
126.500	     0.0388223	     0.0109493	
127.000	     0.0368923	     0.0109582	
127.500	     0.0368923	     0.0109582	
128.000	     0.0351481	     0.0109671	
128.500	     0.0335668	     0.0109762	
129.000	     0.0335668	     0.0109762	
129.500	     0.0321288	     0.0109853	
130.000	     0.0308176	     0.0109945	
130.500	     0.0296187	     0.0110038	
131.000	     0.0296187	     0.0110038	
131.500	     0.0285198	     0.0110131	
132.000	     0.0275102	     0.0110226	
132.500	     0.0275102	     0.0110226	
133.000	     0.0265806	     0.0110322	
133.500	     0.0257228	     0.0110419	
134.000	     0.0249297	     0.0110516	
134.500	     0.0249297	     0.0110516	
135.000	      0.024195	     0.0110615	
135.500	     0.0235133	     0.0110716	
136.000	     0.0235133	     0.0110716	
136.500	     0.0228795	     0.0110817	
137.000	     0.0222893	      0.011092	
137.500	      0.021739	     0.0111024	
138.000	      0.021739	     0.0111024	
138.500	      0.021225	     0.0111129	
139.000	     0.0207443	     0.0111236	
139.500	     0.0207443	     0.0111236	
140.000	      0.020294	     0.0111344	
140.500	     0.0198717	     0.0111453	
141.000	     0.0194752	     0.0111565	
141.500	     0.0194752	     0.0111565	
142.000	     0.0191025	     0.0111678	
142.500	     0.0187516	     0.0111792	
143.000	     0.0187516	     0.0111792	
143.500	      0.018421	     0.0111908	
144.000	     0.0181092	     0.0112026	
144.500	     0.0178147	     0.0112146	
145.000	     0.0178147	     0.0112146	
145.500	     0.0175364	     0.0112268	
146.000	      0.017273	     0.0112392	
146.500	      0.017273	     0.0112392	
147.000	     0.0170237	     0.0112518	
147.500	     0.0167873	     0.0112646	
148.000	     0.0167873	     0.0112646	
148.500	     0.0165631	     0.0112776	
149.000	     0.0163502	     0.0112909	
149.500	     0.0161479	     0.0113044	
150.000	     0.0161479	     0.0113044	
150.500	     0.0159555	     0.0113181	
151.000	     0.0157724	     0.0113321	
151.500	     0.0157724	     0.0113321	
152.000	     0.0155981	     0.0113463	
152.500	     0.0154319	     0.0113608	
153.000	     0.0152734	     0.0113756	
153.500	     0.0152734	     0.0113756	
154.000	     0.0151221	     0.0113907	
154.500	     0.0149776	     0.0114061	
155.000	     0.0149776	     0.0114061	
155.500	     0.0148396	     0.0114218	
156.000	     0.0147076	     0.0114378	
156.500	     0.0145812	     0.0114541	
157.000	     0.0145812	     0.0114541	
157.500	     0.0144603	     0.0114707	
158.000	     0.0143445	     0.0114878	
158.500	     0.0143445	     0.0114878	
159.000	     0.0142334	     0.0115051	
159.500	      0.014127	     0.0115229	
160.000	     0.0140248	      0.011541	
160.500	     0.0140248	      0.011541	
161.000	     0.0139267	     0.0115596	
161.500	     0.0138325	     0.0115785	
162.000	     0.0138325	     0.0115785	
162.500	      0.013742	     0.0115979	
163.000	      0.013655	     0.0116178	
163.500	     0.0135713	     0.0116381	
164.000	     0.0135713	     0.0116381	
164.500	     0.0134907	     0.0116589	
165.000	     0.0134132	     0.0116801	
165.500	     0.0134132	     0.0116801	
166.000	     0.0133385	     0.0117019	
166.500	     0.0132665	     0.0117242	
167.000	     0.0131971	     0.0117471	
167.500	     0.0131971	     0.0117471	
168.000	     0.0131302	     0.0117705	
168.500	     0.0130656	     0.0117945	
169.000	     0.0130656	     0.0117945	
169.500	     0.0130033	     0.0118192	
170.000	     0.0129431	     0.0118444	
170.500	     0.0129431	     0.0118444	
171.000	      0.012885	     0.0118704	
171.500	     0.0128288	      0.011897	
172.000	     0.0127745	     0.0119243	
172.500	     0.0127745	     0.0119243	
173.000	      0.012722	     0.0119523	
173.500	     0.0126712	     0.0119811	
174.000	     0.0126712	     0.0119811	
174.500	      0.012622	     0.0120107	
175.000	     0.0125744	     0.0120412	
175.500	     0.0125283	     0.0120725	
176.000	     0.0125283	     0.0120725	
176.500	     0.0124837	     0.0121046	
177.000	     0.0124404	     0.0121377	
177.500	     0.0124404	     0.0121377	
178.000	     0.0123985	     0.0121718	
178.500	     0.0123578	     0.0122068	
179.000	     0.0123183	     0.0122429	
179.500	     0.0123183	     0.0122429	
180.000	       0.01228	       0.01228	
