
TracePro Release: 3 2 0 
Polar Candela Distribution Data for 
Data covers +/- 180.000 degrees from Normal
Data for Missed Rays
Data generated at 09:31:07 June 30, 2025

	   0.0	 180.0
0.000	     0.0284983	     0.0284983	
0.500	     0.0115707	     0.0428415	
1.000	     0.0115707	     0.0428415	
1.500	    0.00860956	     0.0551055	
2.000	     0.0329408	     0.0656783	
2.500	     0.0626538	     0.0748618	
3.000	     0.0626538	     0.0748618	
3.500	     0.0994715	     0.0828936	
4.000	      0.145865	      0.089963	
4.500	      0.145865	      0.089963	
5.000	      0.205482	     0.0962223	
5.500	      0.283888	      0.101795	
6.000	      0.389917	      0.106783	
6.500	      0.389917	      0.106783	
7.000	       0.53829	       0.11127	
7.500	      0.755026	      0.115324	
8.000	      0.755026	      0.115324	
8.500	       1.08976	      0.119005	
9.000	       1.64709	      0.122363	
9.500	       2.68045	      0.125437	
10.000	       2.68045	      0.125437	
10.500	       4.94661	      0.128266	
11.000	       11.6921	      0.130878	
11.500	       11.6921	      0.130878	
12.000	       61.1651	      0.133301	
12.500	       626.251	      0.135559	
13.000	       626.251	      0.135559	
13.500	       61.1652	      0.137671	
14.000	       11.6923	      0.139656	
14.500	        4.9469	       0.14153	
15.000	        4.9469	       0.14153	
15.500	       2.68084	      0.143307	
16.000	       1.64758	         0.145	
16.500	       1.64758	         0.145	
17.000	       1.09034	      0.146622	
17.500	      0.755713	      0.148183	
18.000	      0.539078	      0.149694	
18.500	      0.539078	      0.149694	
19.000	      0.390808	      0.151164	
19.500	      0.284883	      0.152604	
20.000	      0.284883	      0.152604	
20.500	      0.206584	      0.154022	
21.000	      0.147074	      0.155428	
21.500	      0.100791	      0.156831	
22.000	      0.100791	      0.156831	
22.500	     0.0640856	       0.15824	
23.000	     0.0344877	      0.159666	
23.500	     0.0344877	      0.159666	
24.000	     0.0102744	       0.16112	
24.500	    0.00978485	      0.162612	
25.000	     0.0265881	      0.164156	
25.500	     0.0265881	      0.164156	
26.000	     0.0408032	      0.165765	
26.500	     0.0529353	      0.167455	
27.000	     0.0529353	      0.167455	
27.500	     0.0633719	      0.169246	
28.000	     0.0724144	      0.171156	
28.500	     0.0803003	      0.173213	
29.000	     0.0803003	      0.173213	
29.500	     0.0872184	      0.175443	
30.000	     0.0933205	      0.177883	
30.500	     0.0933205	      0.177883	
31.000	       0.09873	      0.180575	
31.500	      0.103548	       0.18357	
32.000	      0.107856	      0.186933	
32.500	      0.107856	      0.186933	
33.000	      0.111726	      0.190743	
33.500	      0.115213	      0.195101	
34.000	      0.115213	      0.195101	
34.500	      0.118366	      0.200137	
35.000	      0.121228	       0.20602	
35.500	      0.121228	       0.20602	
36.000	      0.123831	      0.212971	
36.500	      0.126208	      0.221291	
37.000	      0.128382	      0.231389	
37.500	      0.128382	      0.231389	
38.000	      0.130377	      0.243837	
38.500	      0.132211	      0.259458	
39.000	      0.132211	      0.259458	
39.500	      0.133901	      0.279462	
40.000	      0.135463	      0.305699	
40.500	      0.136907	      0.341105	
41.000	      0.136907	      0.341105	
41.500	      0.138247	      0.390569	
42.000	      0.139491	      0.462735	
42.500	      0.139491	      0.462735	
43.000	      0.140649	      0.574088	
43.500	      0.141728	       0.75938	
44.000	      0.142735	       1.10279	
44.500	      0.142735	       1.10279	
45.000	      0.143677	        1.8557	
45.500	      0.144559	       4.09653	
46.000	      0.144559	       4.09653	
46.500	      0.145386	       20.5304	
47.000	      0.146162	       207.812	
47.500	      0.146891	       20.5307	
48.000	      0.146891	       20.5307	
48.500	      0.147578	       4.09711	
49.000	      0.148225	       1.85657	
49.500	      0.148225	       1.85657	
50.000	      0.148835	       1.10396	
50.500	      0.149411	      0.760847	
51.000	      0.149956	      0.575854	
51.500	      0.149956	      0.575854	
52.000	      0.150472	      0.464802	
52.500	       0.15096	      0.392941	
53.000	       0.15096	      0.392941	
53.500	      0.151423	      0.343787	
54.000	      0.151862	      0.308695	
54.500	      0.152279	      0.282777	
55.000	      0.152279	      0.282777	
55.500	      0.152676	      0.263098	
56.000	      0.153053	      0.247809	
56.500	      0.153053	      0.247809	
57.000	      0.153412	        0.2357	
57.500	      0.153754	      0.225948	
58.000	      0.153754	      0.225948	
58.500	      0.154081	      0.217983	
59.000	      0.154392	      0.211396	
59.500	      0.154689	      0.205887	
60.000	      0.154689	      0.205887	
60.500	      0.154973	      0.201237	
61.000	      0.155245	      0.197276	
61.500	      0.155245	      0.197276	
62.000	      0.155505	      0.193877	
62.500	      0.155753	      0.190938	
63.000	      0.155992	      0.188382	
63.500	      0.155992	      0.188382	
64.000	       0.15622	      0.186146	
64.500	      0.156439	      0.184179	
65.000	      0.156439	      0.184179	
65.500	      0.156649	       0.18244	
66.000	      0.156851	      0.180897	
66.500	      0.157045	      0.179521	
67.000	      0.157045	      0.179521	
67.500	      0.157231	      0.178289	
68.000	       0.15741	      0.177183	
68.500	       0.15741	      0.177183	
69.000	      0.157582	      0.176186	
69.500	      0.157748	      0.175286	
70.000	      0.157907	      0.174469	
70.500	      0.157907	      0.174469	
71.000	      0.158061	      0.173727	
71.500	      0.158209	       0.17305	
72.000	      0.158209	       0.17305	
72.500	      0.158352	      0.172432	
73.000	       0.15849	      0.171866	
73.500	      0.158623	      0.171347	
74.000	      0.158623	      0.171347	
74.500	      0.158751	       0.17087	
75.000	      0.158875	       0.17043	
75.500	      0.158875	       0.17043	
76.000	      0.158995	      0.170025	
76.500	      0.159111	       0.16965	
77.000	      0.159222	      0.169303	
77.500	      0.159222	      0.169303	
78.000	      0.159331	      0.168981	
78.500	      0.159435	      0.168682	
79.000	      0.159435	      0.168682	
79.500	      0.159537	      0.168404	
80.000	      0.159635	      0.168145	
80.500	      0.159635	      0.168145	
81.000	       0.15973	      0.167903	
81.500	      0.159822	      0.167678	
82.000	      0.159911	      0.167467	
82.500	      0.159911	      0.167467	
83.000	      0.159997	       0.16727	
83.500	      0.160081	      0.167085	
84.000	      0.160081	      0.167085	
84.500	      0.160162	      0.166912	
85.000	      0.160241	      0.166749	
85.500	      0.160317	      0.166597	
86.000	      0.160317	      0.166597	
86.500	      0.160392	      0.166453	
87.000	      0.160464	      0.166317	
87.500	      0.160464	      0.166317	
88.000	      0.160534	       0.16619	
88.500	      0.160602	       0.16607	
89.000	      0.160668	      0.165956	
89.500	      0.160668	      0.165956	
90.000	      0.160732	      0.165849	
90.500	      0.160795	      0.165748	
91.000	      0.160795	      0.165748	
91.500	      0.160856	      0.165652	
92.000	      0.160915	      0.165561	
92.500	      0.160972	      0.165475	
93.000	      0.160972	      0.165475	
93.500	      0.161028	      0.165394	
94.000	      0.161083	      0.165317	
94.500	      0.161083	      0.165317	
95.000	      0.161136	      0.165243	
95.500	      0.161187	      0.165174	
96.000	      0.161237	      0.165107	
96.500	      0.161237	      0.165107	
97.000	      0.161286	      0.165045	
97.500	      0.161334	      0.164985	
98.000	      0.161334	      0.164985	
98.500	      0.161381	      0.164928	
99.000	      0.161426	      0.164873	
99.500	       0.16147	      0.164822	
100.000	       0.16147	      0.164822	
100.500	      0.161513	      0.164772	
101.000	      0.161556	      0.164725	
101.500	      0.161556	      0.164725	
102.000	      0.161597	       0.16468	
102.500	      0.161637	      0.164637	
103.000	      0.161637	      0.164637	
103.500	      0.161676	      0.164596	
104.000	      0.161714	      0.164557	
104.500	      0.161751	       0.16452	
105.000	      0.161751	       0.16452	
105.500	      0.161787	      0.164484	
106.000	      0.161823	       0.16445	
106.500	      0.161823	       0.16445	
107.000	      0.161858	      0.164417	
107.500	      0.161891	      0.164385	
108.000	      0.161925	      0.164355	
108.500	      0.161925	      0.164355	
109.000	      0.161957	      0.164326	
109.500	      0.161989	      0.164298	
110.000	      0.161989	      0.164298	
110.500	      0.162019	      0.164272	
111.000	       0.16205	      0.164246	
111.500	      0.162079	      0.164222	
112.000	      0.162079	      0.164222	
112.500	      0.162108	      0.164198	
113.000	      0.162136	      0.164175	
113.500	      0.162136	      0.164175	
114.000	      0.162164	      0.164153	
114.500	      0.162191	      0.164132	
115.000	      0.162218	      0.164112	
115.500	      0.162218	      0.164112	
116.000	      0.162243	      0.164093	
116.500	      0.162269	      0.164074	
117.000	      0.162269	      0.164074	
117.500	      0.162294	      0.164056	
118.000	      0.162318	      0.164038	
118.500	      0.162342	      0.164021	
119.000	      0.162342	      0.164021	
119.500	      0.162365	      0.164005	
120.000	      0.162388	      0.163989	
120.500	      0.162388	      0.163989	
121.000	       0.16241	      0.163974	
121.500	      0.162432	      0.163959	
122.000	      0.162454	      0.163945	
122.500	      0.162454	      0.163945	
123.000	      0.162475	      0.163932	
123.500	      0.162495	      0.163918	
124.000	      0.162495	      0.163918	
124.500	      0.162515	      0.163905	
125.000	      0.162535	      0.163893	
125.500	      0.162535	      0.163893	
126.000	      0.162555	      0.163881	
126.500	      0.162574	      0.163869	
127.000	      0.162592	      0.163858	
127.500	      0.162592	      0.163858	
128.000	      0.162611	      0.163847	
128.500	      0.162629	      0.163836	
129.000	      0.162629	      0.163836	
129.500	      0.162646	      0.163826	
130.000	      0.162664	      0.163815	
130.500	      0.162681	      0.163806	
131.000	      0.162681	      0.163806	
131.500	      0.162697	      0.163796	
132.000	      0.162714	      0.163787	
132.500	      0.162714	      0.163787	
133.000	       0.16273	      0.163778	
133.500	      0.162745	      0.163769	
134.000	      0.162761	       0.16376	
134.500	      0.162761	       0.16376	
135.000	      0.162776	      0.163752	
135.500	      0.162791	      0.163743	
136.000	      0.162791	      0.163743	
136.500	      0.162805	      0.163735	
137.000	       0.16282	      0.163727	
137.500	      0.162834	       0.16372	
138.000	      0.162834	       0.16372	
138.500	      0.162848	      0.163712	
139.000	      0.162861	      0.163705	
139.500	      0.162861	      0.163705	
140.000	      0.162875	      0.163698	
140.500	      0.162888	      0.163691	
141.000	      0.162901	      0.163684	
141.500	      0.162901	      0.163684	
142.000	      0.162913	      0.163677	
142.500	      0.162926	       0.16367	
143.000	      0.162926	       0.16367	
143.500	      0.162938	      0.163663	
144.000	       0.16295	      0.163657	
144.500	      0.162962	      0.163651	
145.000	      0.162962	      0.163651	
145.500	      0.162974	      0.163644	
146.000	      0.162985	      0.163638	
146.500	      0.162985	      0.163638	
147.000	      0.162996	      0.163632	
147.500	      0.163008	      0.163626	
148.000	      0.163008	      0.163626	
148.500	      0.163018	       0.16362	
149.000	      0.163029	      0.163614	
149.500	       0.16304	      0.163608	
150.000	       0.16304	      0.163608	
150.500	       0.16305	      0.163603	
151.000	       0.16306	      0.163597	
151.500	       0.16306	      0.163597	
152.000	       0.16307	      0.163591	
152.500	       0.16308	      0.163586	
153.000	       0.16309	       0.16358	
153.500	       0.16309	       0.16358	
154.000	        0.1631	      0.163575	
154.500	      0.163109	      0.163569	
155.000	      0.163109	      0.163569	
155.500	      0.163118	      0.163564	
156.000	      0.163128	      0.163558	
156.500	      0.163137	      0.163553	
157.000	      0.163137	      0.163553	
157.500	      0.163145	      0.163548	
158.000	      0.163154	      0.163543	
158.500	      0.163154	      0.163543	
159.000	      0.163163	      0.163537	
159.500	      0.163171	      0.163532	
160.000	       0.16318	      0.163527	
160.500	       0.16318	      0.163527	
161.000	      0.163188	      0.163521	
161.500	      0.163196	      0.163516	
162.000	      0.163196	      0.163516	
162.500	      0.163204	      0.163511	
163.000	      0.163212	      0.163506	
163.500	       0.16322	      0.163501	
164.000	       0.16322	      0.163501	
164.500	      0.163228	      0.163495	
165.000	      0.163235	       0.16349	
165.500	      0.163235	       0.16349	
166.000	      0.163243	      0.163485	
166.500	       0.16325	       0.16348	
167.000	      0.163257	      0.163474	
167.500	      0.163257	      0.163474	
168.000	      0.163265	      0.163469	
168.500	      0.163272	      0.163464	
169.000	      0.163272	      0.163464	
169.500	      0.163279	      0.163458	
170.000	      0.163286	      0.163453	
170.500	      0.163286	      0.163453	
171.000	      0.163292	      0.163448	
171.500	      0.163299	      0.163442	
172.000	      0.163306	      0.163437	
172.500	      0.163306	      0.163437	
173.000	      0.163312	      0.163431	
173.500	      0.163319	      0.163426	
174.000	      0.163319	      0.163426	
174.500	      0.163325	       0.16342	
175.000	      0.163332	      0.163415	
175.500	      0.163338	      0.163409	
176.000	      0.163338	      0.163409	
176.500	      0.163344	      0.163404	
177.000	      0.163351	      0.163398	
177.500	      0.163351	      0.163398	
178.000	      0.163357	      0.163392	
178.500	      0.163363	      0.163386	
179.000	      0.163369	      0.163381	
179.500	      0.163369	      0.163381	
180.000	      0.163375	      0.163375	
