
TracePro Release: 3 2 0 
Polar Candela Distribution Data for 
Data covers +/- 180.000 degrees from Normal
Data for Missed Rays
Data generated at 09:41:02 June 25, 2025

	   0.0	 180.0
0.000	      0.278203	      0.278203	
0.500	      0.273056	      0.313718	
1.000	      0.273056	      0.313718	
1.500	      0.271081	      0.174976	
2.000	      0.269978	       0.31413	
2.500	      0.269219	      0.278674	
3.000	      0.269219	      0.278674	
3.500	      0.268641	      0.271759	
4.000	      0.268203	       0.24532	
4.500	      0.268203	       0.24532	
5.000	      0.267945	      0.686509	
5.500	      0.268036	      0.123706	
6.000	      0.269034	      0.334901	
6.500	      0.269034	      0.334901	
7.000	      0.273416	     0.0614324	
7.500	      0.310638	      0.307612	
8.000	      0.310638	      0.307612	
8.500	      0.220625	       0.28032	
9.000	      0.308062	      0.276578	
9.500	      0.267787	       0.27544	
10.000	      0.267787	       0.27544	
10.500	      0.261471	      0.275138	
11.000	      0.126595	       0.27562	
11.500	      0.126595	       0.27562	
12.000	      0.859614	      0.282229	
12.500	       0.20187	      0.168047	
13.000	       0.20187	      0.168047	
13.500	      0.244127	      0.379051	
14.000	      0.223082	      0.167645	
14.500	      0.726339	      0.493463	
15.000	      0.726339	      0.493463	
15.500	      0.444366	      0.166831	
16.000	      0.325567	      0.561504	
16.500	      0.325567	      0.561504	
17.000	      0.256759	     0.0947138	
17.500	       1.37428	      0.374833	
18.000	     0.0896747	      0.270577	
18.500	     0.0896747	      0.270577	
19.000	      0.995293	      0.279905	
19.500	      0.619236	      0.289297	
20.000	      0.619236	      0.289297	
20.500	       1.04516	      0.351467	
21.000	      0.261114	      0.506369	
21.500	      0.990884	      0.351921	
22.000	      0.990884	      0.351921	
22.500	     0.0520487	       0.29038	
23.000	       1.88053	      0.282287	
23.500	       1.88053	      0.282287	
24.000	       1.42507	      0.280135	
24.500	      0.362851	      0.280646	
25.000	      0.240212	      0.286477	
25.500	      0.240212	      0.286477	
26.000	       1.38574	      0.341744	
26.500	       3.70208	      0.465539	
27.000	       3.70208	      0.465539	
27.500	      0.724131	      0.364532	
28.000	       1.33495	      0.732365	
28.500	        1.3742	       3.33072	
29.000	        1.3742	       3.33072	
29.500	       2.28758	      0.115705	
30.000	        1.2431	       0.34383	
30.500	        1.2431	       0.34383	
31.000	      0.959579	     0.0747564	
31.500	       4.71229	       1.27849	
32.000	       6.15479	      0.976744	
32.500	       6.15479	      0.976744	
33.000	        4.8471	       1.14171	
33.500	       2.63596	      0.212123	
34.000	       2.63596	      0.212123	
34.500	       1.42185	      0.265995	
35.000	       4.26599	      0.272561	
35.500	       4.26599	      0.272561	
36.000	       2.81578	      0.275015	
36.500	      0.297236	       0.27687	
37.000	       1.85472	      0.283289	
37.500	       1.85472	      0.283289	
38.000	       4.73815	      0.202988	
38.500	        4.3531	       0.28386	
39.000	        4.3531	       0.28386	
39.500	       3.56823	      0.278036	
40.000	       4.70643	      0.276683	
40.500	        2.9243	      0.271383	
41.000	        2.9243	      0.271383	
41.500	       1.06676	      0.340496	
42.000	       7.88771	      0.266217	
42.500	       7.88771	      0.266217	
43.000	       0.17745	      0.337455	
43.500	       8.41583	       0.27287	
44.000	       10.4476	      0.282323	
44.500	       10.4476	      0.282323	
45.000	       74.2075	      0.222043	
45.500	       725.599	       0.28351	
46.000	       725.599	       0.28351	
46.500	        70.688	      0.279332	
47.000	       13.4281	      0.278908	
47.500	       5.63172	      0.278885	
48.000	       5.63172	      0.278885	
48.500	       2.94411	       0.27904	
49.000	       1.81808	      0.279545	
49.500	       1.81808	      0.279545	
50.000	        1.1694	      0.283098	
50.500	      0.782207	      0.234284	
51.000	      0.531792	      0.283183	
51.500	      0.531792	      0.283183	
52.000	      0.360478	      0.279709	
52.500	      0.238121	      0.279272	
53.000	      0.238121	      0.279272	
53.500	      0.147693	      0.279153	
54.000	     0.0789776	       0.27912	
54.500	      0.025544	       0.27912	
55.000	      0.025544	       0.27912	
55.500	      0.016821	      0.279134	
56.000	     0.0509696	      0.279156	
56.500	     0.0509696	      0.279156	
57.000	     0.0788877	      0.279181	
57.500	      0.101989	      0.279209	
58.000	      0.101989	      0.279209	
58.500	      0.121298	      0.279237	
59.000	      0.137558	      0.279266	
59.500	       0.15129	      0.279295	
60.000	       0.15129	      0.279295	
60.500	      0.162756	      0.279324	
61.000	      0.171536	      0.279352	
61.500	      0.171536	      0.279352	
62.000	      0.168989	       0.27938	
62.500	      0.336373	      0.279408	
63.000	      0.183108	      0.279435	
63.500	      0.183108	      0.279435	
64.000	      0.199123	      0.279461	
64.500	      0.194994	      0.279487	
65.000	      0.194994	      0.279487	
65.500	      0.345593	      0.279513	
66.000	      0.186719	      0.279537	
66.500	      0.433304	      0.279562	
67.000	      0.433304	      0.279562	
67.500	      0.208933	      0.279586	
68.000	      0.241899	      0.279609	
68.500	      0.241899	      0.279609	
69.000	     0.0741765	      0.279632	
69.500	      0.251108	      0.279654	
70.000	      0.241599	      0.279676	
70.500	      0.241599	      0.279676	
71.000	      0.242463	      0.279697	
71.500	      0.244178	      0.279718	
72.000	      0.244178	      0.279718	
72.500	      0.245987	      0.279738	
73.000	      0.247736	      0.279758	
73.500	      0.249386	      0.279778	
74.000	      0.249386	      0.279778	
74.500	      0.250932	      0.279797	
75.000	      0.252375	      0.279815	
75.500	      0.252375	      0.279815	
76.000	      0.253723	      0.279834	
76.500	      0.254981	      0.279851	
77.000	      0.256158	      0.279869	
77.500	      0.256158	      0.279869	
78.000	      0.257259	      0.279886	
78.500	      0.258291	      0.279903	
79.000	      0.258291	      0.279903	
79.500	      0.259259	      0.279919	
80.000	      0.260168	      0.279935	
80.500	      0.260168	      0.279935	
81.000	      0.261024	      0.279951	
81.500	      0.261829	      0.279966	
82.000	      0.262589	      0.279981	
82.500	      0.262589	      0.279981	
83.000	      0.263305	      0.279995	
83.500	      0.263982	       0.28001	
84.000	      0.263982	       0.28001	
84.500	      0.264623	      0.280024	
85.000	      0.265229	      0.280037	
85.500	      0.265804	      0.280051	
86.000	      0.265804	      0.280051	
86.500	      0.266349	      0.280064	
87.000	      0.266866	      0.280077	
87.500	      0.266866	      0.280077	
88.000	      0.267358	      0.280089	
88.500	      0.267825	      0.280101	
89.000	      0.268271	      0.280113	
89.500	      0.268271	      0.280113	
90.000	      0.268695	      0.280125	
90.500	      0.269099	      0.280136	
91.000	      0.269099	      0.280136	
91.500	      0.269484	      0.280148	
92.000	      0.269853	      0.280158	
92.500	      0.270204	      0.280169	
93.000	      0.270204	      0.280169	
93.500	       0.27054	       0.28018	
94.000	      0.270862	       0.28019	
94.500	      0.270862	       0.28019	
95.000	       0.27117	        0.2802	
95.500	      0.271465	      0.280209	
96.000	      0.271748	      0.280219	
96.500	      0.271748	      0.280219	
97.000	      0.272019	      0.280228	
97.500	      0.272279	      0.280237	
98.000	      0.272279	      0.280237	
98.500	      0.272528	      0.280246	
99.000	      0.272768	      0.280254	
99.500	      0.272999	      0.280263	
100.000	      0.272999	      0.280263	
100.500	      0.273221	      0.280271	
101.000	      0.273434	      0.280279	
101.500	      0.273434	      0.280279	
102.000	      0.273639	      0.280286	
102.500	      0.273837	      0.280294	
103.000	      0.273837	      0.280294	
103.500	      0.274027	      0.280301	
104.000	       0.27421	      0.280308	
104.500	      0.274387	      0.280315	
105.000	      0.274387	      0.280315	
105.500	      0.274558	      0.280322	
106.000	      0.274723	      0.280329	
106.500	      0.274723	      0.280329	
107.000	      0.274882	      0.280335	
107.500	      0.275035	      0.280341	
108.000	      0.275184	      0.280347	
108.500	      0.275184	      0.280347	
109.000	      0.275327	      0.280353	
109.500	      0.275466	      0.280358	
110.000	      0.275466	      0.280358	
110.500	        0.2756	      0.280364	
111.000	       0.27573	      0.280369	
111.500	      0.275855	      0.280374	
112.000	      0.275855	      0.280374	
112.500	      0.275977	      0.280379	
113.000	      0.276095	      0.280384	
113.500	      0.276095	      0.280384	
114.000	      0.276209	      0.280389	
114.500	      0.276319	      0.280393	
115.000	      0.276426	      0.280397	
115.500	      0.276426	      0.280397	
116.000	       0.27653	      0.280401	
116.500	      0.276631	      0.280405	
117.000	      0.276631	      0.280405	
117.500	      0.276729	      0.280409	
118.000	      0.276824	      0.280413	
118.500	      0.276916	      0.280416	
119.000	      0.276916	      0.280416	
119.500	      0.277005	      0.280419	
120.000	      0.277092	      0.280422	
120.500	      0.277092	      0.280422	
121.000	      0.277177	      0.280425	
121.500	      0.277259	      0.280428	
122.000	      0.277339	      0.280431	
122.500	      0.277339	      0.280431	
123.000	      0.277416	      0.280433	
123.500	      0.277491	      0.280436	
124.000	      0.277491	      0.280436	
124.500	      0.277565	      0.280438	
125.000	      0.277636	       0.28044	
125.500	      0.277636	       0.28044	
126.000	      0.277706	      0.280442	
126.500	      0.277773	      0.280443	
127.000	      0.277839	      0.280445	
127.500	      0.277839	      0.280445	
128.000	      0.277903	      0.280446	
128.500	      0.277965	      0.280448	
129.000	      0.277965	      0.280448	
129.500	      0.278026	      0.280449	
130.000	      0.278085	       0.28045	
130.500	      0.278143	      0.280451	
131.000	      0.278143	      0.280451	
131.500	      0.278199	      0.280451	
132.000	      0.278254	      0.280452	
132.500	      0.278254	      0.280452	
133.000	      0.278307	      0.280452	
133.500	       0.27836	      0.280453	
134.000	       0.27841	      0.280453	
134.500	       0.27841	      0.280453	
135.000	       0.27846	      0.280453	
135.500	      0.278508	      0.280452	
136.000	      0.278508	      0.280452	
136.500	      0.278556	      0.280452	
137.000	      0.278602	      0.280452	
137.500	      0.278647	      0.280451	
138.000	      0.278647	      0.280451	
138.500	       0.27869	       0.28045	
139.000	      0.278733	      0.280449	
139.500	      0.278733	      0.280449	
140.000	      0.278775	      0.280448	
140.500	      0.278816	      0.280447	
141.000	      0.278856	      0.280446	
141.500	      0.278856	      0.280446	
142.000	      0.278895	      0.280444	
142.500	      0.278933	      0.280442	
143.000	      0.278933	      0.280442	
143.500	       0.27897	       0.28044	
144.000	      0.279006	      0.280438	
144.500	      0.279042	      0.280436	
145.000	      0.279042	      0.280436	
145.500	      0.279077	      0.280434	
146.000	       0.27911	      0.280432	
146.500	       0.27911	      0.280432	
147.000	      0.279144	      0.280429	
147.500	      0.279176	      0.280426	
148.000	      0.279176	      0.280426	
148.500	      0.279208	      0.280423	
149.000	      0.279239	       0.28042	
149.500	      0.279269	      0.280417	
150.000	      0.279269	      0.280417	
150.500	      0.279299	      0.280414	
151.000	      0.279328	       0.28041	
151.500	      0.279328	       0.28041	
152.000	      0.279356	      0.280407	
152.500	      0.279384	      0.280403	
153.000	      0.279411	      0.280399	
153.500	      0.279411	      0.280399	
154.000	      0.279437	      0.280395	
154.500	      0.279463	       0.28039	
155.000	      0.279463	       0.28039	
155.500	      0.279489	      0.280386	
156.000	      0.279514	      0.280381	
156.500	      0.279538	      0.280376	
157.000	      0.279538	      0.280376	
157.500	      0.279562	      0.280371	
158.000	      0.279585	      0.280366	
158.500	      0.279585	      0.280366	
159.000	      0.279608	      0.280361	
159.500	       0.27963	      0.280355	
160.000	      0.279652	      0.280349	
160.500	      0.279652	      0.280349	
161.000	      0.279674	      0.280344	
161.500	      0.279695	      0.280338	
162.000	      0.279695	      0.280338	
162.500	      0.279715	      0.280331	
163.000	      0.279735	      0.280325	
163.500	      0.279755	      0.280318	
164.000	      0.279755	      0.280318	
164.500	      0.279774	      0.280311	
165.000	      0.279793	      0.280304	
165.500	      0.279793	      0.280304	
166.000	      0.279811	      0.280297	
166.500	      0.279829	       0.28029	
167.000	      0.279847	      0.280282	
167.500	      0.279847	      0.280282	
168.000	      0.279864	      0.280274	
168.500	      0.279881	      0.280266	
169.000	      0.279881	      0.280266	
169.500	      0.279898	      0.280258	
170.000	      0.279914	       0.28025	
170.500	      0.279914	       0.28025	
171.000	       0.27993	      0.280241	
171.500	      0.279946	      0.280232	
172.000	      0.279961	      0.280223	
172.500	      0.279961	      0.280223	
173.000	      0.279976	      0.280214	
173.500	       0.27999	      0.280204	
174.000	       0.27999	      0.280204	
174.500	      0.280005	      0.280195	
175.000	      0.280018	      0.280185	
175.500	      0.280032	      0.280175	
176.000	      0.280032	      0.280175	
176.500	      0.280046	      0.280164	
177.000	      0.280059	      0.280153	
177.500	      0.280059	      0.280153	
178.000	      0.280071	      0.280142	
178.500	      0.280084	      0.280131	
179.000	      0.280096	       0.28012	
179.500	      0.280096	       0.28012	
180.000	      0.280108	      0.280108	
