
TracePro Release: 3 2 0 
Polar Candela Distribution Data for 
Data covers +/- 180.000 degrees from Normal
Data for Missed Rays
Data generated at 09:44:14 June 30, 2025

	   0.0	 180.0
0.000	       1.80631	       1.80631	
0.500	      0.727229	       9.72202	
1.000	      0.727229	       9.72202	
1.500	      0.364861	       100.269	
2.000	      0.199737	       9.72148	
2.500	       0.11077	       1.80524	
3.000	       0.11077	       1.80524	
3.500	     0.0574139	      0.725617	
4.000	     0.0229298	      0.362697	
4.500	     0.0229298	      0.362697	
5.000	   0.000622109	      0.197008	
5.500	     0.0174049	      0.107459	
6.000	     0.0297729	     0.0535008	
6.500	     0.0297729	     0.0535008	
7.000	     0.0391393	     0.0183896	
7.500	      0.046394	    0.00581904	
8.000	      0.046394	    0.00581904	
8.500	     0.0521201	     0.0232934	
9.000	     0.0567125	     0.0363938	
9.500	     0.0604464	     0.0465403	
10.000	     0.0604464	     0.0465403	
10.500	     0.0635183	     0.0546304	
11.000	     0.0660716	     0.0612562	
11.500	     0.0660716	     0.0612562	
12.000	     0.0682127	     0.0668233	
12.500	     0.0700222	     0.0716192	
13.000	     0.0700222	     0.0716192	
13.500	     0.0715616	     0.0758551	
14.000	      0.072879	      0.079692	
14.500	      0.074012	     0.0832576	
15.000	      0.074012	     0.0832576	
15.500	     0.0749906	     0.0866582	
16.000	     0.0758387	     0.0899873	
16.500	     0.0758387	     0.0899873	
17.000	     0.0765758	     0.0933323	
17.500	     0.0772177	     0.0967802	
18.000	     0.0777775	      0.100424	
18.500	     0.0777775	      0.100424	
19.000	     0.0782659	      0.104367	
19.500	     0.0786919	      0.108735	
20.000	     0.0786919	      0.108735	
20.500	     0.0790629	      0.113681	
21.000	     0.0793853	      0.119406	
21.500	     0.0796644	      0.126173	
22.000	     0.0796644	      0.126173	
22.500	     0.0799046	       0.13435	
23.000	     0.0801097	      0.144455	
23.500	     0.0801097	      0.144455	
24.000	      0.080283	       0.15725	
24.500	     0.0804271	       0.17389	
25.000	     0.0805445	       0.19621	
25.500	     0.0805445	       0.19621	
26.000	     0.0806371	      0.227258	
26.500	     0.0807066	      0.272423	
27.000	     0.0807066	      0.272423	
27.500	     0.0807543	      0.341974	
28.000	     0.0807814	       0.45756	
28.500	     0.0807889	      0.671614	
29.000	     0.0807889	      0.671614	
29.500	     0.0807775	       1.14071	
30.000	     0.0807479	       2.53656	
30.500	     0.0807479	       2.53656	
31.000	     0.0807004	       12.7727	
31.500	     0.0806354	       129.453	
32.000	     0.0805531	       12.7731	
32.500	     0.0805531	       12.7731	
33.000	     0.0804534	       2.53734	
33.500	     0.0803363	       1.14188	
34.000	     0.0803363	       1.14188	
34.500	     0.0802015	      0.673176	
35.000	     0.0800488	       0.45953	
35.500	     0.0800488	       0.45953	
36.000	     0.0798777	      0.344367	
36.500	     0.0796875	      0.275252	
37.000	     0.0794775	      0.230544	
37.500	     0.0794775	      0.230544	
38.000	      0.079247	      0.199974	
38.500	     0.0789948	       0.17816	
39.000	     0.0789948	       0.17816	
39.500	     0.0787198	      0.162055	
40.000	     0.0784206	      0.149834	
40.500	     0.0780957	      0.140344	
41.000	     0.0780957	      0.140344	
41.500	     0.0777434	      0.132831	
42.000	     0.0773616	      0.126785	
42.500	     0.0773616	      0.126785	
43.000	     0.0769482	      0.121849	
43.500	     0.0765005	      0.117769	
44.000	     0.0760158	      0.114359	
44.500	     0.0760158	      0.114359	
45.000	     0.0754906	      0.111482	
45.500	     0.0749215	      0.109033	
46.000	     0.0749215	      0.109033	
46.500	     0.0743041	      0.106931	
47.000	     0.0736338	      0.105116	
47.500	     0.0729051	      0.103538	
48.000	     0.0729051	      0.103538	
48.500	     0.0721119	      0.102157	
49.000	      0.071247	      0.100943	
49.500	      0.071247	      0.100943	
50.000	     0.0703025	     0.0998705	
50.500	      0.069269	     0.0989185	
51.000	     0.0681356	     0.0980699	
51.500	     0.0681356	     0.0980699	
52.000	     0.0668899	     0.0973106	
52.500	     0.0655173	     0.0966287	
53.000	     0.0655173	     0.0966287	
53.500	     0.0640007	     0.0960142	
54.000	     0.0623199	     0.0954588	
54.500	     0.0604512	     0.0949553	
55.000	     0.0604512	     0.0949553	
55.500	     0.0583664	     0.0944975	
56.000	     0.0560315	     0.0940802	
56.500	     0.0560315	     0.0940802	
57.000	     0.0534058	      0.093699	
57.500	     0.0504398	     0.0933498	
58.000	     0.0504398	     0.0933498	
58.500	      0.047073	     0.0930293	
59.000	     0.0432309	     0.0927345	
59.500	     0.0388207	     0.0924628	
60.000	     0.0388207	     0.0924628	
60.500	     0.0337257	     0.0922119	
61.000	     0.0277978	     0.0919798	
61.500	     0.0277978	     0.0919798	
62.000	     0.0208465	     0.0917648	
62.500	     0.0126236	     0.0915653	
63.000	    0.00280076	     0.0913798	
63.500	    0.00280076	     0.0913798	
64.000	    0.00906365	     0.0912071	
64.500	     0.0235747	     0.0910461	
65.000	     0.0235747	     0.0910461	
65.500	     0.0415795	     0.0908959	
66.000	     0.0642933	     0.0907554	
66.500	     0.0935098	      0.090624	
67.000	     0.0935098	      0.090624	
67.500	      0.131966	     0.0905008	
68.000	      0.184008	     0.0903852	
68.500	      0.184008	     0.0903852	
69.000	      0.256874	     0.0902767	
69.500	      0.363364	     0.0901747	
70.000	       0.52789	     0.0900786	
70.500	       0.52789	     0.0900786	
71.000	      0.801907	     0.0899882	
71.500	       1.31007	     0.0899028	
72.000	       1.31007	     0.0899028	
72.500	       2.42462	     0.0898223	
73.000	       5.74249	     0.0897462	
73.500	       30.0774	     0.0896743	
74.000	       30.0774	     0.0896743	
74.500	       308.053	     0.0896062	
75.000	       30.0771	     0.0895417	
75.500	       30.0771	     0.0895417	
76.000	       5.74191	     0.0894805	
76.500	       2.42375	     0.0894225	
77.000	        1.3089	     0.0893674	
77.500	        1.3089	     0.0893674	
78.000	      0.800432	     0.0893151	
78.500	      0.526093	     0.0892653	
79.000	      0.526093	     0.0892653	
79.500	      0.361231	     0.0892179	
80.000	      0.254385	     0.0891728	
80.500	      0.254385	     0.0891728	
81.000	      0.181141	     0.0891298	
81.500	      0.128695	     0.0890889	
82.000	     0.0898016	     0.0890498	
82.500	     0.0898016	     0.0890498	
83.000	     0.0601103	     0.0890124	
83.500	     0.0368767	     0.0889768	
84.000	     0.0368767	     0.0889768	
84.500	     0.0182986	     0.0889427	
85.000	    0.00315059	     0.0889101	
85.500	    0.00942701	     0.0888788	
86.000	    0.00942701	     0.0888788	
86.500	     0.0200547	      0.088849	
87.000	     0.0291935	     0.0888203	
87.500	     0.0291935	     0.0888203	
88.000	      0.037196	     0.0887928	
88.500	     0.0443418	     0.0887665	
89.000	     0.0508621	     0.0887412	
89.500	     0.0508621	     0.0887412	
90.000	     0.0569587	     0.0887169	
90.500	     0.0628201	     0.0886936	
91.000	     0.0628201	     0.0886936	
91.500	     0.0686377	     0.0886711	
92.000	      0.074624	     0.0886495	
92.500	     0.0810372	     0.0886288	
93.000	     0.0810372	     0.0886288	
93.500	     0.0882193	     0.0886088	
94.000	     0.0966588	     0.0885895	
94.500	     0.0966588	     0.0885895	
95.000	      0.107105	     0.0885709	
95.500	      0.120792	      0.088553	
96.000	      0.139916	     0.0885357	
96.500	      0.139916	     0.0885357	
97.000	       0.16878	      0.088519	
97.500	      0.216977	     0.0885029	
98.000	      0.216977	     0.0885029	
98.500	      0.310535	     0.0884873	
99.000	      0.549465	     0.0884722	
99.500	       1.97956	     0.0884576	
100.000	       1.97956	     0.0884576	
100.500	       15.6071	     0.0884435	
101.000	       5.31848	     0.0884298	
101.500	       5.31848	     0.0884298	
102.000	       36.7809	     0.0884166	
102.500	       3.84888	     0.0884037	
103.000	       3.84888	     0.0884037	
103.500	        0.8535	     0.0883913	
104.000	      0.426667	     0.0883792	
104.500	      0.278145	     0.0883675	
105.000	      0.278145	     0.0883675	
105.500	      0.208589	     0.0883561	
106.000	      0.170343	      0.088345	
106.500	      0.170343	      0.088345	
107.000	      0.147067	     0.0883342	
107.500	      0.131874	     0.0883237	
108.000	      0.121435	     0.0883135	
108.500	      0.121435	     0.0883135	
109.000	      0.113977	     0.0883036	
109.500	      0.108481	     0.0882939	
110.000	      0.108481	     0.0882939	
110.500	      0.104331	     0.0882845	
111.000	      0.101131	     0.0882752	
111.500	     0.0986235	     0.0882663	
112.000	     0.0986235	     0.0882663	
112.500	     0.0966295	     0.0882575	
113.000	     0.0950246	     0.0882489	
113.500	     0.0950246	     0.0882489	
114.000	     0.0937197	     0.0882405	
114.500	      0.092649	     0.0882323	
115.000	     0.0917638	     0.0882243	
115.500	     0.0917638	     0.0882243	
116.000	     0.0910271	     0.0882164	
116.500	     0.0904103	     0.0882087	
117.000	     0.0904103	     0.0882087	
117.500	     0.0898914	     0.0882012	
118.000	     0.0894529	     0.0881937	
118.500	     0.0890811	     0.0881865	
119.000	     0.0890811	     0.0881865	
119.500	     0.0887647	     0.0881793	
120.000	      0.088495	     0.0881723	
120.500	      0.088495	     0.0881723	
121.000	     0.0882644	     0.0881654	
121.500	     0.0880671	     0.0881587	
122.000	      0.087898	      0.088152	
122.500	      0.087898	      0.088152	
123.000	     0.0877531	     0.0881454	
123.500	     0.0876289	     0.0881389	
124.000	     0.0876289	     0.0881389	
124.500	     0.0875224	     0.0881326	
125.000	     0.0874314	     0.0881263	
125.500	     0.0874314	     0.0881263	
126.000	     0.0873536	     0.0881201	
126.500	     0.0872873	     0.0881139	
127.000	     0.0872311	     0.0881079	
127.500	     0.0872311	     0.0881079	
128.000	     0.0871836	     0.0881019	
128.500	     0.0871437	      0.088096	
129.000	     0.0871437	      0.088096	
129.500	     0.0871105	     0.0880901	
130.000	     0.0870831	     0.0880843	
130.500	     0.0870609	     0.0880785	
131.000	     0.0870609	     0.0880785	
131.500	     0.0870431	     0.0880728	
132.000	     0.0870293	     0.0880672	
132.500	     0.0870293	     0.0880672	
133.000	     0.0870189	     0.0880616	
133.500	     0.0870116	      0.088056	
134.000	     0.0870069	     0.0880505	
134.500	     0.0870069	     0.0880505	
135.000	     0.0870046	      0.088045	
135.500	     0.0870044	     0.0880395	
136.000	     0.0870044	     0.0880395	
136.500	      0.087006	     0.0880341	
137.000	     0.0870092	     0.0880287	
137.500	     0.0870138	     0.0880233	
138.000	     0.0870138	     0.0880233	
138.500	     0.0870197	     0.0880179	
139.000	     0.0870266	     0.0880125	
139.500	     0.0870266	     0.0880125	
140.000	     0.0870345	     0.0880072	
140.500	     0.0870431	     0.0880019	
141.000	     0.0870525	     0.0879966	
141.500	     0.0870525	     0.0879966	
142.000	     0.0870625	     0.0879912	
142.500	     0.0870731	     0.0879859	
143.000	     0.0870731	     0.0879859	
143.500	     0.0870841	     0.0879806	
144.000	     0.0870954	     0.0879753	
144.500	     0.0871071	       0.08797	
145.000	     0.0871071	       0.08797	
145.500	     0.0871191	     0.0879647	
146.000	     0.0871313	     0.0879594	
146.500	     0.0871313	     0.0879594	
147.000	     0.0871437	      0.087954	
147.500	     0.0871562	     0.0879487	
148.000	     0.0871562	     0.0879487	
148.500	     0.0871688	     0.0879433	
149.000	     0.0871816	     0.0879379	
149.500	     0.0871943	     0.0879326	
150.000	     0.0871943	     0.0879326	
150.500	     0.0872071	     0.0879271	
151.000	     0.0872199	     0.0879217	
151.500	     0.0872199	     0.0879217	
152.000	     0.0872327	     0.0879162	
152.500	     0.0872454	     0.0879108	
153.000	     0.0872581	     0.0879052	
153.500	     0.0872581	     0.0879052	
154.000	     0.0872707	     0.0878997	
154.500	     0.0872833	     0.0878941	
155.000	     0.0872833	     0.0878941	
155.500	     0.0872958	     0.0878885	
156.000	     0.0873082	     0.0878829	
156.500	     0.0873204	     0.0878772	
157.000	     0.0873204	     0.0878772	
157.500	     0.0873326	     0.0878714	
158.000	     0.0873447	     0.0878657	
158.500	     0.0873447	     0.0878657	
159.000	     0.0873567	     0.0878599	
159.500	     0.0873685	      0.087854	
160.000	     0.0873802	     0.0878481	
160.500	     0.0873802	     0.0878481	
161.000	     0.0873918	     0.0878421	
161.500	     0.0874033	     0.0878361	
162.000	     0.0874033	     0.0878361	
162.500	     0.0874146	       0.08783	
163.000	     0.0874258	     0.0878239	
163.500	     0.0874368	     0.0878177	
164.000	     0.0874368	     0.0878177	
164.500	     0.0874478	     0.0878115	
165.000	     0.0874585	     0.0878052	
165.500	     0.0874585	     0.0878052	
166.000	     0.0874692	     0.0877988	
166.500	     0.0874797	     0.0877924	
167.000	     0.0874901	     0.0877859	
167.500	     0.0874901	     0.0877859	
168.000	     0.0875003	     0.0877794	
168.500	     0.0875104	     0.0877727	
169.000	     0.0875104	     0.0877727	
169.500	     0.0875204	      0.087766	
170.000	     0.0875303	     0.0877592	
170.500	     0.0875303	     0.0877592	
171.000	       0.08754	     0.0877523	
171.500	     0.0875496	     0.0877454	
172.000	      0.087559	     0.0877384	
172.500	      0.087559	     0.0877384	
173.000	     0.0875684	     0.0877313	
173.500	     0.0875776	     0.0877241	
174.000	     0.0875776	     0.0877241	
174.500	     0.0875867	     0.0877168	
175.000	     0.0875956	     0.0877094	
175.500	     0.0876045	     0.0877019	
176.000	     0.0876045	     0.0877019	
176.500	     0.0876132	     0.0876944	
177.000	     0.0876218	     0.0876867	
177.500	     0.0876218	     0.0876867	
178.000	     0.0876303	      0.087679	
178.500	     0.0876387	     0.0876711	
179.000	     0.0876469	     0.0876632	
179.500	     0.0876469	     0.0876632	
180.000	     0.0876551	     0.0876551	
