
TracePro Release: 3 2 0 
Polar Candela Distribution Data for 
Data covers +/- 180.000 degrees from Normal
Data for Missed Rays
Data generated at 09:41:48 June 25, 2025

	   0.0	 180.0
0.000	      0.286371	      0.286371	
0.500	      0.285201	      0.287419	
1.000	      0.285201	      0.287419	
1.500	      0.283907	      0.288339	
2.000	      0.282479	      0.289104	
2.500	      0.280904	      0.289627	
3.000	      0.280904	      0.289627	
3.500	      0.279165	      0.289572	
4.000	      0.277239	       0.28559	
4.500	      0.277239	       0.28559	
5.000	      0.275102	       0.34005	
5.500	      0.272719	      0.267549	
6.000	      0.270051	      0.534815	
6.500	      0.270051	      0.534815	
7.000	      0.267043	       0.15444	
7.500	      0.263619	      0.297746	
8.000	      0.263619	      0.297746	
8.500	      0.259644	      0.273308	
9.000	      0.254744	      0.529569	
9.500	      0.245348	      0.274241	
10.000	      0.245348	      0.274241	
10.500	      0.302038	      0.296147	
11.000	      0.233128	      0.245248	
11.500	      0.233128	      0.245248	
12.000	      0.229937	      0.350013	
12.500	      0.221486	      0.289432	
13.000	      0.221486	      0.289432	
13.500	      0.210888	      0.364533	
14.000	      0.197958	      0.184157	
14.500	      0.182108	      0.351427	
15.000	      0.182108	      0.351427	
15.500	      0.162441	      0.284799	
16.000	      0.137649	      0.417071	
16.500	      0.137649	      0.417071	
17.000	      0.105789	      0.283206	
17.500	     0.0638941	      0.358688	
18.000	    0.00724878	      0.295253	
18.500	    0.00724878	      0.295253	
19.000	     0.0720051	      0.305087	
19.500	      0.187775	      0.236839	
20.000	      0.187775	      0.236839	
20.500	      0.366684	       0.35169	
21.000	      0.666981	      0.300716	
21.500	       1.15948	       0.31283	
22.000	       1.15948	       0.31283	
22.500	       2.52079	      0.175629	
23.000	        6.0175	      0.375639	
23.500	        6.0175	      0.375639	
24.000	       32.4294	      0.299771	
24.500	       334.473	      0.303247	
25.000	       32.4759	      0.299851	
25.500	       32.4759	      0.299851	
26.000	       6.02197	      0.374127	
26.500	       2.42538	      0.183721	
27.000	       2.42538	      0.183721	
27.500	       1.21653	       0.43935	
28.000	      0.665313	      0.297233	
28.500	      0.367993	      0.307004	
29.000	      0.367993	      0.307004	
29.500	       0.18911	      0.305706	
30.000	     0.0698287	      0.379994	
30.500	     0.0698287	      0.379994	
31.000	     0.0453313	      0.247109	
31.500	     0.0652421	      0.384969	
32.000	      0.102681	      0.262227	
32.500	      0.102681	      0.262227	
33.000	      0.133076	      0.494915	
33.500	      0.153128	      0.436479	
34.000	      0.153128	      0.436479	
34.500	      0.230445	       1.23316	
35.000	      0.187637	       7.98586	
35.500	      0.187637	       7.98586	
36.000	      0.203963	       1.11063	
36.500	      0.211285	      0.458091	
37.000	      0.271862	      0.369367	
37.500	      0.271862	      0.369367	
38.000	      0.228134	      0.339544	
38.500	       0.24173	      0.325866	
39.000	       0.24173	      0.325866	
39.500	      0.196089	      0.318378	
40.000	      0.252178	      0.313744	
40.500	      0.252468	      0.310578	
41.000	      0.252468	      0.310578	
41.500	      0.255448	      0.308208	
42.000	      0.258418	      0.306266	
42.500	      0.258418	      0.306266	
43.000	      0.261335	      0.304516	
43.500	      0.264514	       0.30278	
44.000	       0.26893	      0.300889	
44.500	       0.26893	      0.300889	
45.000	      0.278728	      0.298643	
45.500	      0.342981	      0.295757	
46.000	      0.342981	      0.295757	
46.500	      0.547106	      0.291757	
47.000	      0.398378	       0.28577	
47.500	       0.27639	      0.275978	
48.000	       0.27639	      0.275978	
48.500	      0.271735	      0.257992	
49.000	      0.268759	      0.218728	
49.500	      0.268759	      0.218728	
50.000	      0.266204	      0.102083	
50.500	       0.26241	       0.75287	
51.000	      0.252979	       11.1255	
51.500	      0.252979	       11.1255	
52.000	      0.188626	      0.752968	
52.500	       1.08168	      0.101884	
53.000	       1.08168	      0.101884	
53.500	        0.1216	      0.218418	
54.000	      0.253001	      0.257556	
54.500	      0.254189	      0.275397	
55.000	      0.254189	      0.275397	
55.500	      0.252545	      0.285017	
56.000	       0.24393	      0.290795	
56.500	       0.24393	      0.290795	
57.000	      0.291818	      0.294536	
57.500	      0.156209	        0.2971	
58.000	      0.156209	        0.2971	
58.500	       1.17698	      0.298933	
59.000	      0.149108	      0.300292	
59.500	      0.290784	      0.301327	
60.000	      0.290784	      0.301327	
60.500	      0.224424	      0.302135	
61.000	      0.227773	      0.302779	
61.500	      0.227773	      0.302779	
62.000	      0.223944	      0.303302	
62.500	      0.217909	      0.303732	
63.000	      0.210178	      0.304091	
63.500	      0.210178	      0.304091	
64.000	      0.200717	      0.304394	
64.500	      0.189269	      0.304653	
65.000	      0.189269	      0.304653	
65.500	      0.175408	      0.304876	
66.000	      0.158496	      0.305071	
66.500	      0.137489	      0.305242	
67.000	      0.137489	      0.305242	
67.500	      0.108091	      0.305392	
68.000	      0.143545	      0.305527	
68.500	      0.143545	      0.305527	
69.000	     0.0320203	      0.305647	
69.500	      0.008461	      0.305755	
70.000	     0.0799141	      0.305853	
70.500	     0.0799141	      0.305853	
71.000	      0.122091	      0.305942	
71.500	       1.16828	      0.306024	
72.000	       1.16828	      0.306024	
72.500	      0.514568	      0.306099	
73.000	      0.971041	      0.306168	
73.500	       1.65937	      0.306232	
74.000	       1.65937	      0.306232	
74.500	       4.18522	      0.306291	
75.000	        8.1509	      0.306346	
75.500	        8.1509	      0.306346	
76.000	       43.8317	      0.306398	
76.500	       451.036	      0.306446	
77.000	       43.8442	      0.306492	
77.500	       43.8442	      0.306492	
78.000	        8.2301	      0.306534	
78.500	       3.37881	      0.306575	
79.000	       3.37881	      0.306575	
79.500	       1.69121	      0.306613	
80.000	       1.00421	      0.306649	
80.500	       1.00421	      0.306649	
81.000	      0.599094	      0.306683	
81.500	      0.357689	      0.306715	
82.000	      0.201556	      0.306746	
82.500	      0.201556	      0.306746	
83.000	     0.0947102	      0.306775	
83.500	     0.0183637	      0.306804	
84.000	     0.0183637	      0.306804	
84.500	      0.038099	       0.30683	
85.000	     0.0810519	      0.306856	
85.500	      0.114524	       0.30688	
86.000	      0.114524	       0.30688	
86.500	      0.141203	      0.306904	
87.000	      0.163135	      0.306926	
87.500	      0.163135	      0.306926	
88.000	      0.184713	      0.306948	
88.500	      0.142575	      0.306969	
89.000	      0.211392	      0.306989	
89.500	      0.211392	      0.306989	
90.000	      0.217621	      0.307008	
90.500	      0.225873	      0.307026	
91.000	      0.225873	      0.307026	
91.500	      0.233276	      0.307044	
92.000	      0.239783	      0.307061	
92.500	      0.245505	      0.307078	
93.000	      0.245505	      0.307078	
93.500	      0.250567	      0.307093	
94.000	      0.255092	      0.307109	
94.500	      0.255092	      0.307109	
95.000	       0.25923	      0.307123	
95.500	      0.263334	      0.307138	
96.000	      0.270783	      0.307151	
96.500	      0.270783	      0.307151	
97.000	      0.213922	      0.307164	
97.500	      0.276183	      0.307177	
98.000	      0.276183	      0.307177	
98.500	      0.274209	      0.307189	
99.000	      0.275737	      0.307201	
99.500	      0.277469	      0.307213	
100.000	      0.277469	      0.307213	
100.500	      0.279145	      0.307224	
101.000	      0.280719	      0.307234	
101.500	      0.280719	      0.307234	
102.000	      0.282183	      0.307245	
102.500	      0.283526	      0.307254	
103.000	      0.283526	      0.307254	
103.500	      0.284645	      0.307264	
104.000	      0.283361	      0.307273	
104.500	      0.340175	      0.307282	
105.000	      0.340175	      0.307282	
105.500	      0.188179	       0.30729	
106.000	      0.297375	      0.307298	
106.500	      0.297375	      0.307298	
107.000	      0.291174	      0.307306	
107.500	      0.291115	      0.307314	
108.000	      0.291602	      0.307321	
108.500	      0.291602	      0.307321	
109.000	      0.292195	      0.307328	
109.500	      0.292801	      0.307334	
110.000	      0.292801	      0.307334	
110.500	      0.293393	      0.307341	
111.000	       0.29396	      0.307347	
111.500	      0.294502	      0.307353	
112.000	      0.294502	      0.307353	
112.500	      0.295016	      0.307358	
113.000	      0.295504	      0.307363	
113.500	      0.295504	      0.307363	
114.000	      0.295967	      0.307368	
114.500	      0.296406	      0.307373	
115.000	      0.296822	      0.307377	
115.500	      0.296822	      0.307377	
116.000	      0.297218	      0.307381	
116.500	      0.297594	      0.307385	
117.000	      0.297594	      0.307385	
117.500	      0.297952	      0.307389	
118.000	      0.298292	      0.307393	
118.500	      0.298617	      0.307396	
119.000	      0.298617	      0.307396	
119.500	      0.298926	      0.307399	
120.000	       0.29922	      0.307401	
120.500	       0.29922	      0.307401	
121.000	      0.299502	      0.307404	
121.500	       0.29977	      0.307406	
122.000	      0.300027	      0.307408	
122.500	      0.300027	      0.307408	
123.000	      0.300273	       0.30741	
123.500	      0.300508	      0.307412	
124.000	      0.300508	      0.307412	
124.500	      0.300733	      0.307413	
125.000	      0.300949	      0.307414	
125.500	      0.300949	      0.307414	
126.000	      0.301156	      0.307415	
126.500	      0.301355	      0.307416	
127.000	      0.301545	      0.307416	
127.500	      0.301545	      0.307416	
128.000	      0.301728	      0.307417	
128.500	      0.301904	      0.307417	
129.000	      0.301904	      0.307417	
129.500	      0.302074	      0.307417	
130.000	      0.302237	      0.307416	
130.500	      0.302393	      0.307416	
131.000	      0.302393	      0.307416	
131.500	      0.302544	      0.307415	
132.000	       0.30269	      0.307414	
132.500	       0.30269	      0.307414	
133.000	       0.30283	      0.307413	
133.500	      0.302965	      0.307411	
134.000	      0.303096	       0.30741	
134.500	      0.303096	       0.30741	
135.000	      0.303221	      0.307408	
135.500	      0.303343	      0.307406	
136.000	      0.303343	      0.307406	
136.500	       0.30346	      0.307403	
137.000	      0.303574	      0.307401	
137.500	      0.303684	      0.307398	
138.000	      0.303684	      0.307398	
138.500	       0.30379	      0.307395	
139.000	      0.303892	      0.307392	
139.500	      0.303892	      0.307392	
140.000	      0.303992	      0.307389	
140.500	      0.304088	      0.307385	
141.000	      0.304181	      0.307381	
141.500	      0.304181	      0.307381	
142.000	      0.304271	      0.307377	
142.500	      0.304359	      0.307373	
143.000	      0.304359	      0.307373	
143.500	      0.304443	      0.307368	
144.000	      0.304526	      0.307364	
144.500	      0.304605	      0.307359	
145.000	      0.304605	      0.307359	
145.500	      0.304683	      0.307353	
146.000	      0.304758	      0.307348	
146.500	      0.304758	      0.307348	
147.000	       0.30483	      0.307342	
147.500	      0.304901	      0.307337	
148.000	      0.304901	      0.307337	
148.500	       0.30497	       0.30733	
149.000	      0.305037	      0.307324	
149.500	      0.305102	      0.307317	
150.000	      0.305102	      0.307317	
150.500	      0.305165	      0.307311	
151.000	      0.305226	      0.307304	
151.500	      0.305226	      0.307304	
152.000	      0.305285	      0.307296	
152.500	      0.305343	      0.307289	
153.000	        0.3054	      0.307281	
153.500	        0.3054	      0.307281	
154.000	      0.305455	      0.307273	
154.500	      0.305508	      0.307264	
155.000	      0.305508	      0.307264	
155.500	       0.30556	      0.307256	
156.000	       0.30561	      0.307247	
156.500	       0.30566	      0.307238	
157.000	       0.30566	      0.307238	
157.500	      0.305708	      0.307228	
158.000	      0.305754	      0.307218	
158.500	      0.305754	      0.307218	
159.000	        0.3058	      0.307208	
159.500	      0.305844	      0.307198	
160.000	      0.305887	      0.307188	
160.500	      0.305887	      0.307188	
161.000	      0.305929	      0.307177	
161.500	       0.30597	      0.307165	
162.000	       0.30597	      0.307165	
162.500	       0.30601	      0.307154	
163.000	      0.306049	      0.307142	
163.500	      0.306088	       0.30713	
164.000	      0.306088	       0.30713	
164.500	      0.306125	      0.307118	
165.000	      0.306161	      0.307105	
165.500	      0.306161	      0.307105	
166.000	      0.306196	      0.307092	
166.500	      0.306231	      0.307078	
167.000	      0.306264	      0.307064	
167.500	      0.306264	      0.307064	
168.000	      0.306297	       0.30705	
168.500	      0.306329	      0.307036	
169.000	      0.306329	      0.307036	
169.500	       0.30636	      0.307021	
170.000	      0.306391	      0.307006	
170.500	      0.306391	      0.307006	
171.000	       0.30642	       0.30699	
171.500	       0.30645	      0.306974	
172.000	      0.306478	      0.306958	
172.500	      0.306478	      0.306958	
173.000	      0.306506	      0.306941	
173.500	      0.306533	      0.306924	
174.000	      0.306533	      0.306924	
174.500	      0.306559	      0.306906	
175.000	      0.306585	      0.306888	
175.500	       0.30661	       0.30687	
176.000	       0.30661	       0.30687	
176.500	      0.306635	      0.306851	
177.000	      0.306659	      0.306831	
177.500	      0.306659	      0.306831	
178.000	      0.306682	      0.306811	
178.500	      0.306705	      0.306791	
179.000	      0.306727	       0.30677	
179.500	      0.306727	       0.30677	
180.000	      0.306749	      0.306749	
