
TracePro Release: 3 2 0 
Polar Candela Distribution Data for 
Data covers +/- 180.000 degrees from Normal
Data for Missed Rays
Data generated at 09:36:42 June 25, 2025

	   0.0	 180.0
0.000	      0.276303	      0.276303	
0.500	      0.144852	      0.211055	
1.000	      0.144852	      0.211055	
1.500	      0.977681	      0.211822	
2.000	      0.106392	     0.0529138	
2.500	      0.678114	        1.3708	
3.000	      0.678114	        1.3708	
3.500	      0.140512	     0.0768962	
4.000	      0.496216	      0.860438	
4.500	      0.496216	      0.860438	
5.000	     0.0506714	      0.544731	
5.500	       1.78621	      0.456931	
6.000	      0.139482	      0.401048	
6.500	      0.139482	      0.401048	
7.000	      0.210233	      0.272238	
7.500	     0.0624416	      0.466867	
8.000	     0.0624416	      0.466867	
8.500	       1.46271	       3.39171	
9.000	      0.220541	      0.750277	
9.500	       1.04068	       1.63357	
10.000	       1.04068	       1.63357	
10.500	       2.35995	     0.0179439	
11.000	       2.13567	       0.34656	
11.500	       2.13567	       0.34656	
12.000	      0.262838	       0.55296	
12.500	      0.922133	       0.99553	
13.000	      0.922133	       0.99553	
13.500	      0.187543	      0.622758	
14.000	      0.339384	      0.286733	
14.500	       1.15297	      0.139004	
15.000	       1.15297	      0.139004	
15.500	       0.73314	      0.497153	
16.000	      0.464307	      0.131014	
16.500	      0.464307	      0.131014	
17.000	       2.57932	      0.951781	
17.500	      0.943766	      0.563157	
18.000	        1.9427	      0.366843	
18.500	        1.9427	      0.366843	
19.000	     0.0539909	     0.0598043	
19.500	       1.42018	        0.2659	
20.000	       1.42018	        0.2659	
20.500	       1.46787	       2.39744	
21.000	       1.08358	       27.2598	
21.500	      0.808717	       3.33013	
22.000	      0.808717	       3.33013	
22.500	       2.52207	       1.35362	
23.000	       1.76411	      0.924082	
23.500	       1.76411	      0.924082	
24.000	       2.11281	      0.977662	
24.500	      0.666586	      0.572544	
25.000	      0.337828	      0.868271	
25.500	      0.337828	      0.868271	
26.000	      0.366291	      0.653569	
26.500	       0.94071	       1.42101	
27.000	       0.94071	       1.42101	
27.500	       1.04959	       0.17007	
28.000	       2.09378	      0.894595	
28.500	       1.77863	      0.334904	
29.000	       1.77863	      0.334904	
29.500	      0.408111	      0.367362	
30.000	      0.145763	      0.828312	
30.500	      0.145763	      0.828312	
31.000	      0.767782	      0.346669	
31.500	      0.524922	     0.0783441	
32.000	      0.951763	      0.486969	
32.500	      0.951763	      0.486969	
33.000	       2.10424	     0.0479384	
33.500	      0.462145	      0.417808	
34.000	      0.462145	      0.417808	
34.500	      0.112161	      0.115141	
35.000	       1.63674	      0.524993	
35.500	       1.63674	      0.524993	
36.000	      0.644997	      0.209923	
36.500	      0.912297	      0.300117	
37.000	      0.122908	      0.127746	
37.500	      0.122908	      0.127746	
38.000	      0.880259	      0.231458	
38.500	     0.0200008	      0.176149	
39.000	     0.0200008	      0.176149	
39.500	      0.594116	      0.823645	
40.000	      0.803411	      0.131826	
40.500	      0.386555	      0.726572	
41.000	      0.386555	      0.726572	
41.500	      0.103498	      0.130654	
42.000	      0.734852	      0.230283	
42.500	      0.734852	      0.230283	
43.000	      0.647714	      0.226681	
43.500	      0.394489	      0.341718	
44.000	     0.0800308	     0.0419117	
44.500	     0.0800308	     0.0419117	
45.000	        2.1905	      0.369651	
45.500	       1.51477	      0.228376	
46.000	       1.51477	      0.228376	
46.500	        1.0525	      0.236448	
47.000	     0.0122736	       0.23749	
47.500	        0.8368	      0.237914	
48.000	        0.8368	      0.237914	
48.500	      0.930794	      0.238171	
49.000	       1.13704	      0.238357	
49.500	       1.13704	      0.238357	
50.000	       0.81495	      0.238504	
50.500	       2.64902	      0.238627	
51.000	       0.81037	      0.238732	
51.500	       0.81037	      0.238732	
52.000	       3.38529	      0.238824	
52.500	      0.969545	      0.238906	
53.000	      0.969545	      0.238906	
53.500	       1.18345	       0.23898	
54.000	       1.41083	      0.239048	
54.500	        1.6776	      0.239109	
55.000	        1.6776	      0.239109	
55.500	       3.98122	      0.239166	
56.000	      0.780514	      0.239218	
56.500	      0.780514	      0.239218	
57.000	      0.546583	      0.239267	
57.500	       0.30363	      0.239312	
58.000	       0.30363	      0.239312	
58.500	      0.114057	      0.239354	
59.000	        1.7174	      0.239394	
59.500	      0.918005	      0.239431	
60.000	      0.918005	      0.239431	
60.500	       2.89705	      0.239466	
61.000	       2.13063	      0.239499	
61.500	       2.13063	      0.239499	
62.000	      0.518781	       0.23953	
62.500	     0.0211357	       0.23956	
63.000	       2.65557	      0.239588	
63.500	       2.65557	      0.239588	
64.000	      0.135555	      0.239615	
64.500	       2.07065	       0.23964	
65.000	       2.07065	       0.23964	
65.500	       2.90148	      0.239664	
66.000	       1.31506	      0.239687	
66.500	      0.818573	      0.239708	
67.000	      0.818573	      0.239708	
67.500	       1.91069	      0.239729	
68.000	     0.0550502	      0.239749	
68.500	     0.0550502	      0.239749	
69.000	        2.1018	      0.239768	
69.500	       3.47952	      0.239786	
70.000	       3.06592	      0.239803	
70.500	       3.06592	      0.239803	
71.000	       1.82924	       0.23982	
71.500	       3.71358	      0.239836	
72.000	       3.71358	      0.239836	
72.500	       2.54901	      0.239851	
73.000	       0.50575	      0.239865	
73.500	       1.64059	      0.239879	
74.000	       1.64059	      0.239879	
74.500	       3.22937	      0.239892	
75.000	       4.53539	      0.239905	
75.500	       4.53539	      0.239905	
76.000	       4.72485	      0.239917	
76.500	         2.054	      0.239928	
77.000	       2.03222	       0.23994	
77.500	       2.03222	       0.23994	
78.000	       2.15359	       0.23995	
78.500	       4.43612	       0.23996	
79.000	       4.43612	       0.23996	
79.500	       3.05689	       0.23997	
80.000	       4.53603	      0.239979	
80.500	       4.53603	      0.239979	
81.000	        2.8672	      0.239988	
81.500	       2.54218	      0.239997	
82.000	       4.50312	      0.240005	
82.500	       4.50312	      0.240005	
83.000	       3.21909	      0.240013	
83.500	       4.77835	       0.24002	
84.000	       4.77835	       0.24002	
84.500	       4.70199	      0.240027	
85.000	       4.17803	      0.240034	
85.500	       5.20483	       0.24004	
86.000	       5.20483	       0.24004	
86.500	       3.40427	      0.240046	
87.000	       2.34898	      0.240052	
87.500	       2.34898	      0.240052	
88.000	        2.7177	      0.240058	
88.500	       1.82734	      0.240063	
89.000	       2.75544	      0.240068	
89.500	       2.75544	      0.240068	
90.000	      0.439173	      0.240072	
90.500	       8.13087	      0.240077	
91.000	       8.13087	      0.240077	
91.500	       8.62927	      0.240081	
92.000	       57.1903	      0.240084	
92.500	       575.077	      0.240088	
93.000	       575.077	      0.240088	
93.500	       56.0931	      0.240091	
94.000	       10.6367	      0.240094	
94.500	       10.6367	      0.240094	
95.000	       4.44983	      0.240097	
95.500	       2.37056	        0.2401	
96.000	       1.42177	      0.240102	
96.500	       1.42177	      0.240102	
97.000	      0.905579	      0.240104	
97.500	      0.671538	      0.240106	
98.000	      0.671538	      0.240106	
98.500	      0.351693	      0.240108	
99.000	      0.268813	      0.240109	
99.500	      0.161115	      0.240111	
100.000	      0.161115	      0.240111	
100.500	      0.145012	      0.240112	
101.000	     0.0371449	      0.240112	
101.500	     0.0371449	      0.240112	
102.000	      0.793586	      0.240113	
102.500	      0.121553	      0.240113	
103.000	      0.121553	      0.240113	
103.500	      0.135732	      0.240114	
104.000	      0.278918	      0.240114	
104.500	     0.0531109	      0.240113	
105.000	     0.0531109	      0.240113	
105.500	      0.514273	      0.240113	
106.000	      0.248423	      0.240112	
106.500	      0.248423	      0.240112	
107.000	      0.556327	      0.240112	
107.500	      0.112176	      0.240111	
108.000	      0.149446	      0.240109	
108.500	      0.149446	      0.240109	
109.000	      0.155566	      0.240108	
109.500	      0.269156	      0.240106	
110.000	      0.269156	      0.240106	
110.500	     0.0140622	      0.240105	
111.000	      0.269245	      0.240103	
111.500	     0.0683005	        0.2401	
112.000	     0.0683005	        0.2401	
112.500	      0.250379	      0.240098	
113.000	      0.138517	      0.240096	
113.500	      0.138517	      0.240096	
114.000	      0.252809	      0.240093	
114.500	      0.146805	       0.24009	
115.000	      0.205029	      0.240087	
115.500	      0.205029	      0.240087	
116.000	      0.204023	      0.240083	
116.500	      0.205801	       0.24008	
117.000	      0.205801	       0.24008	
117.500	      0.207675	      0.240076	
118.000	       0.20946	      0.240072	
118.500	      0.211126	      0.240068	
119.000	      0.211126	      0.240068	
119.500	      0.212673	      0.240064	
120.000	      0.214108	      0.240059	
120.500	      0.214108	      0.240059	
121.000	      0.215441	      0.240055	
121.500	      0.216679	       0.24005	
122.000	      0.217831	      0.240045	
122.500	      0.217831	      0.240045	
123.000	      0.218905	       0.24004	
123.500	      0.219907	      0.240034	
124.000	      0.219907	      0.240034	
124.500	      0.220844	      0.240028	
125.000	       0.22172	      0.240022	
125.500	       0.22172	      0.240022	
126.000	      0.222542	      0.240016	
126.500	      0.223313	       0.24001	
127.000	      0.224037	      0.240003	
127.500	      0.224037	      0.240003	
128.000	      0.224719	      0.239997	
128.500	       0.22536	       0.23999	
129.000	       0.22536	       0.23999	
129.500	      0.225966	      0.239983	
130.000	      0.226537	      0.239975	
130.500	      0.227077	      0.239967	
131.000	      0.227077	      0.239967	
131.500	      0.227588	       0.23996	
132.000	      0.228072	      0.239952	
132.500	      0.228072	      0.239952	
133.000	       0.22853	      0.239943	
133.500	      0.228965	      0.239935	
134.000	      0.229379	      0.239926	
134.500	      0.229379	      0.239926	
135.000	      0.229771	      0.239917	
135.500	      0.230145	      0.239908	
136.000	      0.230145	      0.239908	
136.500	        0.2305	      0.239898	
137.000	      0.230839	      0.239888	
137.500	      0.231162	      0.239878	
138.000	      0.231162	      0.239878	
138.500	      0.231471	      0.239868	
139.000	      0.231765	      0.239857	
139.500	      0.231765	      0.239857	
140.000	      0.232046	      0.239846	
140.500	      0.232315	      0.239835	
141.000	      0.232572	      0.239824	
141.500	      0.232572	      0.239824	
142.000	      0.232819	      0.239812	
142.500	      0.233055	        0.2398	
143.000	      0.233055	        0.2398	
143.500	      0.233281	      0.239788	
144.000	      0.233498	      0.239775	
144.500	      0.233706	      0.239763	
145.000	      0.233706	      0.239763	
145.500	      0.233906	      0.239749	
146.000	      0.234098	      0.239736	
146.500	      0.234098	      0.239736	
147.000	      0.234282	      0.239722	
147.500	       0.23446	      0.239708	
148.000	       0.23446	      0.239708	
148.500	      0.234631	      0.239694	
149.000	      0.234795	      0.239679	
149.500	      0.234953	      0.239664	
150.000	      0.234953	      0.239664	
150.500	      0.235106	      0.239648	
151.000	      0.235253	      0.239632	
151.500	      0.235253	      0.239632	
152.000	      0.235394	      0.239616	
152.500	      0.235531	        0.2396	
153.000	      0.235663	      0.239583	
153.500	      0.235663	      0.239583	
154.000	      0.235791	      0.239565	
154.500	      0.235914	      0.239547	
155.000	      0.235914	      0.239547	
155.500	      0.236032	      0.239529	
156.000	      0.236147	      0.239511	
156.500	      0.236258	      0.239492	
157.000	      0.236258	      0.239492	
157.500	      0.236366	      0.239472	
158.000	       0.23647	      0.239452	
158.500	       0.23647	      0.239452	
159.000	      0.236571	      0.239432	
159.500	      0.236668	      0.239411	
160.000	      0.236762	       0.23939	
160.500	      0.236762	       0.23939	
161.000	      0.236854	      0.239368	
161.500	      0.236942	      0.239345	
162.000	      0.236942	      0.239345	
162.500	      0.237028	      0.239322	
163.000	      0.237112	      0.239299	
163.500	      0.237192	      0.239275	
164.000	      0.237192	      0.239275	
164.500	      0.237271	      0.239251	
165.000	      0.237347	      0.239226	
165.500	      0.237347	      0.239226	
166.000	      0.237421	        0.2392	
166.500	      0.237492	      0.239174	
167.000	      0.237562	      0.239147	
167.500	      0.237562	      0.239147	
168.000	       0.23763	      0.239119	
168.500	      0.237695	      0.239091	
169.000	      0.237695	      0.239091	
169.500	      0.237759	      0.239062	
170.000	      0.237821	      0.239033	
170.500	      0.237821	      0.239033	
171.000	      0.237882	      0.239002	
171.500	       0.23794	      0.238971	
172.000	      0.237997	       0.23894	
172.500	      0.237997	       0.23894	
173.000	      0.238053	      0.238907	
173.500	      0.238107	      0.238874	
174.000	      0.238107	      0.238874	
174.500	       0.23816	       0.23884	
175.000	      0.238211	      0.238805	
175.500	      0.238261	      0.238769	
176.000	      0.238261	      0.238769	
176.500	      0.238309	      0.238732	
177.000	      0.238357	      0.238695	
177.500	      0.238357	      0.238695	
178.000	      0.238403	      0.238656	
178.500	      0.238448	      0.238616	
179.000	      0.238492	      0.238576	
179.500	      0.238492	      0.238576	
180.000	      0.238534	      0.238534	
