
TracePro Release: 3 2 0 
Polar Candela Distribution Data for 
Data covers +/- 180.000 degrees from Normal
Data for Missed Rays
Data generated at 09:36:40 June 25, 2025

	   0.0	 180.0
0.000	      0.162873	      0.162873	
0.500	      0.165489	       0.14483	
1.000	      0.165489	       0.14483	
1.500	      0.166444	      0.391344	
2.000	      0.166911	      0.143714	
2.500	      0.167063	      0.159878	
3.000	      0.167063	      0.159878	
3.500	      0.164611	      0.152855	
4.000	      0.226347	       0.27695	
4.500	      0.226347	       0.27695	
5.000	     0.0617103	      0.152265	
5.500	      0.187618	      0.159449	
6.000	     0.0354913	      0.151426	
6.500	     0.0354913	      0.151426	
7.000	      0.253908	      0.281367	
7.500	     0.0834549	     0.0633781	
8.000	     0.0834549	     0.0633781	
8.500	      0.261167	      0.177623	
9.000	     0.0230563	     0.0859732	
9.500	      0.532514	       0.14558	
10.000	      0.532514	       0.14558	
10.500	      0.114785	     0.0907963	
11.000	      0.201839	     0.0106429	
11.500	      0.201839	     0.0106429	
12.000	     0.0195771	       1.11861	
12.500	      0.295759	       11.0518	
13.000	      0.295759	       11.0518	
13.500	      0.124742	      0.888027	
14.000	      0.502719	     0.0332404	
14.500	      0.193512	     0.0768731	
15.000	      0.193512	     0.0768731	
15.500	       0.61826	       0.20398	
16.000	      0.352269	      0.135764	
16.500	      0.352269	      0.135764	
17.000	      0.938788	      0.164036	
17.500	      0.151463	     0.0137453	
18.000	      0.633456	      0.264057	
18.500	      0.633456	      0.264057	
19.000	      0.338323	     0.0699669	
19.500	      0.401162	      0.172987	
20.000	      0.401162	      0.172987	
20.500	     0.0842685	      0.168017	
21.000	      0.872615	      0.168642	
21.500	      0.553934	      0.170027	
22.000	      0.553934	      0.170027	
22.500	      0.686036	      0.172345	
23.000	      0.388921	      0.173745	
23.500	      0.388921	      0.173745	
24.000	       0.79698	      0.393747	
24.500	      0.398441	       1.25053	
25.000	      0.682349	       1.65803	
25.500	      0.682349	       1.65803	
26.000	      0.398663	      0.823408	
26.500	      0.680417	        1.1374	
27.000	      0.680417	        1.1374	
27.500	      0.436219	      0.932658	
28.000	         1.052	       1.53712	
28.500	      0.547673	       1.11408	
29.000	      0.547673	       1.11408	
29.500	      0.637726	      0.385983	
30.000	       1.27031	      0.175041	
30.500	       1.27031	      0.175041	
31.000	      0.844148	      0.174939	
31.500	      0.407312	      0.173423	
32.000	       1.23761	      0.172712	
32.500	       1.23761	      0.172712	
33.000	      0.615059	      0.172358	
33.500	       0.71072	      0.172174	
34.000	       0.71072	      0.172174	
34.500	      0.356982	      0.172079	
35.000	      0.418132	      0.172034	
35.500	      0.418132	      0.172034	
36.000	      0.718749	       0.17202	
36.500	     0.0480408	      0.172025	
37.000	      0.906222	      0.172043	
37.500	      0.906222	      0.172043	
38.000	      0.174986	       0.17207	
38.500	        1.5433	      0.172106	
39.000	        1.5433	      0.172106	
39.500	       2.39583	      0.172149	
40.000	       17.3197	      0.172197	
40.500	       172.237	      0.172242	
41.000	       172.237	      0.172242	
41.500	        17.528	      0.172237	
42.000	       2.57079	      0.171856	
42.500	       2.57079	      0.171856	
43.000	       1.56214	      0.165024	
43.500	      0.645381	      0.316586	
44.000	      0.799742	     0.0855472	
44.500	      0.799742	     0.0855472	
45.000	       0.52234	      0.194039	
45.500	       1.22388	      0.175923	
46.000	       1.22388	      0.175923	
46.500	       1.08961	      0.173731	
47.000	      0.763154	      0.173061	
47.500	       1.82226	      0.172784	
48.000	       1.82226	      0.172784	
48.500	       1.03637	       0.17265	
49.000	       1.41401	       0.17258	
49.500	       1.41401	       0.17258	
50.000	       1.89743	      0.172543	
50.500	       1.56882	      0.172523	
51.000	       2.66189	      0.172515	
51.500	       2.66189	      0.172515	
52.000	      0.827749	      0.172513	
52.500	       2.52353	      0.172516	
53.000	       2.52353	      0.172516	
53.500	       2.21682	      0.172521	
54.000	      0.234423	      0.172529	
54.500	        1.8929	      0.172537	
55.000	        1.8929	      0.172537	
55.500	       2.03014	      0.172547	
56.000	       4.85281	      0.172557	
56.500	       4.85281	      0.172557	
57.000	       4.43138	      0.172567	
57.500	       1.69818	      0.172577	
58.000	       1.69818	      0.172577	
58.500	       3.41831	      0.172588	
59.000	       4.13053	      0.172598	
59.500	        3.1094	      0.172609	
60.000	        3.1094	      0.172609	
60.500	       4.71018	      0.172619	
61.000	      0.422924	      0.172629	
61.500	      0.422924	      0.172629	
62.000	       7.53736	      0.172639	
62.500	       26.0781	      0.172649	
63.000	       4.53814	      0.172658	
63.500	       4.53814	      0.172658	
64.000	       2.82141	      0.172668	
64.500	       0.77168	      0.172677	
65.000	       0.77168	      0.172677	
65.500	         1.479	      0.172686	
66.000	       2.12292	      0.172694	
66.500	      0.839929	      0.172703	
67.000	      0.839929	      0.172703	
67.500	       2.21638	      0.172711	
68.000	       3.37741	      0.172719	
68.500	       3.37741	      0.172719	
69.000	       2.43923	      0.172727	
69.500	       2.47381	      0.172734	
70.000	        1.2994	      0.172741	
70.500	        1.2994	      0.172741	
71.000	      0.806777	      0.172748	
71.500	       2.07526	      0.172755	
72.000	       2.07526	      0.172755	
72.500	       1.64458	      0.172762	
73.000	       1.37563	      0.172768	
73.500	       2.46335	      0.172775	
74.000	       2.46335	      0.172775	
74.500	       2.20692	      0.172781	
75.000	      0.594821	      0.172786	
75.500	      0.594821	      0.172786	
76.000	       1.17429	      0.172792	
76.500	       9.97564	      0.172797	
77.000	       6.08898	      0.172803	
77.500	       6.08898	      0.172803	
78.000	       10.7171	      0.172808	
78.500	       10.8665	      0.172813	
79.000	       10.8665	      0.172813	
79.500	       9.54935	      0.172817	
80.000	       10.5665	      0.172822	
80.500	       10.5665	      0.172822	
81.000	       8.64222	      0.172826	
81.500	       8.68899	       0.17283	
82.000	         6.676	      0.172834	
82.500	         6.676	      0.172834	
83.000	       7.02243	      0.172838	
83.500	        7.0139	      0.172841	
84.000	        7.0139	      0.172841	
84.500	       2.86032	      0.172845	
85.000	       5.93528	      0.172848	
85.500	       3.39926	      0.172851	
86.000	       3.39926	      0.172851	
86.500	       4.90411	      0.172854	
87.000	       7.95224	      0.172857	
87.500	       7.95224	      0.172857	
88.000	       6.86137	       0.17286	
88.500	       24.8364	      0.172862	
89.000	       6.58411	      0.172864	
89.500	       6.58411	      0.172864	
90.000	       3.92391	      0.172867	
90.500	       7.28651	      0.172869	
91.000	       7.28651	      0.172869	
91.500	       5.15469	      0.172871	
92.000	       3.49228	      0.172872	
92.500	       1.55503	      0.172874	
93.000	       1.55503	      0.172874	
93.500	        3.4052	      0.172875	
94.000	       1.60258	      0.172876	
94.500	       1.60258	      0.172876	
95.000	       3.52375	      0.172878	
95.500	       2.38422	      0.172879	
96.000	       3.53722	      0.172879	
96.500	       3.53722	      0.172879	
97.000	       2.51016	       0.17288	
97.500	       1.30052	      0.172881	
98.000	       1.30052	      0.172881	
98.500	       2.49783	      0.172881	
99.000	       1.96203	      0.172881	
99.500	       2.16455	      0.172882	
100.000	       2.16455	      0.172882	
100.500	       1.57578	      0.172882	
101.000	       4.40021	      0.172881	
101.500	       4.40021	      0.172881	
102.000	       1.41596	      0.172881	
102.500	        1.5274	      0.172881	
103.000	        1.5274	      0.172881	
103.500	       3.06759	       0.17288	
104.000	       2.09648	      0.172879	
104.500	        1.7343	      0.172879	
105.000	        1.7343	      0.172879	
105.500	       2.51129	      0.172878	
106.000	       2.50837	      0.172876	
106.500	       2.50837	      0.172876	
107.000	      0.378619	      0.172875	
107.500	       2.58457	      0.172874	
108.000	       3.35546	      0.172872	
108.500	       3.35546	      0.172872	
109.000	       28.0378	       0.17287	
109.500	       279.604	      0.172869	
110.000	       279.604	      0.172869	
110.500	       27.5047	      0.172867	
111.000	       4.63979	      0.172865	
111.500	         2.922	      0.172862	
112.000	         2.922	      0.172862	
112.500	     0.0120921	       0.17286	
113.000	        1.2782	      0.172857	
113.500	        1.2782	      0.172857	
114.000	      0.684237	      0.172855	
114.500	       1.39878	      0.172852	
115.000	      0.699165	      0.172849	
115.500	      0.699165	      0.172849	
116.000	       1.15384	      0.172846	
116.500	      0.955619	      0.172842	
117.000	      0.955619	      0.172842	
117.500	       1.24648	      0.172839	
118.000	       1.09156	      0.172835	
118.500	      0.579631	      0.172831	
119.000	      0.579631	      0.172831	
119.500	       1.59593	      0.172827	
120.000	      0.266746	      0.172823	
120.500	      0.266746	      0.172823	
121.000	      0.944942	      0.172819	
121.500	       0.56702	      0.172815	
122.000	      0.785054	       0.17281	
122.500	      0.785054	       0.17281	
123.000	       1.14859	      0.172805	
123.500	       1.08211	        0.1728	
124.000	       1.08211	        0.1728	
124.500	      0.527433	      0.172795	
125.000	      0.769293	       0.17279	
125.500	      0.769293	       0.17279	
126.000	      0.675756	      0.172785	
126.500	       1.20294	      0.172779	
127.000	       0.68809	      0.172773	
127.500	       0.68809	      0.172773	
128.000	       1.17271	      0.172767	
128.500	       1.36089	      0.172761	
129.000	       1.36089	      0.172761	
129.500	       1.00462	      0.172755	
130.000	      0.294672	      0.172748	
130.500	       1.02636	      0.172742	
131.000	       1.02636	      0.172742	
131.500	      0.539552	      0.172735	
132.000	       1.05649	      0.172728	
132.500	       1.05649	      0.172728	
133.000	      0.653963	       0.17272	
133.500	      0.757954	      0.172713	
134.000	       0.21342	      0.172705	
134.500	       0.21342	      0.172705	
135.000	      0.577055	      0.172697	
135.500	      0.708884	      0.172689	
136.000	      0.708884	      0.172689	
136.500	       3.16605	       0.17268	
137.000	      0.123574	      0.172672	
137.500	      0.106727	      0.172663	
138.000	      0.106727	      0.172663	
138.500	      0.137975	      0.172654	
139.000	       0.14876	      0.172645	
139.500	       0.14876	      0.172645	
140.000	      0.153943	      0.172635	
140.500	      0.156953	      0.172625	
141.000	      0.158933	      0.172615	
141.500	      0.158933	      0.172615	
142.000	      0.160355	      0.172605	
142.500	      0.161441	      0.172594	
143.000	      0.161441	      0.172594	
143.500	      0.162313	      0.172583	
144.000	      0.163036	      0.172572	
144.500	      0.163652	       0.17256	
145.000	      0.163652	       0.17256	
145.500	      0.164189	      0.172549	
146.000	      0.164664	      0.172537	
146.500	      0.164664	      0.172537	
147.000	      0.165089	      0.172524	
147.500	      0.165473	      0.172512	
148.000	      0.165473	      0.172512	
148.500	      0.165824	      0.172499	
149.000	      0.166146	      0.172485	
149.500	      0.166443	      0.172472	
150.000	      0.166443	      0.172472	
150.500	      0.166718	      0.172458	
151.000	      0.166973	      0.172443	
151.500	      0.166973	      0.172443	
152.000	      0.167211	      0.172429	
152.500	      0.167433	      0.172413	
153.000	      0.167639	      0.172398	
153.500	      0.167639	      0.172398	
154.000	      0.167831	      0.172382	
154.500	      0.168009	      0.172366	
155.000	      0.168009	      0.172366	
155.500	       0.16817	      0.172349	
156.000	      0.168311	      0.172332	
156.500	      0.168425	      0.172314	
157.000	      0.168425	      0.172314	
157.500	       0.16849	      0.172296	
158.000	      0.168441	      0.172278	
158.500	      0.168441	      0.172278	
159.000	      0.168001	      0.172259	
159.500	      0.163886	      0.172239	
160.000	      0.223042	       0.17222	
160.500	      0.223042	       0.17222	
161.000	      0.164134	      0.172199	
161.500	      0.168498	      0.172178	
162.000	      0.168498	      0.172178	
162.500	      0.169188	      0.172156	
163.000	      0.169489	      0.172134	
163.500	       0.16968	      0.172112	
164.000	       0.16968	      0.172112	
164.500	      0.169826	      0.172088	
165.000	      0.169948	      0.172064	
165.500	      0.169948	      0.172064	
166.000	      0.170057	       0.17204	
166.500	      0.170156	      0.172014	
167.000	      0.170249	      0.171988	
167.500	      0.170249	      0.171988	
168.000	      0.170336	      0.171962	
168.500	      0.170418	      0.171934	
169.000	      0.170418	      0.171934	
169.500	      0.170497	      0.171906	
170.000	      0.170572	      0.171877	
170.500	      0.170572	      0.171877	
171.000	      0.170643	      0.171847	
171.500	      0.170712	      0.171817	
172.000	      0.170779	      0.171785	
172.500	      0.170779	      0.171785	
173.000	      0.170842	      0.171753	
173.500	      0.170904	      0.171719	
174.000	      0.170904	      0.171719	
174.500	      0.170963	      0.171685	
175.000	       0.17102	      0.171649	
175.500	      0.171075	      0.171613	
176.000	      0.171075	      0.171613	
176.500	      0.171128	      0.171575	
177.000	       0.17118	      0.171537	
177.500	       0.17118	      0.171537	
178.000	      0.171229	      0.171497	
178.500	      0.171278	      0.171456	
179.000	      0.171324	      0.171413	
179.500	      0.171324	      0.171413	
180.000	       0.17137	       0.17137	
