
TracePro Release: 3 2 0 
Polar Candela Distribution Data for 
Data covers +/- 180.000 degrees from Normal
Data for Missed Rays
Data generated at 09:41:46 June 30, 2025

	   0.0	 180.0
0.000	      0.214446	      0.214446	
0.500	      0.223324	      0.202428	
1.000	      0.223324	      0.202428	
1.500	      0.230065	      0.185598	
2.000	      0.235304	      0.160998	
2.500	      0.239453	      0.122988	
3.000	      0.239453	      0.122988	
3.500	      0.242793	     0.0596812	
4.000	      0.245521	     0.0577219	
4.500	      0.245521	     0.0577219	
5.000	      0.247777	      0.315219	
5.500	      0.249661	       1.08175	
6.000	      0.251251	        6.7038	
6.500	      0.251251	        6.7038	
7.000	      0.252603	       71.4137	
7.500	      0.253762	       6.70376	
8.000	      0.253762	       6.70376	
8.500	      0.254762	       1.08167	
9.000	      0.255629	      0.315104	
9.500	      0.256386	     0.0575687	
10.000	      0.256386	     0.0575687	
10.500	      0.257049	     0.0598727	
11.000	      0.257632	      0.123218	
11.500	      0.257632	      0.123218	
12.000	      0.258147	      0.161266	
12.500	      0.258604	      0.185905	
13.000	      0.258604	      0.185905	
13.500	       0.25901	      0.202775	
14.000	      0.259371	      0.214831	
14.500	      0.259694	      0.223748	
15.000	      0.259694	      0.223748	
15.500	      0.259982	       0.23053	
16.000	       0.26024	      0.235808	
16.500	       0.26024	      0.235808	
17.000	      0.260471	      0.239997	
17.500	      0.260678	      0.243378	
18.000	      0.260864	      0.246146	
18.500	      0.260864	      0.246146	
19.000	       0.26103	      0.248442	
19.500	      0.261179	      0.250368	
20.000	      0.261179	      0.250368	
20.500	      0.261311	      0.251999	
21.000	       0.26143	      0.253394	
21.500	      0.261535	      0.254595	
22.000	      0.261535	      0.254595	
22.500	      0.261628	      0.255637	
23.000	      0.261709	      0.256548	
23.500	      0.261709	      0.256548	
24.000	      0.261781	      0.257348	
24.500	      0.261843	      0.258056	
25.000	      0.261896	      0.258684	
25.500	      0.261896	      0.258684	
26.000	       0.26194	      0.259245	
26.500	      0.261977	      0.259747	
27.000	      0.261977	      0.259747	
27.500	      0.262006	      0.260199	
28.000	      0.262028	      0.260608	
28.500	      0.262044	      0.260979	
29.000	      0.262044	      0.260979	
29.500	      0.262053	      0.261316	
30.000	      0.262056	      0.261623	
30.500	      0.262056	      0.261623	
31.000	      0.262053	      0.261904	
31.500	      0.262045	      0.262162	
32.000	      0.262031	        0.2624	
32.500	      0.262031	        0.2624	
33.000	      0.262012	      0.262619	
33.500	      0.261988	      0.262821	
34.000	      0.261988	      0.262821	
34.500	      0.261959	      0.263008	
35.000	      0.261925	      0.263182	
35.500	      0.261925	      0.263182	
36.000	      0.261886	      0.263344	
36.500	      0.261842	      0.263495	
37.000	      0.261793	      0.263635	
37.500	      0.261793	      0.263635	
38.000	      0.261739	      0.263767	
38.500	      0.261681	       0.26389	
39.000	      0.261681	       0.26389	
39.500	      0.261618	      0.264005	
40.000	       0.26155	      0.264114	
40.500	      0.261477	      0.264216	
41.000	      0.261477	      0.264216	
41.500	      0.261399	      0.264312	
42.000	      0.261316	      0.264402	
42.500	      0.261316	      0.264402	
43.000	      0.261228	      0.264488	
43.500	      0.261135	      0.264569	
44.000	      0.261036	      0.264645	
44.500	      0.261036	      0.264645	
45.000	      0.260932	      0.264717	
45.500	      0.260822	      0.264786	
46.000	      0.260822	      0.264786	
46.500	      0.260707	      0.264851	
47.000	      0.260585	      0.264913	
47.500	      0.260458	      0.264971	
48.000	      0.260458	      0.264971	
48.500	      0.260324	      0.265027	
49.000	      0.260183	       0.26508	
49.500	      0.260183	       0.26508	
50.000	      0.260036	      0.265131	
50.500	      0.259881	      0.265179	
51.000	      0.259719	      0.265225	
51.500	      0.259719	      0.265225	
52.000	      0.259549	      0.265269	
52.500	      0.259371	      0.265311	
53.000	      0.259371	      0.265311	
53.500	      0.259185	      0.265351	
54.000	       0.25899	       0.26539	
54.500	      0.258785	      0.265426	
55.000	      0.258785	      0.265426	
55.500	      0.258571	      0.265461	
56.000	      0.258347	      0.265495	
56.500	      0.258347	      0.265495	
57.000	      0.258111	      0.265527	
57.500	      0.257865	      0.265558	
58.000	      0.257865	      0.265558	
58.500	      0.257606	      0.265588	
59.000	      0.257334	      0.265616	
59.500	      0.257049	      0.265643	
60.000	      0.257049	      0.265643	
60.500	       0.25675	      0.265669	
61.000	      0.256436	      0.265694	
61.500	      0.256436	      0.265694	
62.000	      0.256105	      0.265719	
62.500	      0.255758	      0.265742	
63.000	      0.255393	      0.265764	
63.500	      0.255393	      0.265764	
64.000	      0.255008	      0.265785	
64.500	      0.254602	      0.265806	
65.000	      0.254602	      0.265806	
65.500	      0.254175	      0.265825	
66.000	      0.253724	      0.265844	
66.500	      0.253248	      0.265862	
67.000	      0.253248	      0.265862	
67.500	      0.252744	       0.26588	
68.000	      0.252212	      0.265896	
68.500	      0.252212	      0.265896	
69.000	      0.251648	      0.265912	
69.500	      0.251051	      0.265928	
70.000	      0.250418	      0.265943	
70.500	      0.250418	      0.265943	
71.000	      0.249745	      0.265957	
71.500	       0.24903	      0.265971	
72.000	       0.24903	      0.265971	
72.500	      0.248268	      0.265984	
73.000	      0.247457	      0.265996	
73.500	      0.246592	      0.266008	
74.000	      0.246592	      0.266008	
74.500	      0.245667	       0.26602	
75.000	      0.244677	      0.266031	
75.500	      0.244677	      0.266031	
76.000	      0.243617	      0.266041	
76.500	      0.242479	      0.266052	
77.000	      0.241256	      0.266061	
77.500	      0.241256	      0.266061	
78.000	      0.239938	      0.266071	
78.500	      0.238517	      0.266079	
79.000	      0.238517	      0.266079	
79.500	       0.23698	      0.266088	
80.000	      0.235316	      0.266096	
80.500	      0.235316	      0.266096	
81.000	       0.23351	      0.266103	
81.500	      0.231544	      0.266111	
82.000	        0.2294	      0.266117	
82.500	        0.2294	      0.266117	
83.000	      0.227057	      0.266124	
83.500	      0.224487	       0.26613	
84.000	      0.224487	       0.26613	
84.500	      0.221661	      0.266136	
85.000	      0.218544	      0.266141	
85.500	      0.215094	      0.266147	
86.000	      0.215094	      0.266147	
86.500	      0.211262	      0.266151	
87.000	      0.206989	      0.266156	
87.500	      0.206989	      0.266156	
88.000	      0.202206	       0.26616	
88.500	      0.196826	      0.266164	
89.000	      0.190747	      0.266167	
89.500	      0.190747	      0.266167	
90.000	       0.18384	      0.266171	
90.500	      0.175948	      0.266174	
91.000	      0.175948	      0.266174	
91.500	      0.166872	      0.266176	
92.000	      0.156363	      0.266179	
92.500	        0.1441	      0.266181	
93.000	        0.1441	      0.266181	
93.500	      0.129667	      0.266183	
94.000	      0.112516	      0.266184	
94.500	      0.112516	      0.266184	
95.000	     0.0919133	      0.266185	
95.500	     0.0668573	      0.266187	
96.000	     0.0359531	      0.266187	
96.500	     0.0359531	      0.266187	
97.000	    0.00279181	      0.266188	
97.500	     0.0523043	      0.266188	
98.000	     0.0523043	      0.266188	
98.500	       0.11703	      0.266188	
99.000	      0.203995	      0.266188	
99.500	      0.324847	      0.266187	
100.000	      0.324847	      0.266187	
100.500	      0.500093	      0.266186	
101.000	      0.768676	      0.266185	
101.500	      0.768676	      0.266185	
102.000	       1.21237	      0.266184	
102.500	       2.02861	      0.266182	
103.000	       2.02861	      0.266182	
103.500	       3.80542	       0.26618	
104.000	       9.06075	      0.266178	
104.500	       47.4293	      0.266176	
105.000	       47.4293	      0.266176	
105.500	        485.02	      0.266173	
106.000	        47.609	      0.266171	
106.500	        47.609	      0.266171	
107.000	       9.49221	      0.266168	
107.500	       4.72323	      0.266164	
108.000	       4.32656	      0.266161	
108.500	       4.32656	      0.266161	
109.000	       13.4919	      0.266157	
109.500	       125.413	      0.266153	
110.000	       125.413	      0.266153	
110.500	       12.8009	      0.266148	
111.000	       2.66728	      0.266144	
111.500	       1.19359	      0.266139	
112.000	       1.19359	      0.266139	
112.500	      0.655027	      0.266134	
113.000	      0.386194	      0.266129	
113.500	      0.386194	      0.266129	
114.000	      0.227809	      0.266123	
114.500	      0.124513	      0.266117	
115.000	     0.0524068	      0.266111	
115.500	     0.0524068	      0.266111	
116.000	   0.000421244	      0.266105	
116.500	     0.0405472	      0.266098	
117.000	     0.0405472	      0.266098	
117.500	     0.0718894	      0.266091	
118.000	     0.0969232	      0.266084	
118.500	      0.117287	      0.266076	
119.000	      0.117287	      0.266076	
119.500	      0.134107	      0.266069	
120.000	      0.148181	      0.266061	
120.500	      0.148181	      0.266061	
121.000	       0.16009	      0.266053	
121.500	      0.170265	      0.266044	
122.000	      0.179034	      0.266035	
122.500	      0.179034	      0.266035	
123.000	      0.186648	      0.266026	
123.500	      0.193306	      0.266017	
124.000	      0.193306	      0.266017	
124.500	      0.199163	      0.266007	
125.000	      0.204345	      0.265997	
125.500	      0.204345	      0.265997	
126.000	      0.208952	      0.265987	
126.500	      0.213068	      0.265976	
127.000	      0.216761	      0.265965	
127.500	      0.216761	      0.265965	
128.000	      0.220087	      0.265954	
128.500	      0.223094	      0.265942	
129.000	      0.223094	      0.265942	
129.500	      0.225821	       0.26593	
130.000	      0.228303	      0.265918	
130.500	      0.230569	      0.265906	
131.000	      0.230569	      0.265906	
131.500	      0.232643	      0.265893	
132.000	      0.234546	       0.26588	
132.500	      0.234546	       0.26588	
133.000	      0.236296	      0.265866	
133.500	       0.23791	      0.265852	
134.000	      0.239402	      0.265838	
134.500	      0.239402	      0.265838	
135.000	      0.240783	      0.265823	
135.500	      0.242064	      0.265808	
136.000	      0.242064	      0.265808	
136.500	      0.243255	      0.265793	
137.000	      0.244364	      0.265777	
137.500	      0.245399	      0.265761	
138.000	      0.245399	      0.265761	
138.500	      0.246365	      0.265744	
139.000	       0.24727	      0.265727	
139.500	       0.24727	      0.265727	
140.000	      0.248117	       0.26571	
140.500	      0.248912	      0.265692	
141.000	      0.249659	      0.265673	
141.500	      0.249659	      0.265673	
142.000	      0.250362	      0.265655	
142.500	      0.251024	      0.265635	
143.000	      0.251024	      0.265635	
143.500	      0.251649	      0.265616	
144.000	      0.252238	      0.265595	
144.500	      0.252796	      0.265575	
145.000	      0.252796	      0.265575	
145.500	      0.253323	      0.265553	
146.000	      0.253822	      0.265532	
146.500	      0.253822	      0.265532	
147.000	      0.254296	       0.26551	
147.500	      0.254745	      0.265487	
148.000	      0.254745	      0.265487	
148.500	      0.255172	      0.265463	
149.000	      0.255577	       0.26544	
149.500	      0.255963	      0.265415	
150.000	      0.255963	      0.265415	
150.500	      0.256331	       0.26539	
151.000	      0.256681	      0.265364	
151.500	      0.256681	      0.265364	
152.000	      0.257015	      0.265338	
152.500	      0.257333	      0.265311	
153.000	      0.257638	      0.265284	
153.500	      0.257638	      0.265284	
154.000	      0.257929	      0.265255	
154.500	      0.258207	      0.265226	
155.000	      0.258207	      0.265226	
155.500	      0.258473	      0.265197	
156.000	      0.258728	      0.265166	
156.500	      0.258972	      0.265135	
157.000	      0.258972	      0.265135	
157.500	      0.259206	      0.265103	
158.000	      0.259431	      0.265071	
158.500	      0.259431	      0.265071	
159.000	      0.259646	      0.265037	
159.500	      0.259853	      0.265003	
160.000	      0.260052	      0.264968	
160.500	      0.260052	      0.264968	
161.000	      0.260243	      0.264931	
161.500	      0.260427	      0.264894	
162.000	      0.260427	      0.264894	
162.500	      0.260604	      0.264857	
163.000	      0.260774	      0.264818	
163.500	      0.260938	      0.264778	
164.000	      0.260938	      0.264778	
164.500	      0.261096	      0.264737	
165.000	      0.261249	      0.264695	
165.500	      0.261249	      0.264695	
166.000	      0.261396	      0.264652	
166.500	      0.261537	      0.264608	
167.000	      0.261674	      0.264562	
167.500	      0.261674	      0.264562	
168.000	      0.261806	      0.264516	
168.500	      0.261934	      0.264468	
169.000	      0.261934	      0.264468	
169.500	      0.262057	      0.264419	
170.000	      0.262176	      0.264369	
170.500	      0.262176	      0.264369	
171.000	      0.262292	      0.264317	
171.500	      0.262403	      0.264264	
172.000	      0.262511	      0.264209	
172.500	      0.262511	      0.264209	
173.000	      0.262615	      0.264153	
173.500	      0.262716	      0.264096	
174.000	      0.262716	      0.264096	
174.500	      0.262814	      0.264036	
175.000	      0.262909	      0.263976	
175.500	      0.263001	      0.263913	
176.000	      0.263001	      0.263913	
176.500	       0.26309	      0.263848	
177.000	      0.263177	      0.263782	
177.500	      0.263177	      0.263782	
178.000	       0.26326	      0.263714	
178.500	      0.263342	      0.263644	
179.000	      0.263421	      0.263572	
179.500	      0.263421	      0.263572	
180.000	      0.263497	      0.263497	
