
TracePro Release: 3 2 0 
Polar Candela Distribution Data for 
Data covers +/- 180.000 degrees from Normal
Data for Missed Rays
Data generated at 09:36:44 June 25, 2025

	   0.0	 180.0
0.000	      0.433003	      0.433003	
0.500	    0.00190496	    0.00259606	
1.000	    0.00190496	    0.00259606	
1.500	     0.0326592	     0.0341767	
2.000	     0.0366556	     0.0393723	
2.500	     0.0378401	     0.0427685	
3.000	     0.0378401	     0.0427685	
3.500	      0.038221	      0.049034	
4.000	     0.0382335	     0.0896177	
4.500	     0.0382335	     0.0896177	
5.000	     0.0379645	      0.464711	
5.500	     0.0373171	      0.108184	
6.000	     0.0358573	      0.410766	
6.500	     0.0358573	      0.410766	
7.000	     0.0316596	        1.5896	
7.500	    0.00222613	       1.53788	
8.000	    0.00222613	       1.53788	
8.500	      0.404604	         1.143	
9.000	    0.00018784	      0.505693	
9.500	     0.0240727	      0.231045	
10.000	     0.0240727	      0.231045	
10.500	    0.00610417	       1.43885	
11.000	      0.466872	      0.249515	
11.500	      0.466872	      0.249515	
12.000	    0.00476262	      0.624457	
12.500	     0.0289916	       1.15812	
13.000	     0.0289916	       1.15812	
13.500	     0.0329531	       1.92641	
14.000	      0.033093	      0.454893	
14.500	     0.0306736	     0.0594014	
15.000	     0.0306736	     0.0594014	
15.500	     0.0221168	     0.0928204	
16.000	     0.0392448	      0.370623	
16.500	     0.0392448	      0.370623	
17.000	      0.789015	      0.115318	
17.500	     0.0784983	      0.368882	
18.000	      0.530087	      0.455678	
18.500	      0.530087	      0.455678	
19.000	      0.595052	     0.0121161	
19.500	      0.709927	     0.0344445	
20.000	      0.709927	     0.0344445	
20.500	      0.120738	     0.0232177	
21.000	       1.07413	      0.201435	
21.500	      0.065369	     0.0222151	
22.000	      0.065369	     0.0222151	
22.500	     0.0197765	     0.0397207	
23.000	     0.0324478	      0.171069	
23.500	     0.0324478	      0.171069	
24.000	     0.0358474	      0.800465	
24.500	    0.00962791	      0.690326	
25.000	      0.688158	        1.4995	
25.500	      0.688158	        1.4995	
26.000	       1.22769	        2.4986	
26.500	       0.15146	       2.63665	
27.000	       0.15146	       2.63665	
27.500	     0.0619159	        0.8053	
28.000	       0.05149	     0.0604696	
28.500	     0.0481872	      0.017054	
29.000	     0.0481872	      0.017054	
29.500	     0.0442264	      0.617721	
30.000	    0.00915098	     0.0231001	
30.500	    0.00915098	     0.0231001	
31.000	      0.623851	       0.15881	
31.500	      0.691588	      0.372306	
32.000	      0.560111	      0.342761	
32.500	      0.560111	      0.342761	
33.000	      0.894026	     0.0108854	
33.500	       19.1853	      0.135457	
34.000	       19.1853	      0.135457	
34.500	       50.6981	      0.123071	
35.000	       60.7013	      0.139008	
35.500	       60.7013	      0.139008	
36.000	       71.3677	      0.018385	
36.500	       68.5565	     0.0431387	
37.000	       61.5823	     0.0397484	
37.500	       61.5823	     0.0397484	
38.000	       56.0065	     0.0394289	
38.500	       50.3259	     0.0393717	
39.000	       50.3259	     0.0393717	
39.500	        54.474	     0.0393837	
40.000	       47.0435	     0.0394445	
40.500	       10.2057	     0.0396081	
41.000	       10.2057	     0.0396081	
41.500	      0.210658	     0.0401693	
42.000	       1.79035	      0.044751	
42.500	       1.79035	      0.044751	
43.000	         1.203	     0.0206239	
43.500	       0.53234	     0.0471372	
44.000	      0.014152	     0.0341741	
44.500	      0.014152	     0.0341741	
45.000	      0.536513	      0.221342	
45.500	       1.10739	     0.0178838	
46.000	       1.10739	     0.0178838	
46.500	      0.678119	     0.0870522	
47.000	     0.0202767	     0.0250549	
47.500	      0.087565	       0.14532	
48.000	      0.087565	       0.14532	
48.500	      0.507899	     0.0718627	
49.000	      0.649083	     0.0933737	
49.500	      0.649083	     0.0933737	
50.000	      0.491216	     0.0352603	
50.500	      0.118283	     0.0379186	
51.000	      0.319399	     0.0349145	
51.500	      0.319399	     0.0349145	
52.000	     0.0682789	     0.0819789	
52.500	    0.00259334	     0.0351127	
53.000	    0.00259334	     0.0351127	
53.500	      0.501061	     0.0385269	
54.000	      0.090555	     0.0390072	
54.500	      0.944643	     0.0391693	
55.000	      0.944643	     0.0391693	
55.500	     0.0720709	     0.0392357	
56.000	      0.580479	     0.0392556	
56.500	      0.580479	     0.0392556	
57.000	       1.33931	     0.0392387	
57.500	      0.612295	     0.0391725	
58.000	      0.612295	     0.0391725	
58.500	      0.399682	     0.0390013	
59.000	     0.0697474	     0.0384757	
59.500	    0.00568231	     0.0346673	
60.000	    0.00568231	     0.0346673	
60.500	      0.425356	     0.0871306	
61.000	     0.0497027	     0.0344561	
61.500	     0.0497027	     0.0344561	
62.000	       0.67719	     0.0377807	
62.500	      0.387989	     0.0349201	
63.000	     0.0595183	     0.0820659	
63.500	     0.0595183	     0.0820659	
64.000	     0.0145702	     0.0351789	
64.500	      0.409443	     0.0386044	
65.000	      0.409443	     0.0386044	
65.500	      0.224066	      0.039093	
66.000	      0.127675	     0.0392662	
66.500	      0.728063	     0.0393497	
67.000	      0.728063	     0.0393497	
67.500	      0.480199	     0.0393972	
68.000	      0.756069	     0.0394272	
68.500	      0.756069	     0.0394272	
69.000	       0.40265	     0.0394475	
69.500	     0.0269278	     0.0394619	
70.000	     0.0743213	     0.0394726	
70.500	     0.0743213	     0.0394726	
71.000	      0.605883	     0.0394807	
71.500	       1.08478	      0.039487	
72.000	       1.08478	      0.039487	
72.500	     0.0471814	      0.039492	
73.000	     0.0259387	      0.039496	
73.500	     0.0372777	     0.0394992	
74.000	     0.0372777	     0.0394992	
74.500	     0.0598067	     0.0395019	
75.000	      0.204222	      0.039504	
75.500	      0.204222	      0.039504	
76.000	     0.0895363	     0.0395058	
76.500	      0.302667	     0.0395072	
77.000	      0.058725	     0.0395084	
77.500	      0.058725	     0.0395084	
78.000	     0.0106587	     0.0395093	
78.500	      0.521177	       0.03951	
79.000	      0.521177	       0.03951	
79.500	     0.0696564	     0.0395106	
80.000	      0.543161	      0.039511	
80.500	      0.543161	      0.039511	
81.000	      0.127812	     0.0395113	
81.500	       1.16187	     0.0395114	
82.000	      0.296584	     0.0395115	
82.500	      0.296584	     0.0395115	
83.000	       1.17811	     0.0395115	
83.500	       1.09679	     0.0395114	
84.000	       1.09679	     0.0395114	
84.500	        1.7973	     0.0395112	
85.000	       3.21499	     0.0395109	
85.500	       0.74178	     0.0395106	
86.000	       0.74178	     0.0395106	
86.500	       1.51972	     0.0395102	
87.000	       1.94967	     0.0395097	
87.500	       1.94967	     0.0395097	
88.000	       2.46571	     0.0395092	
88.500	       1.45331	     0.0395087	
89.000	       1.26261	     0.0395081	
89.500	       1.26261	     0.0395081	
90.000	        1.4786	     0.0395074	
90.500	       5.32792	     0.0395067	
91.000	       5.32792	     0.0395067	
91.500	       2.11569	      0.039506	
92.000	       3.73111	     0.0395052	
92.500	      0.860211	     0.0395044	
93.000	      0.860211	     0.0395044	
93.500	     0.0783353	     0.0395036	
94.000	      0.127505	     0.0395027	
94.500	      0.127505	     0.0395027	
95.000	      0.782709	     0.0395018	
95.500	       1.09103	     0.0395008	
96.000	       2.62997	     0.0394998	
96.500	       2.62997	     0.0394998	
97.000	       3.87501	     0.0394988	
97.500	       6.96382	     0.0394977	
98.000	       6.96382	     0.0394977	
98.500	       8.13555	     0.0394966	
99.000	       6.99899	     0.0394955	
99.500	       2.92961	     0.0394943	
100.000	       2.92961	     0.0394943	
100.500	       4.47925	     0.0394931	
101.000	       6.31909	     0.0394919	
101.500	       6.31909	     0.0394919	
102.000	       10.9034	     0.0394907	
102.500	       12.2701	     0.0394894	
103.000	       12.2701	     0.0394894	
103.500	       8.83985	      0.039488	
104.000	       7.70898	     0.0394867	
104.500	       5.37041	     0.0394853	
105.000	       5.37041	     0.0394853	
105.500	       5.98999	     0.0394838	
106.000	       5.69822	     0.0394824	
106.500	       5.69822	     0.0394824	
107.000	      0.307509	     0.0394809	
107.500	       13.7564	     0.0394793	
108.000	       127.563	     0.0394778	
108.500	       127.563	     0.0394778	
109.000	       12.4307	     0.0394762	
109.500	       2.37113	     0.0394745	
110.000	       2.37113	     0.0394745	
110.500	       1.00936	     0.0394729	
111.000	      0.412804	     0.0394711	
111.500	      0.402782	     0.0394694	
112.000	      0.402782	     0.0394694	
112.500	      0.211415	     0.0394676	
113.000	      0.147044	     0.0394658	
113.500	      0.147044	     0.0394658	
114.000	      0.103236	     0.0394639	
114.500	     0.0731127	      0.039462	
115.000	     0.0515659	     0.0394601	
115.500	     0.0515659	     0.0394601	
116.000	     0.0356321	     0.0394581	
116.500	     0.0235207	     0.0394561	
117.000	     0.0235207	     0.0394561	
117.500	     0.0141011	      0.039454	
118.000	    0.00663168	     0.0394519	
118.500	   0.000609556	     0.0394498	
119.000	   0.000609556	     0.0394498	
119.500	    0.00431597	     0.0394476	
120.000	    0.00839549	     0.0394453	
120.500	    0.00839549	     0.0394453	
121.000	     0.0118119	      0.039443	
121.500	     0.0147013	     0.0394407	
122.000	     0.0171666	     0.0394383	
122.500	     0.0171666	     0.0394383	
123.000	     0.0192866	     0.0394359	
123.500	     0.0211229	     0.0394334	
124.000	     0.0211229	     0.0394334	
124.500	     0.0227238	     0.0394309	
125.000	     0.0241278	     0.0394283	
125.500	     0.0241278	     0.0394283	
126.000	     0.0253657	     0.0394257	
126.500	     0.0264628	      0.039423	
127.000	     0.0274396	     0.0394203	
127.500	     0.0274396	     0.0394203	
128.000	     0.0283129	     0.0394175	
128.500	     0.0290968	     0.0394147	
129.000	     0.0290968	     0.0394147	
129.500	     0.0298032	     0.0394118	
130.000	     0.0304418	     0.0394088	
130.500	      0.031021	     0.0394058	
131.000	      0.031021	     0.0394058	
131.500	      0.031548	     0.0394027	
132.000	     0.0320288	     0.0393996	
132.500	     0.0320288	     0.0393996	
133.000	     0.0324686	     0.0393964	
133.500	      0.032872	     0.0393931	
134.000	     0.0332428	     0.0393897	
134.500	     0.0332428	     0.0393897	
135.000	     0.0335845	     0.0393863	
135.500	        0.0339	     0.0393828	
136.000	        0.0339	     0.0393828	
136.500	      0.034192	     0.0393793	
137.000	     0.0344626	     0.0393757	
137.500	     0.0347139	      0.039372	
138.000	     0.0347139	      0.039372	
138.500	     0.0349477	     0.0393682	
139.000	     0.0351656	     0.0393643	
139.500	     0.0351656	     0.0393643	
140.000	      0.035369	     0.0393604	
140.500	     0.0355591	     0.0393564	
141.000	     0.0357371	     0.0393523	
141.500	     0.0357371	     0.0393523	
142.000	     0.0359039	     0.0393481	
142.500	     0.0360605	     0.0393438	
143.000	     0.0360605	     0.0393438	
143.500	     0.0362077	     0.0393394	
144.000	     0.0363462	     0.0393349	
144.500	     0.0364768	     0.0393304	
145.000	     0.0364768	     0.0393304	
145.500	     0.0365999	     0.0393257	
146.000	     0.0367161	     0.0393209	
146.500	     0.0367161	     0.0393209	
147.000	      0.036826	     0.0393161	
147.500	       0.03693	     0.0393111	
148.000	       0.03693	     0.0393111	
148.500	     0.0370284	      0.039306	
149.000	     0.0371218	     0.0393008	
149.500	     0.0372104	     0.0392955	
150.000	     0.0372104	     0.0392955	
150.500	     0.0372945	       0.03929	
151.000	     0.0373745	     0.0392845	
151.500	     0.0373745	     0.0392845	
152.000	     0.0374506	     0.0392788	
152.500	      0.037523	      0.039273	
153.000	      0.037592	      0.039267	
153.500	      0.037592	      0.039267	
154.000	     0.0376578	     0.0392609	
154.500	     0.0377206	     0.0392547	
155.000	     0.0377206	     0.0392547	
155.500	     0.0377806	     0.0392484	
156.000	     0.0378379	     0.0392418	
156.500	     0.0378927	     0.0392352	
157.000	     0.0378927	     0.0392352	
157.500	     0.0379451	     0.0392283	
158.000	     0.0379953	     0.0392213	
158.500	     0.0379953	     0.0392213	
159.000	     0.0380433	     0.0392142	
159.500	     0.0380894	     0.0392068	
160.000	     0.0381336	     0.0391993	
160.500	     0.0381336	     0.0391993	
161.000	      0.038176	     0.0391916	
161.500	     0.0382167	     0.0391837	
162.000	     0.0382167	     0.0391837	
162.500	     0.0382558	     0.0391756	
163.000	     0.0382934	     0.0391673	
163.500	     0.0383295	     0.0391588	
164.000	     0.0383295	     0.0391588	
164.500	     0.0383643	     0.0391501	
165.000	     0.0383977	     0.0391412	
165.500	     0.0383977	     0.0391412	
166.000	       0.03843	      0.039132	
166.500	      0.038461	     0.0391226	
167.000	     0.0384909	     0.0391129	
167.500	     0.0384909	     0.0391129	
168.000	     0.0385198	      0.039103	
168.500	     0.0385476	     0.0390929	
169.000	     0.0385476	     0.0390929	
169.500	     0.0385745	     0.0390824	
170.000	     0.0386004	     0.0390717	
170.500	     0.0386004	     0.0390717	
171.000	     0.0386254	     0.0390607	
171.500	     0.0386496	     0.0390494	
172.000	      0.038673	     0.0390377	
172.500	      0.038673	     0.0390377	
173.000	     0.0386956	     0.0390258	
173.500	     0.0387175	     0.0390135	
174.000	     0.0387175	     0.0390135	
174.500	     0.0387386	     0.0390009	
175.000	     0.0387591	     0.0389879	
175.500	     0.0387789	     0.0389745	
176.000	     0.0387789	     0.0389745	
176.500	     0.0387981	     0.0389607	
177.000	     0.0388167	     0.0389466	
177.500	     0.0388167	     0.0389466	
178.000	     0.0388347	      0.038932	
178.500	     0.0388522	      0.038917	
179.000	     0.0388691	     0.0389015	
179.500	     0.0388691	     0.0389015	
180.000	     0.0388855	     0.0388855	
