
TracePro Release: 3 2 0 
Polar Candela Distribution Data for 
Data covers +/- 180.000 degrees from Normal
Data for Missed Rays
Data generated at 09:36:42 June 25, 2025

	   0.0	 180.0
0.000	      0.214278	      0.214278	
0.500	      0.204127	      0.303699	
1.000	      0.204127	      0.303699	
1.500	      0.186429	       1.56544	
2.000	      0.393974	       4.36322	
2.500	      0.172179	       3.86651	
3.000	      0.172179	       3.86651	
3.500	      0.346559	       1.24116	
4.000	      0.189173	      0.117785	
4.500	      0.189173	      0.117785	
5.000	      0.201834	       1.02679	
5.500	      0.206376	      0.615582	
6.000	      0.237258	      0.261008	
6.500	      0.237258	      0.261008	
7.000	      0.307045	      0.188156	
7.500	      0.709215	      0.494991	
8.000	      0.709215	      0.494991	
8.500	     0.0808871	     0.0899468	
9.000	       1.35404	       1.08596	
9.500	       1.07377	      0.851808	
10.000	       1.07377	      0.851808	
10.500	      0.991766	       1.64389	
11.000	      0.464417	     0.0502334	
11.500	      0.464417	     0.0502334	
12.000	      0.910332	       1.02896	
12.500	       2.54265	      0.230709	
13.000	       2.54265	      0.230709	
13.500	       2.30244	       1.56405	
14.000	      0.206133	       6.41038	
14.500	        2.8055	       9.38846	
15.000	        2.8055	       9.38846	
15.500	      0.212673	       9.74606	
16.000	       2.05788	       17.0204	
16.500	       2.05788	       17.0204	
17.000	       1.45402	       49.3173	
17.500	      0.999338	       5.25521	
18.000	      0.137178	      0.941107	
18.500	      0.137178	      0.941107	
19.000	      0.182205	      0.479733	
19.500	      0.155393	      0.309571	
20.000	      0.155393	      0.309571	
20.500	      0.627315	      0.221271	
21.000	      0.159639	      0.160948	
21.500	      0.194317	      0.108255	
22.000	      0.194317	      0.108255	
22.500	      0.199533	     0.0445854	
23.000	      0.201565	      0.121659	
23.500	      0.201565	      0.121659	
24.000	      0.202999	      0.133585	
24.500	      0.208647	      0.325391	
25.000	      0.127808	       1.36984	
25.500	      0.127808	       1.36984	
26.000	      0.203131	      0.733193	
26.500	      0.163536	       1.68655	
27.000	      0.163536	       1.68655	
27.500	       0.63594	       3.11801	
28.000	      0.162638	       22.4212	
28.500	      0.196478	       227.454	
29.000	      0.196478	       227.454	
29.500	      0.200682	       24.1856	
30.000	       0.20078	       3.86868	
30.500	       0.20078	       3.86868	
31.000	      0.189686	       1.59515	
31.500	      0.358968	      0.797488	
32.000	      0.191921	      0.431189	
32.500	      0.191921	      0.431189	
33.000	      0.206707	      0.233145	
33.500	      0.216476	      0.114103	
34.000	      0.216476	      0.114103	
34.500	      0.279336	      0.037014	
35.000	      0.602932	     0.0157521	
35.500	      0.602932	     0.0157521	
36.000	      0.271042	     0.0534616	
36.500	      0.165971	     0.0813686	
37.000	       0.69405	      0.102643	
37.500	       0.69405	      0.102643	
38.000	     0.0824572	      0.119307	
38.500	       1.00429	      0.132737	
39.000	       1.00429	      0.132737	
39.500	     0.0750203	      0.143992	
40.000	         1.135	      0.154185	
40.500	       1.12032	      0.165775	
41.000	       1.12032	      0.165775	
41.500	      0.462612	      0.201568	
42.000	       1.26566	      0.186612	
42.500	       1.26566	      0.186612	
43.000	      0.451137	      0.237688	
43.500	      0.761215	      0.077112	
44.000	      0.311676	      0.286704	
44.500	      0.311676	      0.286704	
45.000	      0.226746	      0.974158	
45.500	      0.212658	       1.84578	
46.000	      0.212658	       1.84578	
46.500	      0.206723	      0.629575	
47.000	      0.203047	      0.237353	
47.500	       0.20047	      0.196352	
48.000	       0.20047	      0.196352	
48.500	      0.212093	      0.193857	
49.000	      0.200623	       0.19408	
49.500	      0.200623	       0.19408	
50.000	       1.09606	       0.19481	
50.500	     0.0242679	      0.195643	
51.000	       1.89627	       0.19647	
51.500	       1.89627	       0.19647	
52.000	      0.832935	      0.197259	
52.500	       1.20072	      0.197999	
53.000	       1.20072	      0.197999	
53.500	        1.2395	      0.198688	
54.000	       0.39896	      0.199327	
54.500	      0.585905	       0.19992	
55.000	      0.585905	       0.19992	
55.500	      0.459943	       0.20047	
56.000	       2.55046	       0.20098	
56.500	       2.55046	       0.20098	
57.000	        3.8168	      0.201453	
57.500	       2.55447	      0.201893	
58.000	       2.55447	      0.201893	
58.500	       5.24175	      0.202302	
59.000	       0.23921	      0.202682	
59.500	      0.434582	      0.203037	
60.000	      0.434582	      0.203037	
60.500	       3.17514	      0.203367	
61.000	       1.48061	      0.203674	
61.500	       1.48061	      0.203674	
62.000	       1.51071	       0.20396	
62.500	       1.47919	      0.204225	
63.000	       3.22953	      0.204469	
63.500	       3.22953	      0.204469	
64.000	       1.39119	      0.204692	
64.500	      0.730717	       0.20489	
65.000	      0.730717	       0.20489	
65.500	        1.2142	      0.205059	
66.000	       1.69428	      0.205183	
66.500	       2.00421	      0.205227	
67.000	       2.00421	      0.205227	
67.500	       1.02882	      0.205081	
68.000	       2.59165	      0.204271	
68.500	       2.59165	      0.204271	
69.000	      0.196907	       0.19721	
69.500	        1.9609	       0.29785	
70.000	       2.71789	      0.197538	
70.500	       2.71789	      0.197538	
71.000	       2.94901	      0.204939	
71.500	       1.87021	      0.206119	
72.000	       1.87021	      0.206119	
72.500	        1.9831	      0.206726	
73.000	      0.806983	      0.207484	
73.500	      0.534358	      0.211538	
74.000	      0.534358	      0.211538	
74.500	       4.85103	      0.156581	
75.000	       3.38327	      0.211037	
75.500	       3.38327	      0.211037	
76.000	      0.234425	      0.202905	
76.500	       1.03893	      0.262074	
77.000	       3.71379	       0.20236	
77.500	       3.71379	       0.20236	
78.000	       2.65203	      0.206629	
78.500	       1.39494	      0.207205	
79.000	       1.39494	      0.207205	
79.500	       0.43193	       0.20736	
80.000	        1.8527	      0.207302	
80.500	        1.8527	      0.207302	
81.000	      0.585495	      0.206811	
81.500	       5.53495	      0.202607	
82.000	       3.72018	       0.26174	
82.500	       3.72018	       0.26174	
83.000	       36.6872	      0.202514	
83.500	       357.656	      0.206323	
84.000	       357.656	      0.206323	
84.500	       34.7748	      0.203185	
85.000	       6.55598	       0.25602	
85.500	       2.73769	      0.203591	
86.000	       2.73769	      0.203591	
86.500	       1.05761	      0.207479	
87.000	      0.856727	      0.208077	
87.500	      0.856727	      0.208077	
88.000	      0.511042	      0.208321	
88.500	      0.316308	      0.208462	
89.000	      0.191236	      0.208562	
89.500	      0.191236	      0.208562	
90.000	      0.105567	       0.20864	
90.500	     0.0436297	      0.208705	
91.000	     0.0436297	      0.208705	
91.500	    0.00486555	      0.208763	
92.000	     0.0657349	      0.208815	
92.500	      0.280174	      0.208863	
93.000	      0.280174	      0.208863	
93.500	      0.113245	      0.208907	
94.000	      0.103397	      0.208949	
94.500	      0.103397	      0.208949	
95.000	      0.113623	      0.208989	
95.500	      0.123907	      0.209026	
96.000	      0.133007	      0.209062	
96.500	      0.133007	      0.209062	
97.000	      0.140898	      0.209096	
97.500	      0.147736	      0.209129	
98.000	      0.147736	      0.209129	
98.500	      0.153691	       0.20916	
99.000	      0.158918	       0.20919	
99.500	      0.163555	      0.209219	
100.000	      0.163555	      0.209219	
100.500	      0.167729	      0.209247	
101.000	      0.171573	      0.209274	
101.500	      0.171573	      0.209274	
102.000	      0.175256	      0.209299	
102.500	      0.179081	      0.209324	
103.000	      0.179081	      0.209324	
103.500	      0.183823	      0.209348	
104.000	      0.192675	      0.209372	
104.500	       0.24406	      0.209394	
105.000	       0.24406	      0.209394	
105.500	      0.477179	      0.209416	
106.000	      0.472566	      0.209436	
106.500	      0.472566	      0.209436	
107.000	      0.192523	      0.209457	
107.500	      0.349472	      0.209476	
108.000	      0.878036	      0.209495	
108.500	      0.878036	      0.209495	
109.000	      0.293103	      0.209513	
109.500	      0.205217	       0.20953	
110.000	      0.205217	       0.20953	
110.500	      0.269401	      0.209547	
111.000	      0.110984	      0.209564	
111.500	      0.404953	      0.209579	
112.000	      0.404953	      0.209579	
112.500	     0.0993171	      0.209595	
113.000	      0.424962	      0.209609	
113.500	      0.424962	      0.209609	
114.000	      0.120503	      0.209624	
114.500	       0.28627	      0.209637	
115.000	      0.189359	       0.20965	
115.500	      0.189359	       0.20965	
116.000	      0.197038	      0.209663	
116.500	      0.198624	      0.209675	
117.000	      0.198624	      0.209675	
117.500	      0.199486	      0.209687	
118.000	      0.200112	      0.209699	
118.500	      0.200626	       0.20971	
119.000	      0.200626	       0.20971	
119.500	      0.201075	       0.20972	
120.000	      0.201479	       0.20973	
120.500	      0.201479	       0.20973	
121.000	       0.20185	       0.20974	
121.500	      0.202194	      0.209749	
122.000	      0.202515	      0.209758	
122.500	      0.202515	      0.209758	
123.000	      0.202817	      0.209767	
123.500	      0.203102	      0.209775	
124.000	      0.203102	      0.209775	
124.500	       0.20337	      0.209783	
125.000	      0.203625	      0.209791	
125.500	      0.203625	      0.209791	
126.000	      0.203866	      0.209798	
126.500	      0.204096	      0.209805	
127.000	      0.204314	      0.209811	
127.500	      0.204314	      0.209811	
128.000	      0.204522	      0.209817	
128.500	       0.20472	      0.209823	
129.000	       0.20472	      0.209823	
129.500	      0.204908	      0.209829	
130.000	      0.205089	      0.209834	
130.500	      0.205261	      0.209839	
131.000	      0.205261	      0.209839	
131.500	      0.205425	      0.209844	
132.000	      0.205583	      0.209848	
132.500	      0.205583	      0.209848	
133.000	      0.205734	      0.209852	
133.500	      0.205878	      0.209856	
134.000	      0.206017	      0.209859	
134.500	      0.206017	      0.209859	
135.000	       0.20615	      0.209862	
135.500	      0.206277	      0.209865	
136.000	      0.206277	      0.209865	
136.500	      0.206399	      0.209868	
137.000	      0.206517	       0.20987	
137.500	       0.20663	      0.209872	
138.000	       0.20663	      0.209872	
138.500	      0.206739	      0.209874	
139.000	      0.206843	      0.209876	
139.500	      0.206843	      0.209876	
140.000	      0.206944	      0.209877	
140.500	      0.207041	      0.209878	
141.000	      0.207134	      0.209879	
141.500	      0.207134	      0.209879	
142.000	      0.207224	      0.209879	
142.500	      0.207311	      0.209879	
143.000	      0.207311	      0.209879	
143.500	      0.207394	      0.209879	
144.000	      0.207475	      0.209879	
144.500	      0.207553	      0.209879	
145.000	      0.207553	      0.209879	
145.500	      0.207628	      0.209878	
146.000	      0.207701	      0.209877	
146.500	      0.207701	      0.209877	
147.000	      0.207771	      0.209875	
147.500	      0.207839	      0.209874	
148.000	      0.207839	      0.209874	
148.500	      0.207905	      0.209872	
149.000	      0.207968	       0.20987	
149.500	      0.208029	      0.209867	
150.000	      0.208029	      0.209867	
150.500	      0.208089	      0.209865	
151.000	      0.208146	      0.209862	
151.500	      0.208146	      0.209862	
152.000	      0.208202	      0.209859	
152.500	      0.208256	      0.209855	
153.000	      0.208308	      0.209851	
153.500	      0.208308	      0.209851	
154.000	      0.208359	      0.209847	
154.500	      0.208408	      0.209843	
155.000	      0.208408	      0.209843	
155.500	      0.208455	      0.209839	
156.000	      0.208501	      0.209834	
156.500	      0.208546	      0.209829	
157.000	      0.208546	      0.209829	
157.500	      0.208589	      0.209823	
158.000	      0.208632	      0.209818	
158.500	      0.208632	      0.209818	
159.000	      0.208672	      0.209812	
159.500	      0.208712	      0.209806	
160.000	       0.20875	      0.209799	
160.500	       0.20875	      0.209799	
161.000	      0.208788	      0.209792	
161.500	      0.208824	      0.209785	
162.000	      0.208824	      0.209785	
162.500	      0.208859	      0.209778	
163.000	      0.208893	       0.20977	
163.500	      0.208927	      0.209762	
164.000	      0.208927	      0.209762	
164.500	      0.208959	      0.209754	
165.000	       0.20899	      0.209745	
165.500	       0.20899	      0.209745	
166.000	      0.209021	      0.209736	
166.500	       0.20905	      0.209727	
167.000	      0.209079	      0.209717	
167.500	      0.209079	      0.209717	
168.000	      0.209107	      0.209707	
168.500	      0.209134	      0.209697	
169.000	      0.209134	      0.209697	
169.500	      0.209161	      0.209687	
170.000	      0.209187	      0.209676	
170.500	      0.209187	      0.209676	
171.000	      0.209212	      0.209664	
171.500	      0.209236	      0.209652	
172.000	       0.20926	       0.20964	
172.500	       0.20926	       0.20964	
173.000	      0.209282	      0.209628	
173.500	      0.209305	      0.209615	
174.000	      0.209305	      0.209615	
174.500	      0.209327	      0.209602	
175.000	      0.209348	      0.209588	
175.500	      0.209368	      0.209574	
176.000	      0.209368	      0.209574	
176.500	      0.209388	      0.209559	
177.000	      0.209408	      0.209544	
177.500	      0.209408	      0.209544	
178.000	      0.209426	      0.209529	
178.500	      0.209445	      0.209513	
179.000	      0.209463	      0.209497	
179.500	      0.209463	      0.209497	
180.000	       0.20948	       0.20948	
