[10  3 28]
[10  5 62]
[10 11 30]
[10 15 73]
[10 14 63]
[10  4  9]
[10  1 30]
[10 17 54]
[10 17 67]
[10  3 47]
[10  9 62]
[10  7 66]
[10 29 78]
[10 10 84]
[10 18 63]
[10 15 78]
[10 10 75]
[10 18 89]
[10 10 49]
[10  1 26]
[10 10 68]
[10 19 89]
[10 11 88]
[10 20 64]
[10 16 75]
[10  1 87]
[10 22 88]
[10  5 38]
[10  5 19]
[10 19 59]
[10 29 88]
[10 11 70]
[10 14 47]
[10 24 88]
[10 15 72]
[10 29 84]
[10  4  6]
[10 21 70]
[10 12 60]
[10  5 52]
[10  6 68]
[10  8 11]
[10  3 78]
[10  5 76]
[10  7 32]
[10  8 20]
[10 12 73]
[10  7 16]
[10 20 69]
[10 11 25]
[10 11 29]
[10 11 74]
[10 11 43]
[10 15 50]
[10  8 83]
[10  9 21]
[10 16 54]
[10  4 86]
[10 27 83]
[10 15 89]
[10  5 57]
[10 14 49]
[10  5 85]
[10  4 77]
[10 26 87]
[10  9 72]
[10  5  1]
[10 30 72]
[10  3 45]
[10 22 66]
[10 12 65]
[10  5  9]
[10 13 87]
[10 10 82]
[10 10 24]
[10  2 15]
[10  5 55]
[10 17 68]
[10 27 90]
[10  8 63]
[10 28 72]
[10 30 75]
[10  2 65]
[10 14 74]
[10 19 77]
[10  9 58]
[10  2 12]
[10 24 80]
[10  9 83]
[10 23 85]
[10  8 12]
[10 22 79]
[10 11 61]
[10  3 50]
[10 25 70]
[10 10 74]
[10  3 16]
[10 10 27]
[10  4 66]
[10 19 60]
1[29.9]
[10 19 90]
[10  4 48]
[10 18 70]
[10 12 78]
[10 17 71]
[10 10 56]
[10  7  9]
[10 10 77]
[10  9 40]
[10  5  6]
[10  8 13]
[10 26 77]
[10  1 79]
[10 30 87]
[10 21 85]
[10  6 36]
[10  6 11]
[10 13 68]
[10  2 86]
[10  1 86]
[10  7 89]
[10  8 12]
[10  1 42]
[10  6 52]
[10 23 86]
[10  1 62]
[10  5 20]
[10  7 87]
[10 10 67]
[10 29 90]
[10 25 71]
[10 20 70]
[10 11 83]
[10 11 73]
[10 19 76]
[10 17 55]
[10 10 20]
[10 15 53]
[10 11 77]
[10  9 30]
[10 26 82]
[10  6 89]
[10  3 25]
[10  8 58]
[10 11 62]
[10  1 28]
[10 17 63]
[10  2 46]
[10  9 74]
[10 28 88]
[10  3 74]
[10  6  5]
[10 30 74]
[10  2 64]
[10 15 77]
[10  5  9]
[10 20 61]
[10 25 68]
[10  8 18]
[10  1 44]
[10 15 67]
[10 21 77]
[10  6 17]
[10  8 19]
[10 17 89]
[10  9 49]
[10 10 38]
[10  2 80]
[10 20 83]
[10  7 73]
[10 18 59]
[10  2 76]
[10  2 20]
[10  7  7]
[10  3 75]
[10  4 27]
[10 12 48]
[10  7 46]
[10  7 51]
[10 14 73]
[10  6 34]
[10 12 36]
[10  6 18]
[10 15 89]
[10  4 21]
[10  5 35]
[10  8 32]
[10 20 83]
[10 15 80]
[10 13 45]
[10 14 71]
[10 18 82]
[10 23 69]
[10 27 87]
[10 16 68]
[10 22 88]
[10 17 59]
[10  9 73]
[10  4  6]
[10 14 56]
1[30.59]
[10 18 70]
[10 17 71]
[10 16 68]
[10 26 56]
[10 12 36]
[10  9 49]
[10 28 77]
[10 12 88]
[10  9 77]
[ 8 29 90]
[10 15 77]
[10 23 69]
[10 14 73]
[10 15 89]
[10 19 83]
[ 4 13 68]
[10 30 67]
[10 20 70]
[10 15 80]
[10 27 87]
[10 28 22]
[10 10 77]
[10 18 19]
[10 13 68]
[10 16 71]
[10 14 71]
[10 27 51]
[10 10 90]
[10  8 90]
[10  1 88]
[10 22 45]
[10 18 73]
[10  6 17]
[10 17 59]
[10 14 71]
[10 16 68]
[10 13 45]
[10 11 62]
[10 15 83]
[10  7 73]
[10 15 80]
[ 5 11  4]
[10 18 70]
[10 17 59]
[10 10 56]
[ 8 14 68]
[10 11 71]
[10 20 70]
[10 14 71]
[10 15 77]
[10 18 82]
[10 13 45]
[10 27 87]
[ 1 21 71]
[10 28 36]
[10 28 88]
[10 10 56]
[10 10 38]
[10 26 55]
[10 25 80]
[10 27 48]
[10 27 87]
[10 10 45]
[10  7 82]
[10 16 80]
[10 15 77]
[10 12 78]
[10 28 88]
[10 28 88]
[10 16 10]
[10 26 82]
[10 17 71]
[10 19 90]
[10 10 38]
[10 13 68]
[10 18 82]
[10 16 69]
[10 20 77]
[10 22 83]
[10  9 71]
[10 17 63]
[10 27 68]
[10 14 90]
[10 19 24]
[10 13 68]
[10 25 77]
[ 5 17 59]
[10 15 87]
[10 10 83]
[10 12 78]
[10 10 87]
[10 18 70]
[10 21 85]
[ 3 15 53]
[10 27 89]
[10 18 59]
[10 18 82]
[ 4 13 45]
[ 3 16 45]
[10  8 77]
2[30.59, 30.87]
[10 18 73]
[10 18 70]
[10 18 70]
[10 18 73]
[ 2 21 45]
[10 18 48]
[10 10 38]
[10 28 70]
[10 10 25]
[10 18 78]
[10 10 82]
[10 17 63]
[10 13 45]
[10 16 68]
[10 18 70]
[10 18 82]
[10 13 68]
[10 15 77]
[10 15 45]
[ 8 28 63]
[10 18 82]
[10 11 62]
[10 14 71]
[10 15 80]
[10 15 80]
[10 19 77]
[10 14 71]
[ 4 20 68]
[10 17 48]
[10 15 80]
[10 16 77]
[10 17 71]
[ 3 13 68]
[10 15 70]
[10 12 78]
[10 18 77]
[10 15 80]
[10 20 70]
[10 16 77]
[10 14 71]
[10 22 63]
[10 14 71]
[10 17 78]
[10 18 82]
[10 15 89]
[10 10 71]
[10  1 80]
[10  2 90]
[10 20 70]
[ 2 17 71]
[10 14 71]
[10 28 83]
[ 5  9 71]
[ 8 10 68]
[10 13 77]
[10 15 68]
[10 14 70]
[10 10 90]
[10 18 82]
[10 15 87]
[10 13 68]
[10 15 77]
[ 8 16 50]
[10 16 69]
[ 2 18 73]
[10 22 83]
[10 28 71]
[10  6 69]
[10 16 68]
[10 27 78]
[10 16 88]
[10 15 80]
[10 17 59]
[ 5 17 71]
[10 13 45]
[10 15 71]
[10 10 77]
[10 18 82]
[ 9 14 68]
[10 15 80]
[10 14 71]
[10 17 63]
[10 17 71]
[10 18 70]
[10 22 83]
[10 17 71]
[10 23 69]
[10  4 88]
[10 15 77]
[10 16 83]
[10  5 71]
[10 15 80]
[10 19 90]
[10 18 70]
[10 14 82]
[10 10 70]
[10 10 45]
[10 17 63]
[ 7 16 77]
[10 18 70]
3[30.59, 30.87, 30.87]
[10  1 66]
[10  1 73]
[10 28 86]
[10  1 41]
[10 17 78]
[10 30 90]
[10 19 64]
[10 13 76]
[10  8 71]
[10  2 16]
[10 21 84]
[10  5  3]
[10 10 57]
[10  8 48]
[10  6  3]
[10 24 86]
[10 15 74]
[10  6 18]
[10 19 89]
[10  2 22]
[10 12 86]
[10  7 53]
[10  9 90]
[10 25 74]
[10  9 87]
[10  9 77]
[10 10 66]
[10 26 78]
[10  4 78]
[10  3 52]
[10  1  2]
[10  6 51]
[10  3 43]
[10  4  5]
[10 24 66]
[10 24 80]
[10 19 75]
[10  2 42]
[10 12 85]
[10  4 62]
[10  6  2]
[10 30 80]
[10  5 76]
[10  1 27]
[10  6 56]
[10 19 72]
[10  8 71]
[10 13 44]
[10  3  2]
[10 14 86]
[10  3 26]
[10 13 88]
[10  7 40]
[10 13 64]
[10 16 78]
[10 21 81]
[10  9 63]
[10  9 77]
[10  2 75]
[10 27 71]
[10  3 44]
[10  4  1]
[10  6 23]
[10  1  5]
[10 21 86]
[10 10 75]
[10  9 29]
[10  6 60]
[10 29 81]
[10  7 44]
[10  2 22]
[10 13 40]
[10  5 54]
[10 20 72]
[10 19 85]
[10  1 76]
[10  9 18]
[10  3 80]
[10 19 70]
[10  3 43]
[10  8 64]
[10  1 80]
[10  5 42]
[10 25 79]
[10 20 68]
[10 26 74]
[10 10 73]
[10  8 31]
[10 14 57]
[10  2 79]
[10 10 66]
[10 23 66]
[10 11 64]
[10  2  9]
[10 22 80]
[10  9 61]
[10 11 28]
[10  6 43]
[10  2 55]
[10 26 69]
1[29.34]
[10 15 74]
[10 13 64]
[10 20 72]
[ 8  9 29]
[10 26 74]
[10 19 70]
[10  9 29]
[10 20 72]
[10 11 44]
[10 10 66]
[10 24 80]
[10 17 71]
[10 14 86]
[10 27 81]
[10 19 89]
[10  4 76]
[10 10 29]
[10 10 75]
[10 21 86]
[10 26 71]
[10 14 57]
[10  9 63]
[10  3 64]
[10 16 78]
[10  9 61]
[10 21 84]
[ 4 30 80]
[10 17 78]
[10 10 57]
[10 30 80]
[10 20 24]
[ 9  2 80]
[10 25 42]
[10 19 89]
[10 11 64]
[10 20 72]
[10 17 78]
[10 30 90]
[10 13 86]
[10  8 42]
[10 13 76]
[10  9 61]
[10 25 40]
[10 28 86]
[10 26 81]
[10  9 78]
[10 19 85]
[10  2  8]
[10 13 44]
[10  9 29]
[10 30 90]
[10 13 76]
[10 12 63]
[10 26 74]
[10 17 80]
[10 10 90]
[10 10 66]
[10 25 79]
[10 25 74]
[10 13 64]
[10 20 72]
[10 13 76]
[10 19 64]
[10 15 74]
[10 23 66]
[10 11 64]
[10 10 66]
[10 20 64]
[10 10 78]
[ 6 19 85]
[10  9 87]
[10 21 81]
[10 19 10]
[10 13 76]
[ 6  7 40]
[10  9 84]
[10 19 51]
[10 13  9]
[10  8 48]
[ 1 20 72]
[10  9 29]
[10 19 74]
[10 13 87]
[10 21 81]
[10 20 72]
[10 19 89]
[ 8 21 86]
[10 11 81]
[10 20 72]
[10  3 72]
[10  6 85]
[10 13 64]
[ 2 10 75]
[10 14 86]
[10  9 87]
[10 20 68]
[10 26 82]
[10  9 87]
[ 5 25 74]
[10 13 64]
2[29.34, 30.5]
[10 17 71]
[10 15 74]
[10 15 74]
[10 13 70]
[10 20 61]
[ 8  7 64]
[10 11 86]
[10 20 86]
[10  9 63]
[10 19 34]
[10 13 64]
[10 20 72]
[10 10 29]
[10 30 80]
[10 19 78]
[10 19 89]
[10 13 64]
[10 13 86]
[10 20 74]
[10  7 81]
[ 8 20 68]
[10 15 63]
[10 10 57]
[10 13 87]
[10 15 74]
[10 26 82]
[ 1 26 81]
[ 6 17 64]
[10  9 61]
[10 10 72]
[10 14 57]
[10 11 44]
[ 8  4 86]
[10 12 63]
[10 20 66]
[10 12 63]
[10 10 57]
[10 13 64]
[10  9 61]
[10  7 74]
[10 19 74]
[10  9 63]
[10  9 63]
[10 20 80]
[10 12 63]
[10 20 63]
[10 17 80]
[10 24 62]
[ 5 12 72]
[10 13 57]
[10 20 14]
[ 3  8 42]
[10  7 29]
[10 10 42]
[10 26 74]
[10 21 86]
[10  5 71]
[10 10 78]
[10 10 78]
[10 12 86]
[10 13 44]
[ 8 19 70]
[10 17 80]
[10 29 76]
[10 20 75]
[10 13 87]
[10 17 78]
[ 8 28 74]
[10 12 63]
[ 1 20 29]
[10  9 80]
[10 17 80]
[10  9 63]
[10 26 64]
[10 26 60]
[10 17 78]
[10 26 20]
[10 20 72]
[10 17 88]
[10 13 74]
[10 14 74]
[10  9 64]
[10 16 75]
[10 13 63]
[ 4 19 85]
[10 17 78]
[ 6  7 40]
[10 12 86]
[ 3 15 74]
[10 10 78]
[10 28 57]
[10 20 72]
[ 6 11 65]
[10 20 64]
[10 20 72]
[10  9 63]
[ 8 21 86]
[10 14 86]
[10 21 47]
[10 14 72]
3[29.34, 30.5, 30.5]
[10 17 71]
[10 15 63]
[10 16 75]
[10 20 70]
[10 15 74]
[10 13 64]
[10 16 75]
[10 13 87]
[10 13 64]
[10 19 74]
[10 13 63]
[ 1 26 87]
[10 17 71]
[10 20 72]
[ 6 12 63]
[ 8 20 68]
[10 22 76]
[ 8  9 38]
[10 13 72]
[10 12 63]
[10 13 87]
[10 13 78]
[10 13 57]
[10 20 72]
[10 17 80]
[10 20 72]
[10 11 44]
[10 20 64]
[10  9 63]
[ 5 19 89]
[10 13 61]
[10 17 78]
[10 29 76]
[10 17 78]
[10 17 78]
[10 20 72]
[10 11 44]
[10 16 89]
[10 10 78]
[ 8 22 66]
[10 20 80]
[10 14 42]
[10 20 72]
[10 17 78]
[10 11 29]
[10 23 78]
[10 15 74]
[ 3 15 74]
[10 12 59]
[10 19 63]
[10 20 14]
[10 17 38]
[10 14 72]
[10 11 44]
[ 3 13 64]
[10  7 74]
[10 20 72]
[10 29 76]
[10 17 75]
[10 12 63]
[10 10 57]
[ 5 29 78]
[10 10 86]
[10 13 74]
[10 13 63]
[10 13 70]
[10 13 44]
[10 17 63]
[10 20 72]
[10 20 80]
[ 8 11 63]
[10 10 57]
[10 10 72]
[10 10 80]
[10 20 63]
[ 1 20 63]
[10 15 78]
[10 17 80]
[10 17  5]
[10 12 63]
[10 20 75]
[10 20 72]
[10  9 57]
[10 14 72]
[10 13 70]
[10 20 63]
[10 17 71]
[10 19 89]
[ 7 20 72]
[10 10 89]
[ 1 15 78]
[ 2  9 64]
[10 11 86]
[10 14 86]
[10 12 63]
[10 10 57]
[10 12 63]
[10 13 64]
[10 12 63]
[10 20 75]
4[29.34, 30.5, 30.5, 31.02]
[10 17 75]
[10 17 71]
[10 17 71]
[ 1 23 78]
[10 17 78]
[10 16 75]
[10  9 72]
[10 25 72]
[10 17  2]
[10 13 64]
[10  9 57]
[10 11 70]
[10 17 78]
[ 8  9 38]
[10 20 72]
[ 8  9 78]
[10 13 42]
[10 20 72]
[ 9 20 78]
[ 6 28 63]
[10 20 75]
[10 20 72]
[10 17 78]
[10 11 78]
[10 20 72]
[10 13 70]
[10 20 72]
[10 20 80]
[ 8 12 63]
[10 17 80]
[10 10 57]
[10 17 70]
[10 20 72]
[10 10 80]
[10 20 70]
[10 10 57]
[10 20 72]
[10 19 63]
[10 12 63]
[10  6 78]
[10 20 75]
[10 13 78]
[10 11 44]
[10 17 44]
[10 14 53]
[10 20 75]
[ 4 12 68]
[10 17 71]
[10 17 72]
[10 17 72]
[10 13 86]
[10 29 70]
[ 8 11 63]
[10 10 78]
[10 19 89]
[10 13 61]
[10 20 72]
[10 20 63]
[10 17 80]
[10 13 74]
[10 12 78]
[10 20 59]
[10 20 72]
[10 10 57]
[10 15 78]
[10  9 38]
[10  4 72]
[10 20 72]
[10 15 78]
[10 19 63]
[10 15 78]
[10 13 63]
[10 12 63]
[10 12 63]
[10 13 63]
[ 7 13 70]
[10 15 78]
[10 13 78]
[ 6 13 78]
[ 8 20 68]
[10 20 63]
[10 29 63]
[ 3 16 63]
[10  2 75]
[10 20 80]
[10 17 80]
[ 5 14 72]
[10 20 72]
[10 12 63]
[10 20 72]
[10 11 44]
[10  9 16]
[10 14 63]
[10 29 78]
[10 12 63]
[10 19 44]
[ 7 11 86]
[10 21 64]
[10 17 71]
[10 20 70]
5[29.34, 30.5, 30.5, 31.02, 31.02]
[10 17 75]
[10 17 72]
[10 17 72]
[10 27 71]
[ 6 13 70]
[10 20 63]
[10 14 63]
[10 20 66]
[10 12 78]
[ 8 17 71]
[10 17 71]
[10 13 34]
[ 7 15 78]
[10 16 72]
[ 4 13 78]
[10 20  9]
[10 20 78]
[ 6 13 78]
[10 20 75]
[10 15 78]
[10 20 72]
[10 20 72]
[10 13 78]
[ 7 14 63]
[10 10 88]
[10 20 28]
[10 13 72]
[10 20 84]
[10 13 78]
[10 17 78]
[10 13 78]
[ 7 13 63]
[10 17 80]
[10 15 78]
[10 29 72]
[10  9 63]
[10 13 70]
[10 12 75]
[10 15 76]
[10 20 61]
[ 3 12 63]
[10 10 57]
[10 20 72]
[10 20 72]
[10 17 78]
[10 20 72]
[10 20 75]
[ 6 13 70]
[10 13 71]
[10 20 72]
[10  5 75]
[10 17 72]
[10 20 75]
[10 10 75]
[ 5  9 78]
[10 13 78]
[10 12 63]
[10 17 75]
[ 8 17 18]
[10 14 63]
[10 17 70]
[10 17 71]
[ 6 13 56]
[10 20 26]
[ 7 13 63]
[ 7 20 72]
[10 20 72]
[10 12 63]
[ 4 17 70]
[10 20 72]
[10 22 72]
[10 20 72]
[10 13 75]
[10 20 72]
[10 20 89]
[10 17 70]
[10 17 80]
[ 6 13 63]
[10 20 72]
[10 20 72]
[10 17 70]
[10 20 72]
[10 20 72]
[10 14 63]
[10 17 75]
[10 15 78]
[10 13 63]
[10 17 71]
[10 19 41]
[10 17 80]
[10 15 78]
[10 20 71]
[10 26 74]
[10 17 71]
[10 19 63]
[10 17 71]
[10 13 78]
[10 17 60]
[10 17 83]
[ 2 20 80]
6[29.34, 30.5, 30.5, 31.02, 31.02, 31.02]
[10 17 75]
[10 17 75]
[10 17 75]
[10 17 72]
[ 7 14 72]
[10  9 75]
[10 20 75]
[10 20 72]
[10 20 75]
[10 17 84]
[10 17 75]
[ 7 20 72]
[ 6 13 70]
[10 17 71]
[10 20 72]
[10 20 61]
[ 5 17 63]
[10 17 80]
[10 12 72]
[10 17 72]
[10 20 72]
[10 17 72]
[10 20 78]
[ 2 12 87]
[10 17 68]
[10 17 75]
[10 12 78]
[10 15 78]
[10 17 75]
[10 12 63]
[10 21 78]
[10 20 84]
[10 20 72]
[10  1 78]
[ 5  9 78]
[10 11 75]
[ 5 17 75]
[10 14 72]
[10 14 63]
[ 2 17 72]
[10 20 36]
[10 20 72]
[10 15 78]
[10 21 79]
[10 20 46]
[10 12 78]
[10 20 72]
[10 20 75]
[10 15 78]
[10 17 72]
[ 6 13 78]
[10 14 63]
[10 19 63]
[ 6 13 44]
[10 10 57]
[10 19 75]
[10  9 75]
[10 13 75]
[10 20 61]
[ 6 17 71]
[ 2 12 63]
[10 13 78]
[10  8 63]
[10 20 78]
[10 20 72]
[10 17 75]
[10 17 72]
[10 17 71]
[10 20 84]
[ 8 17 78]
[ 8 17 71]
[10 13 78]
[10 13 78]
[10 17 70]
[10 17 70]
[10 13 63]
[10 12 71]
[10 13 78]
[10 17 70]
[10 17 72]
[10 13 78]
[10 17 83]
[ 3 20 72]
[10 13 78]
[10 12 63]
[10 13 78]
[10 20 63]
[10 20 72]
[10 15 78]
[10 17 60]
[10 17 71]
[10 20 75]
[10 17 49]
[10 17 72]
[10 14 63]
[10 17 75]
[ 1 17 78]
[10 13 78]
[10 17 75]
[ 7 13 63]
7[29.34, 30.5, 30.5, 31.02, 31.02, 31.02, 31.02]
[10 17 75]
[10 17 75]
[10 17 75]
[10 15 78]
[10 17 71]
[10 17 75]
[10 15 78]
[10 17 75]
[ 5 17 75]
[ 3 20 75]
[10 15 75]
[10 19 63]
[10 13 78]
[10 17 71]
[10 20 75]
[10 12 72]
[10 20 72]
[ 6 16 78]
[10 13 78]
[10 20 72]
[10 17 78]
[10 17 71]
[ 6 17 71]
[10 11 78]
[10 17 61]
[10 17 75]
[10 20 72]
[10 12 78]
[10 13 63]
[ 1 20 63]
[ 5 17 63]
[ 4 19 71]
[10 20 61]
[10 17 75]
[10 14 63]
[10 23 63]
[10 17 75]
[ 7 20 75]
[10 17 75]
[10 20 72]
[10  1 63]
[10 13 78]
[ 9 14 63]
[10 17 83]
[10 12 75]
[ 7 20 72]
[ 4 17 11]
[10 14 63]
[10 15 78]
[10 15 71]
[ 7 13 63]
[10 13 40]
[10 14 75]
[10 13 78]
[ 6 13 70]
[10 17 75]
[10 17 75]
[ 6 13 78]
[10 20 72]
[ 4 20 72]
[10 20 72]
[10 12 63]
[ 6 20 78]
[10 12 63]
[10  9 75]
[10 13 75]
[10 20 10]
[10 11 75]
[10 11 75]
[10 17 72]
[10 20 53]
[10 17 75]
[10 17 75]
[ 5 13 63]
[10 13 83]
[ 6 20 25]
[10 17 72]
[10 20 80]
[10 17 75]
[ 9 17 75]
[ 7 20 75]
[10 17 72]
[10 19 63]
[ 3 17 75]
[10 19 78]
[10 17 79]
[10 17 72]
[10 17 78]
[10 17 70]
[10  4 72]
[10 14 75]
[10 20 72]
[10  9 75]
[10 15 83]
[ 6 13 70]
[10 17 75]
[10 17 72]
[ 5 20 72]
[10 12 63]
[10 20 72]
8[29.34, 30.5, 30.5, 31.02, 31.02, 31.02, 31.02, 31.02]
[10 17 75]
[10 17 75]
[10 17 75]
[ 7 18 79]
[10 19 83]
[10 17 75]
[10 20 63]
[10 20 72]
[10 17 71]
[10 17 72]
[ 7 20 75]
[10 13 63]
[10 17 71]
[10 17 72]
[10 20  3]
[ 1 12 63]
[10 17 75]
[10 19 63]
[ 6 20 70]
[10 20 72]
[10 17 78]
[10 17 75]
[10 17 83]
[10 17 75]
[10 17 75]
[10 17 75]
[10 17 75]
[10 20 61]
[ 7 20 75]
[10 19 63]
[10 17 75]
[10 13 75]
[ 6 13 70]
[10 17 75]
[ 9 13 75]
[10 17 79]
[10 20 72]
[ 7 17 78]
[10 17 72]
[ 4 17 75]
[10 17 75]
[10 15 72]
[10 17 75]
[10 20 72]
[10 17 71]
[10 29 75]
[10 17 78]
[10 17 72]
[10 17 71]
[ 1 16 78]
[ 6 17 72]
[10 20 72]
[10 17 72]
[10 17 72]
[10 12 61]
[ 7 26 71]
[ 2 19 72]
[10 13 83]
[ 9 17 75]
[10 17 79]
[10 17 72]
[10 19 63]
[10 17 72]
[10 12 63]
[10 24 72]
[10 14 63]
[ 7 13 63]
[10 17 12]
[10 20 72]
[10 13 78]
[ 5 14 78]
[10 17 34]
[ 2 17 75]
[10 19 83]
[10 20 78]
[10 13 83]
[ 7 11 23]
[10 17 75]
[10 17 75]
[10 19 63]
[10 17 72]
[10 14 79]
[10 17 63]
[10 14 63]
[10 12 72]
[10 13 83]
[10 13 78]
[ 7 20 72]
[10 20 72]
[ 4 12 72]
[10 17 72]
[10 14 78]
[10 14 75]
[10 17 75]
[10 17 75]
[10 19 63]
[10 17 83]
[10 19 63]
[10 14 75]
[ 9 17 75]
9[29.34, 30.5, 30.5, 31.02, 31.02, 31.02, 31.02, 31.02, 31.02]
[10 17 75]
[10 17 75]
[10 17 75]
[ 7  9 63]
[10 13 63]
[10 17 75]
[10 17 75]
[10 17 75]
[10 14 75]
[10 14 78]
[10 17 75]
[10 20 72]
[ 2 20 72]
[ 7 17 66]
[10 17 75]
[10 17 75]
[ 9 12 72]
[10 17 72]
[10 17 72]
[10 17 75]
[10 17 72]
[10 17 75]
[10 14 75]
[10 17 72]
[10 19 63]
[10 17 71]
[10 19 63]
[ 5 17 20]
[ 6 29 87]
[10 13 78]
[10 17 75]
[10 17 79]
[10 17 75]
[10 17 75]
[10 11 72]
[10 13 78]
[10 17 72]
[ 1 17 75]
[10 26 72]
[10 17 18]
[10 18 72]
[10 20 72]
[10 17 83]
[10 17 75]
[10 19 63]
[10 20 37]
[10 12 79]
[10 14 78]
[10 14 63]
[10 17 75]
[10 17 72]
[10 17 75]
[10  3 78]
[10 17 72]
[ 8 19 75]
[10 17 63]
[ 1 20 72]
[ 6 19 79]
[10 20 72]
[10 17 75]
[10 17 68]
[10 17 72]
[10 17 75]
[10 19 63]
[10 17 78]
[10 19 63]
[ 1 17 79]
[10 19 83]
[10 20 63]
[10 19 63]
[10 20 63]
[10 17 72]
[10 19 75]
[ 7 14 63]
[ 7 13 63]
[10 19 83]
[10 19 68]
[10 17 75]
[10 17 75]
[10 17 63]
[10 17 75]
[10 17 79]
[10 19 75]
[10 17 75]
[10 29 75]
[10 18 72]
[10 17 51]
[10 12 72]
[10 17 75]
[ 9 17 75]
[10 19 63]
[10 17 72]
[10 17 75]
[10 17 75]
[10 20 72]
[10 17 11]
[10 17 72]
[10 12 72]
[10 19 63]
[10 17 75]
10[29.34, 30.5, 30.5, 31.02, 31.02, 31.02, 31.02, 31.02, 31.02, 31.02]
[10 17 75]
[10 17 75]
[10 17 75]
[10 17 72]
[10 14 78]
[10 19 63]
[10 17  9]
[ 5 17 75]
[10 17 75]
[10 17 75]
[10 20 75]
[10 17 75]
[10 17 79]
[10 17 68]
[10 18 68]
[10 17 63]
[10 17 75]
[10 19 63]
[10 17 75]
[10 17 75]
[10 17 75]
[10 28 75]
[10 19 75]
[10 19 75]
[10 19 18]
[10 17 68]
[10 17 72]
[10  6 79]
[10  4 72]
[10 13 63]
[10 17 68]
[10 29 68]
[10 17 72]
[10 17 75]
[10 20 75]
[10 14 75]
[10 19 63]
[10 26 72]
[10 17 75]
[10 17 75]
[10 17 75]
[10 17 24]
[10 14 63]
[10 20 72]
[10 20 72]
[ 7 17 75]
[10 17 75]
[10 20 72]
[10 19 63]
[10 17 72]
[10 29 75]
[ 7 14 72]
[10 17 72]
[10 17 72]
[10 14 78]
[10 17 39]
[10 17 75]
[10 17 75]
[10 19 75]
[10 17 72]
[10 12 72]
[10 17 75]
[10 17 75]
[10 14 63]
[10 17 78]
[10 13 78]
[10 23 72]
[10 18 75]
[ 3 26 78]
[10 19 42]
[10 17 75]
[10 19 63]
[ 8 17 46]
[10 17 75]
[ 7  9 63]
[10 29 72]
[10 26 75]
[10 17 75]
[10 17 63]
[10 17 75]
[10 17 75]
[10 17 75]
[10 17 75]
[10 17 75]
[10 17 75]
[10 17 63]
[10 17 75]
[10 17 75]
[ 7  9 63]
[10 17 72]
[ 8  6 75]
[10 17 75]
[ 7  9 63]
[10 17 75]
[10 17 75]
[10 17  3]
[ 5 20 75]
[10 17 78]
[10 12 72]
[10 19 63]
11[29.34, 30.5, 30.5, 31.02, 31.02, 31.02, 31.02, 31.02, 31.02, 31.02, 31.02]
[10 17 75]
[10 17 75]
[10 17 75]
[10 19 63]
[10 17 75]
[10 17 75]
[10 17 43]
[10  9 46]
[ 6 17 75]
[10 20 75]
[10 20 75]
[10 17 63]
[10 17 75]
[10 17 75]
[10 19 75]
[10 17 75]
[10 17 75]
[10 20 63]
[10 17 75]
[10 17 68]
[10 27 75]
[10 19 63]
[10 13 63]
[ 8  5 75]
[10 17 75]
[10 17 75]
[10 17 68]
[10 17 75]
[10 17 75]
[10 17 75]
[10 17 75]
[ 4 17 40]
[10 17 75]
[ 1 17 75]
[ 7 17 75]
[10 17 63]
[10 19 63]
[10 17 75]
[10 17 75]
[10 17 75]
[ 7 17 63]
[10 19 79]
[10 19 75]
[10 19 71]
[ 7 17 63]
[10 15 25]
[10 14 75]
[10 10 78]
[10 19 75]
[10 13 63]
[10 14 63]
[10 19 75]
[10 17 75]
[10 17 75]
[10 17 75]
[ 7 17 75]
[10 17 72]
[10 17 72]
[10 19 63]
[10 19 75]
[10  6 79]
[10 23 63]
[10 17 75]
[10 13 63]
[10 19 80]
[10 17 75]
[10 17  3]
[10 17 75]
[10 20 72]
[10 17 75]
[ 8  6 75]
[ 6 17 72]
[10 17 75]
[ 1 20 72]
[10 17 63]
[10 17 63]
[ 7  9 63]
[10 24 72]
[ 4 17 63]
[10 17 63]
[10 17 68]
[ 8  6 75]
[ 7 20 75]
[10 17 75]
[10 17 63]
[10 13 75]
[10 17 72]
[10 17 75]
[ 8 13 63]
[10 17 63]
[10 17 72]
[10 17 75]
[10  9 78]
[10 17 81]
[10 13 75]
[10  6 63]
[10 17 65]
[10 14 63]
[10 17 78]
[10 13 19]
12[29.34, 30.5, 30.5, 31.02, 31.02, 31.02, 31.02, 31.02, 31.02, 31.02, 31.02, 31.02]
[10 17 75]
[10 17 75]
[10 17 75]
[10 17 75]
[10 17 63]
[10 20 75]
[10 19 30]
[10 13 63]
[10  7 75]
[10 20 72]
[10 28 75]
[10  6 75]
[10 17 72]
[ 9 17 75]
[10 17 75]
[ 7 17 72]
[10 17 51]
[10 17 75]
[10 22 72]
[10 17 75]
[10 17 78]
[10 17 75]
[10 18 68]
[10 17 63]
[10 19 63]
[10 13 63]
[10 17 75]
[10 17 75]
[10 17 72]
[10 17 74]
[10 19 79]
[10 20 75]
[10 17 68]
[ 7 17 75]
[10 14 75]
[10 29 75]
[ 7 17 63]
[10 20 72]
[ 7 20 71]
[10 17 68]
[10 17 75]
[10 19 63]
[ 2 17 75]
[10 17 46]
[10 17 75]
[10  6 13]
[ 2 17 75]
[10 17 75]
[10 17 72]
[10 17 75]
[10 17 75]
[10 17 75]
[10 19 75]
[10 17 75]
[10 17 75]
[10 17 63]
[10 17 75]
[10 20 75]
[10 17 75]
[10 19 75]
[10 17 65]
[10 17 68]
[10 20 75]
[10 13 63]
[10 19 63]
[ 1 20 38]
[10 17 75]
[10 17 63]
[10 17 68]
[10 17 63]
[10 17 75]
[10 17 63]
[10 17 75]
[10 17 81]
[10 17 75]
[10 17 72]
[10 17 75]
[10 17 75]
[10 17 75]
[10 17 75]
[ 6 17 65]
[ 6 19 79]
[10 17 75]
[10 17 75]
[10 17 68]
[10 17 75]
[10 17 68]
[10 17 75]
[10 20 75]
[10 17 68]
[10 17 63]
[10 17 72]
[10 14 75]
[10  6 63]
[ 7 17  3]
[10 17 75]
[10 20 75]
[10 17 75]
[10  5 75]
[10 17 68]
13[29.34, 30.5, 30.5, 31.02, 31.02, 31.02, 31.02, 31.02, 31.02, 31.02, 31.02, 31.02, 31.07]
[10 17 74]
[10 17 75]
[10 17 75]
[10 20 75]
[10 17 75]
[10 17 68]
[10 17 74]
[10 17 75]
[10 17 75]
[ 4 17 75]
[10 17 63]
[10 17 75]
[10 17 75]
[10 20 75]
[10 17 75]
[10 17 72]
[10 17 75]
[10 17 75]
[10 17 63]
[10 20 75]
[10 17 63]
[10 13 63]
[10 17 75]
[10 17 75]
[10 17 75]
[10 17 75]
[10 24 75]
[ 2 17 49]
[10 17 75]
[10 17 75]
[10 17 68]
[10 17 75]
[10  1 75]
[10 20 75]
[ 7 17 49]
[10 13 63]
[10 19 79]
[10  7 75]
[10 17 75]
[10 17 75]
[10 17 75]
[10 17 75]
[10 20 72]
[10 17 63]
[ 5 17 75]
[10 17 75]
[10 17 75]
[10 17 75]
[10 17 63]
[10 17 32]
[10 17 75]
[10 10 75]
[10 17 63]
[10 17 75]
[ 7 17 75]
[10 17 75]
[10 17 75]
[10 17 35]
[10 17 75]
[10 18 75]
[10 17 68]
[10 17 75]
[10 13 63]
[ 4 17 33]
[10 17 75]
[10 17 75]
[10 17 81]
[10 14 75]
[10 18 56]
[ 2 17 88]
[10 17 75]
[10 17 75]
[10 17 63]
[10 17 72]
[10 17 75]
[10 17 75]
[10 20 72]
[10 17 75]
[10 12 75]
[10 17 75]
[10 20 75]
[ 8 17 75]
[10 17 75]
[10 17 56]
[10 17 75]
[10 17 68]
[10 17 63]
[10 17 68]
[10 17 75]
[ 6 17 24]
[10 13 75]
[10 17 75]
[10 17 75]
[10 17 75]
[10 17 72]
[10 17 53]
[10 14 75]
[10 17 63]
[10 20 75]
[ 7 20 75]
14[29.34, 30.5, 30.5, 31.02, 31.02, 31.02, 31.02, 31.02, 31.02, 31.02, 31.02, 31.02, 31.07, 31.07]
[10 17 74]
[10 17 74]
[10 17 75]
[10 20 79]
[10  4 76]
[10 17 63]
[10 17 75]
[10  6 75]
[10 17 75]
[10 17 68]
[10 17 75]
[ 1 13 75]
[10 17 70]
[10 17 68]
[10 17 75]
[10 17 75]
[ 2 17 63]
[10 17 75]
[10 20 75]
[10 17 68]
[10 17 75]
[10 17 75]
[10 17 72]
[10 17 75]
[10  8 75]
[10 17 75]
[10 17 75]
[10 17 75]
[10 17 75]
[10 17 72]
[10 13 63]
[10 17 75]
[10 20 75]
[10 17 75]
[10 29 68]
[10 17 75]
[10 17 75]
[10  6 75]
[10 17 75]
[10 17 63]
[10 17 19]
[10 24 75]
[10 17 72]
[10 17 75]
[10 17 75]
[10 17 68]
[10 24 75]
[10 17 68]
[10 24 75]
[10 17 75]
[10 17 75]
[ 5 17 68]
[10 17 75]
[10 17 75]
[10 13 75]
[10 17 75]
[10 17 18]
[ 5 20 75]
[ 1 17 75]
[10 17 70]
[10 17 75]
[10 17 77]
[10 17 75]
[10 17 63]
[10 17 75]
[10 17 74]
[10 13 63]
[ 6 17 75]
[10 13 75]
[10 17 75]
[ 7 17 75]
[10 13 63]
[10 17 55]
[10 17 75]
[10  2 75]
[10 17 68]
[10 17 75]
[10 13 63]
[ 3 20 75]
[10 17 74]
[10 20 75]
[10 20 75]
[10 17 75]
[10 13 75]
[10 17  5]
[10 17 75]
[10 23 75]
[10 17 56]
[10 17 75]
[10 17 75]
[ 3 21 75]
[10 13 63]
[10 17 75]
[10 17 63]
[10 17 75]
[10 17 75]
[10 17 75]
[10 17 75]
[10 13 63]
[10 17 63]
15[29.34, 30.5, 30.5, 31.02, 31.02, 31.02, 31.02, 31.02, 31.02, 31.02, 31.02, 31.02, 31.07, 31.07, 31.07]
[10 17 74]
[10 17 74]
[10 17 74]
[10 17 51]
[10 13 63]
[10 17 75]
[10 17 75]
[10 13 63]
[10 17 75]
[ 8 17 70]
[10 17 75]
[10 17 75]
[10 17 75]
[10 13 75]
[10 17 75]
[10 17 75]
[10 17 75]
[10 17 68]
[ 8 17 72]
[10 17 75]
[10 17 74]
[10 17 63]
[10  4 68]
[10 14 75]
[10 17 75]
[10 13 75]
[10 17 75]
[10 13 75]
[10 13 75]
[10 17 75]
[10 17 75]
[10 17 68]
[10 17 75]
[10 17 75]
[10 20 79]
[10 17 74]
[ 6 17 72]
[10 17 51]
[10 17 75]
[10 29 75]
[ 8 17 75]
[10 17 75]
[10 17 30]
[10 17 75]
[10 17 75]
[10 24 55]
[10 17 75]
[10 17 72]
[10 17 74]
[10 17 75]
[10 17 74]
[ 3 17 75]
[10 17 75]
[10 17 72]
[10 17 63]
[10 17 35]
[10 17 13]
[10 13 65]
[10 17 68]
[10 17 61]
[10 17 75]
[10  1 75]
[10 17 75]
[10 17 75]
[10 17 75]
[10 17 75]
[10 17 63]
[ 7 17 53]
[10 17 72]
[10 20 75]
[10 17 75]
[10 17 75]
[10  6 77]
[10 13 63]
[10 23 68]
[10 17 74]
[10 17 75]
[10 17 75]
[ 9 17 75]
[10 17 63]
[10 17 74]
[10 23 75]
[10 17 72]
[10 17  6]
[10 17 74]
[10 17 68]
[10 17 77]
[ 9 17 75]
[10 17 18]
[10 17 75]
[10 17 75]
[10 17 74]
[10 16 75]
[10 13 63]
[10 17 68]
[10 17 75]
[10 13 63]
[10 17 75]
[ 7 15 75]
[10  9 75]
16[29.34, 30.5, 30.5, 31.02, 31.02, 31.02, 31.02, 31.02, 31.02, 31.02, 31.02, 31.02, 31.07, 31.07, 31.07, 31.07]
[10 17 74]
[10 17 74]
[10 17 74]
[10 23 68]
[10 17 68]
[10 17 75]
[10 17 72]
[ 6 17 72]
[10 17  4]
[10 17 75]
[ 5 17 75]
[ 4 17 63]
[10 17 75]
[10 17 75]
[10 17 75]
[10 17 81]
[10 17 75]
[10 16 75]
[10 17 63]
[10 17 68]
[10 17 74]
[10 17 75]
[10 17 75]
[10 17 75]
[10 27 61]
[10 17 68]
[10 17 75]
[10  6 75]
[10 23 75]
[10 17 75]
[10 17 39]
[ 2 17 75]
[10 13 75]
[10 17 75]
[10 15 46]
[10 17 71]
[10 23 75]
[10 17 75]
[10 17 75]
[ 8 17 74]
[10 13 75]
[10  3 75]
[10 17 74]
[10 23 75]
[ 8 17 75]
[10 17 75]
[ 3 16 75]
[10 17 11]
[10 17 63]
[10 23 68]
[10 17 75]
[10 17 75]
[10 17 74]
[10 17 75]
[10 17 75]
[10 17 75]
[ 8 17 63]
[ 2 17 10]
[10 17 75]
[10 17 89]
[10 17 75]
[10 17 75]
[10 17 75]
[10 17 75]
[10 17 75]
[10 17 75]
[10 17 75]
[10 17 74]
[10 17 75]
[10 17 75]
[10 23 75]
[10 17 75]
[10 17 75]
[10 17 77]
[10 17 75]
[10 17 75]
[10 17 68]
[10  5 75]
[10 17 75]
[10 17 68]
[10 17 75]
[10 13 63]
[10 17 75]
[10 17 75]
[10 17 72]
[10 17 74]
[ 5 17 75]
[10 17 75]
[10 17 75]
[10 17 75]
[10 17 75]
[ 9 17 72]
[10 17 63]
[10 20 75]
[10 17 33]
[10 17 75]
[10 17 72]
[10 28 75]
[10 17 75]
[10 17 59]
17[29.34, 30.5, 30.5, 31.02, 31.02, 31.02, 31.02, 31.02, 31.02, 31.02, 31.02, 31.02, 31.07, 31.07, 31.07, 31.07, 31.07]
[10 17 74]
[10 17 74]
[10 17 74]
[10  5 75]
[ 9 17 75]
[10 17 74]
[10 17 83]
[10 13 75]
[10 21 75]
[10 17 75]
[10 20 68]
[ 1 17 75]
[10 17 75]
[ 8 17 75]
[10 17 32]
[10 17 69]
[10 17 75]
[10 17 74]
[10 17 75]
[ 3 17 75]
[10 17 75]
[10 17 63]
[10 17 26]
[10 17 74]
[10 17 10]
[10 17 75]
[10 17 75]
[10 17 75]
[10 13 75]
[ 6 17 75]
[10 17 75]
[10 17 63]
[10 17 75]
[10 17 75]
[10 17 75]
[10 17 80]
[10 17 63]
[10 17 68]
[10 25 75]
[10 17 31]
[10 17 75]
[10 17 75]
[10 17 75]
[10 17 75]
[10 17 68]
[10 17 63]
[10 17 75]
[10 17 75]
[ 6 17 75]
[10 17 75]
[10 17 75]
[10 17 63]
[10 17 85]
[10 17 59]
[10 17 74]
[10 20 75]
[10  9 63]
[10 22 75]
[ 8 17 75]
[10 13 67]
[10 17 72]
[10 20 75]
[10 17 10]
[10 17 72]
[10 17 75]
[10 17 75]
[10 17 75]
[ 3 17 75]
[10 17 75]
[10 17 75]
[ 3 17 75]
[10 17 72]
[10 17 75]
[10 17 74]
[10 17 75]
[10 17 13]
[10 17 46]
[10 17 68]
[10 17 59]
[10 17 75]
[10 17 75]
[10 17 75]
[10 16 63]
[10 17 75]
[10 17 66]
[ 2 17 75]
[10 23 75]
[10 17 75]
[10 17 75]
[ 5 17 75]
[10 17 75]
[ 2 17  3]
[10 17 75]
[10 24 22]
[10 17 75]
[10 17 75]
[10 17 75]
[10 17 75]
[10 17 74]
[10 17 10]
18[29.34, 30.5, 30.5, 31.02, 31.02, 31.02, 31.02, 31.02, 31.02, 31.02, 31.02, 31.02, 31.07, 31.07, 31.07, 31.07, 31.07, 31.07]
[10 17 74]
[10 17 74]
[10 17 74]
[10 18 75]
[10 17 74]
[10 17 75]
[10 17 68]
[10 17 74]
[10 17 72]
[10 17 75]
[10 17 75]
[10 17 79]
[10 17 19]
[10 17 63]
[10 17 75]
[ 2 20 75]
[10 20 68]
[10 17 68]
[10 17 74]
[10 17 75]
[10 17 63]
[10 20 20]
[10 17 74]
[10 17 75]
[ 1 17 75]
[ 9 17 74]
[10 17 75]
[10 17 75]
[10 27 74]
[10 17 72]
[10 17 63]
[10 17 68]
[ 9 17 75]
[ 6 17 75]
[10 17 75]
[10 17 74]
[10 17 75]
[ 5 17 56]
[10 10 60]
[10 24 75]
[10 17 63]
[10 17 75]
[ 2 17 75]
[10 17 75]
[10 17 75]
[10 17 74]
[10 17 75]
[10 17 75]
[10 11 75]
[ 2 17 75]
[10 17 63]
[10 17 75]
[10 20 75]
[10 17 74]
[10 26 63]
[10 17 75]
[10 17 75]
[ 6 17 75]
[10 17 75]
[10 17 75]
[10 17 72]
[10 11 75]
[ 7 17 29]
[10 17 75]
[10 17 75]
[ 9 22 59]
[10 17 75]
[10 17 75]
[10 17 75]
[10 21 75]
[10 17 75]
[10 17 63]
[10 17 75]
[10 13 75]
[10 17 75]
[10 17 75]
[10 14 75]
[10 17 75]
[10 17 68]
[10 17 74]
[10 17 72]
[10 17 75]
[10 17 75]
[10 17 63]
[10 17 74]
[10 17 75]
[10 17 75]
[10 17 75]
[10 21 75]
[ 5 29 75]
[10 17 75]
[10 17 59]
[10 17 69]
[10 17 48]
[10 17 75]
[10 17 59]
[10 17 72]
[10 17 75]
[10 17 75]
[ 6 17 75]
19[29.34, 30.5, 30.5, 31.02, 31.02, 31.02, 31.02, 31.02, 31.02, 31.02, 31.02, 31.02, 31.07, 31.07, 31.07, 31.07, 31.07, 31.07, 31.07]
[10 17 74]
[10 17 74]
[10 17 74]
[10 17 75]
[10 17 59]
[10 17 75]
[10 17 75]
[10 24 75]
[10 17 68]
[10 17 74]
[10 17 75]
[10 17 75]
[10 17 75]
[10 17 63]
[10 17 69]
[10 17 75]
[10 17 75]
[10 17 74]
[10 17 27]
[10 17 72]
[10 17 74]
[10 17 75]
[10 12 72]
[ 2 17 71]
[10 17 75]
[10 26 74]
[10 21 69]
[10 17 75]
[10 23 75]
[10 13 74]
[ 6 17 75]
[10 17 18]
[10 17 75]
[10  2 75]
[10 17 74]
[10 17 75]
[10 17 75]
[10  9 75]
[10 17 75]
[10 17 75]
[10 17 74]
[10 27 74]
[10 17 75]
[10 17 75]
[ 1 17 75]
[10 17 74]
[10 17 57]
[10 17 53]
[10 17 59]
[ 9 17 74]
[10 26 72]
[10 17 75]
[ 7 17 63]
[10 17 69]
[10 17 69]
[10 17 72]
[10 14 75]
[10 17 75]
[10 25 75]
[10 18 75]
[10 17 75]
[10 17 74]
[10 17 74]
[10 18 69]
[10  4 75]
[10 17 75]
[10 17 75]
[ 4 17 38]
[10 17 86]
[10 17 75]
[10 11 34]
[10 17 75]
[10 17  4]
[10 17 72]
[10 17 75]
[10 17 75]
[10 17 68]
[ 2 17 75]
[10 17 74]
[10 17 75]
[10 17 75]
[ 5 17 75]
[10 17 20]
[10 17 75]
[10 17 69]
[10 17 75]
[10 17 73]
[10 17 74]
[10 17 75]
[10 17 68]
[10 17 14]
[10 17 63]
[10 17 75]
[10 17 75]
[10 17 51]
[10 21 75]
[10 17 75]
[10 17 75]
[10 17 74]
[10 17 75]
20[29.34, 30.5, 30.5, 31.02, 31.02, 31.02, 31.02, 31.02, 31.02, 31.02, 31.02, 31.02, 31.07, 31.07, 31.07, 31.07, 31.07, 31.07, 31.07, 31.07]
[10 17 74]
[10 17 74]
[10 17 74]
[10 17 75]
[10 17 75]
[10 17 68]
[10 18 69]
[ 7 17 74]
[10 17 65]
[ 7 17 74]
[ 9 17 50]
[ 2 17 75]
[10 17 75]
[10 17 68]
[10 17 74]
[10 17 74]
[10 26 75]
[ 9 18 74]
[10 17 69]
[10 18 18]
[10  6 75]
[10 17 74]
[10 17 75]
[ 9 17 75]
[10 29 59]
[10 17 75]
[10 11 69]
[10 17 74]
[10 17 74]
[ 6 17 75]
[10 17 74]
[10 17 47]
[10 17 53]
[10 18 51]
[10 17 73]
[10 23 75]
[ 9 17 75]
[10 17 68]
[10 17 75]
[10 17 75]
[10 17 74]
[10 10 59]
[10 22 75]
[ 5  2 74]
[10 17 75]
[10 17 73]
[10 17 75]
[10 16 68]
[10 17  9]
[10 17 74]
[10 17 75]
[10 17 75]
[10 17 75]
[10 17 75]
[10 17 75]
[10 17 85]
[10 17 59]
[10 17 75]
[10 17 75]
[10 17 74]
[10 14 69]
[10 17 75]
[10 24 74]
[10 17 75]
[10 17 75]
[10 17 75]
[10 17 75]
[10 17 74]
[10 17 75]
[10 17 75]
[ 9 17 22]
[10 17 75]
[10 17 75]
[10 17 68]
[10 17 75]
[10 17 74]
[ 8  4 67]
[10 17 75]
[ 9 17 13]
[ 5 17 74]
[10 17 75]
[10 17 63]
[10 17 74]
[ 2 17 74]
[10 17 75]
[ 8 17 31]
[10 17 74]
[10 17 75]
[10 17 68]
[10 17 72]
[10 14 75]
[10 18 69]
[10 17 75]
[10 11 34]
[10 17 75]
[10 17 69]
[10 17 75]
[ 9 17 75]
[10 17 74]
[10 17 75]
21[29.34, 30.5, 30.5, 31.02, 31.02, 31.02, 31.02, 31.02, 31.02, 31.02, 31.02, 31.02, 31.07, 31.07, 31.07, 31.07, 31.07, 31.07, 31.07, 31.07, 31.07]
[10 17 74]
[10 17 74]
[10 17 74]
[10 23 75]
[10 17 73]
[ 8 17 75]
[10 17 74]
[10 17 79]
[10 17 75]
[10 17 74]
[10 17 75]
[10 17 75]
[ 7 16 68]
[10 17 63]
[ 9 17 75]
[10 17 74]
[ 9 18 74]
[ 9 17 75]
[10 17 69]
[10 17 74]
[10 17 75]
[10 17 74]
[ 7 17 75]
[10  3 89]
[ 4 17 75]
[10 17 75]
[10 17 74]
[10  1 75]
[ 9 17 75]
[10 14 75]
[10 17 75]
[10 17 75]
[10 17 75]
[10 17 72]
[10 17 75]
[10  3 75]
[10 23 75]
[10 17 75]
[10 17 72]
[10 17 73]
[10 17 75]
[10 17 75]
[10  7 74]
[10 17 48]
[10 17 75]
[10 17 75]
[ 2 17 75]
[10 17 69]
[ 9 17 75]
[ 7 17 75]
[10 17 85]
[10 17 43]
[10 17 75]
[10 17 75]
[10 17 74]
[10 17 68]
[ 7 26 75]
[10 17 38]
[10 16 75]
[10 17 73]
[10 24 30]
[10 10 75]
[10 17 58]
[10 17 75]
[ 9 17 68]
[ 9 17 75]
[10 17 73]
[10 17 75]
[10 22 75]
[10 17 63]
[ 3 29 75]
[10 17 69]
[10 17 75]
[10 17 68]
[10 17 75]
[ 7 17 74]
[10 17 75]
[10 17 75]
[10 17 69]
[10 17 75]
[ 9 18 74]
[10 17 75]
[10 13 75]
[10 17 74]
[10 17 74]
[ 8 17 85]
[10  2 74]
[10 17 69]
[10 17 69]
[10 17 75]
[10 17 69]
[ 9 19 75]
[10 10 59]
[10 17 74]
[10 18 74]
[10 17  3]
[10  1 85]
[10 17 75]
[10  4 75]
[10 17 65]
22[29.34, 30.5, 30.5, 31.02, 31.02, 31.02, 31.02, 31.02, 31.02, 31.02, 31.02, 31.02, 31.07, 31.07, 31.07, 31.07, 31.07, 31.07, 31.07, 31.07, 31.07, 31.07]
[10 17 74]
[10 17 74]
[10 17 74]
[10 17 74]
[ 9 17 75]
[10 17 74]
[10 17 75]
[10 17 75]
[10  4 75]
[10 17 81]
[ 9 17 75]
[10 14 73]
[10 17 75]
[10 17 69]
[10 17 75]
[10 17 75]
[10 17 75]
[10 16 75]
[10 17 74]
[ 8 12 75]
[ 7 17 74]
[ 8 17 75]
[10 17 65]
[10 17 75]
[10 17 75]
[10 17 75]
[ 2 17 75]
[10  6 75]
[10 17 69]
[10 17 75]
[ 6 19 74]
[10 17 75]
[10 17 75]
[10 17 74]
[ 6 17 75]
[10 17 74]
[10 17 69]
[10 19 75]
[10 17 43]
[10 13 75]
[ 9 18 74]
[10 17 74]
[ 7 26 75]
[10 17 72]
[ 7 17 75]
[10 17 75]
[10 21 75]
[ 3 17 85]
[10 17 75]
[10 10 74]
[ 9 17 75]
[ 9 10 74]
[ 4 17 75]
[10 17 74]
[ 5 10 75]
[ 7 17 18]
[ 5  7 75]
[10 17 75]
[10 17 75]
[ 9 17 73]
[10 17 74]
[10 17 74]
[ 3 17 73]
[10 17 74]
[10  3 75]
[10 10 75]
[10 13 73]
[ 9 17 75]
[10 17 75]
[10 17 75]
[ 8 17 75]
[ 9 19 75]
[10  9 69]
[10 17 74]
[10 17 69]
[10 17 63]
[10 17 75]
[10 10 74]
[10 17 75]
[10 17 63]
[10 17 75]
[10 17 75]
[10 17 73]
[10 17 75]
[10 17  2]
[10 17 73]
[10 10  5]
[10 17 75]
[10 17 73]
[10 17 75]
[ 9 17 75]
[10 17 74]
[10 17 74]
[10 17 21]
[10 26 75]
[10 17 73]
[10 17 75]
[ 9 17 68]
[10 17 63]
[ 6 17 68]
23[29.34, 30.5, 30.5, 31.02, 31.02, 31.02, 31.02, 31.02, 31.02, 31.02, 31.02, 31.02, 31.07, 31.07, 31.07, 31.07, 31.07, 31.07, 31.07, 31.07, 31.07, 31.07, 31.07]
[10 17 74]
[10 17 74]
[10 17 74]
[ 7 17 74]
[ 1 17 74]
[ 6 17 69]
[10 17 74]
[ 5 20 75]
[10 17 74]
[10 17 74]
[10 21 75]
[ 8 17 75]
[10 17 43]
[ 9 27 75]
[10 17 75]
[ 6 19 74]
[10 17 75]
[10 17 75]
[10 17 74]
[10 17 74]
[ 3 17 75]
[ 8 25 74]
[10 17 75]
[10 17 75]
[ 9 17 75]
[10 17 75]
[10 17 74]
[10 17 75]
[10 17 75]
[10 17 75]
[10 17 75]
[10 17 75]
[10 17 75]
[ 9 17 74]
[10 17 75]
[ 9 17 75]
[ 9 26 39]
[10 10 72]
[10 17 72]
[10 17 75]
[10 17 75]
[10 17 63]
[ 6 19 88]
[10 17 74]
[ 9 19 75]
[10 17 63]
[10 23 75]
[10 17 75]
[10 17 32]
[10 17 75]
[10 17 75]
[10 17  7]
[10 17 69]
[10 17 75]
[10 13 75]
[10 17 72]
[10 17 75]
[ 1 17 75]
[ 5 10 75]
[10 17 75]
[10 17 75]
[10 25 63]
[10 10 75]
[10 14 75]
[10 17 63]
[10 17 74]
[10 17 75]
[10 17 74]
[10 17 74]
[10 19 74]
[10 17 75]
[10 25 75]
[10 17 74]
[10  7 75]
[10 17 74]
[10 17 75]
[10 17 74]
[10 17 72]
[10 17 69]
[10 17 74]
[10 17 74]
[ 8 17 75]
[10 17 74]
[ 9 17 73]
[10 17 74]
[ 9 10 74]
[ 4 17 74]
[10 17 75]
[10 17 75]
[10 17 75]
[10 17 63]
[10 17 75]
[10 17 74]
[ 8 17 79]
[ 9 17 75]
[ 9 17 75]
[10 17 63]
[10 17 75]
[ 3 17 23]
[10 17 72]
24[29.34, 30.5, 30.5, 31.02, 31.02, 31.02, 31.02, 31.02, 31.02, 31.02, 31.02, 31.02, 31.07, 31.07, 31.07, 31.07, 31.07, 31.07, 31.07, 31.07, 31.07, 31.07, 31.07, 31.07]
[10 17 74]
[10 17 74]
[10 17 74]
[10 25 75]
[10 17 75]
[10 17 75]
[ 6 10 36]
[10 17 75]
[10 23 75]
[10 17 61]
[ 9 17 74]
[10 17 72]
[10 17 74]
[10 17 75]
[10 17 74]
[10 17 74]
[10 17 75]
[10 21 74]
[10 17 63]
[10 23 74]
[10 18 75]
[ 3 17 28]
[10 17 74]
[10 17 75]
[10 17 75]
[10 17 74]
[10 17 75]
[10 17 75]
[10 17 75]
[10 17 75]
[ 8 17 75]
[10 17 28]
[ 3 17 75]
[ 9 10 74]
[10 17 75]
[10 17 75]
[ 6 17 88]
[10 17 75]
[10 17 74]
[10 14 74]
[ 6 17 88]
[10 17 75]
[10 24 75]
[10 17 87]
[10 17 75]
[ 8 17 75]
[ 6 17 75]
[10 17 74]
[ 9 25 74]
[10 17 72]
[ 2 17 75]
[ 3 17 63]
[ 9 17 75]
[10  4 74]
[10 17 75]
[10 17 63]
[ 6 17 75]
[ 6 19 88]
[10 17 63]
[ 9 17 81]
[ 9 17 74]
[10 17 75]
[10 17 74]
[10 17 74]
[ 2 27 75]
[ 9  7 75]
[10 17 63]
[10 17 75]
[10 17 75]
[10 29 80]
[10 17 72]
[10 17  7]
[10 17 75]
[10 17 75]
[10 23 75]
[10 17 75]
[10 17 75]
[ 8 17 76]
[10 17 74]
[10 17 75]
[ 3 17 75]
[10 17 74]
[10 17 75]
[10 17 72]
[ 8 17 75]
[10 17 74]
[ 8 17 75]
[10 13 75]
[ 2  7 75]
[ 7 17 75]
[10 17 75]
[10 17 63]
[10 17 74]
[10 13 75]
[10 17 75]
[10 14 75]
[10 17 75]
[10 23 74]
[10 17 75]
[10 17 75]
25[29.34, 30.5, 30.5, 31.02, 31.02, 31.02, 31.02, 31.02, 31.02, 31.02, 31.02, 31.02, 31.07, 31.07, 31.07, 31.07, 31.07, 31.07, 31.07, 31.07, 31.07, 31.07, 31.07, 31.07, 31.07]
[10 17 74]
[10 17 74]
[10 17 74]
[10 26 75]
[ 6 17 88]
[10 17 75]
[10 17 63]
[10 25 75]
[10 17 75]
[10 17 75]
[10 25 75]
[10  4 75]
[10 23 74]
[10  4 75]
[10 17 75]
[10 25 72]
[10 17 75]
[10 17 63]
[10  3 74]
[ 8 17 75]
[ 9 17 75]
[10 17 87]
[10 17 87]
[ 9 25 74]
[ 8 17 75]
[ 3 17 75]
[10  2 75]
[10 17 75]
[10 23 74]
[10 17 81]
[10  2 75]
[10 17 75]
[10 13 74]
[10 17 88]
[10 17 74]
[10 17 75]
[10 17 63]
[10 29 80]
[10 17 75]
[10 17 72]
[10 17 63]
[10 17 74]
[10 17 74]
[10 17 75]
[ 8 26 75]
[10 17 75]
[10 17 75]
[10 17 61]
[10 17 15]
[ 3 17 74]
[ 5 17 75]
[10 17 74]
[10 17 75]
[ 9 17 81]
[10 17 75]
[10 17 74]
[10 17 61]
[10 17 74]
[10 17 75]
[10 17 74]
[10 17 75]
[ 6 17 88]
[10 17 63]
[10 13 75]
[10 17 74]
[ 8 17 74]
[10 17 75]
[10 13 75]
[ 1 25 23]
[10 17 74]
[10 17 80]
[10 17 75]
[10 17 75]
[10 17 72]
[ 7 17 75]
[ 8 17 75]
[10 17 63]
[10 17 75]
[ 7 17 75]
[10 17 75]
[10 17 75]
[ 1 17 75]
[ 4 17 74]
[10  5 75]
[10 10 75]
[ 9 17 74]
[10 17 76]
[ 8 17 75]
[10  4 74]
[ 9 17 74]
[10 17 74]
[10 17 75]
[10 17 75]
[10 17 75]
[10 17 61]
[10  3 75]
[10 17 75]
[10 23 75]
[10 13 74]
[ 9 17 81]
26[29.34, 30.5, 30.5, 31.02, 31.02, 31.02, 31.02, 31.02, 31.02, 31.02, 31.02, 31.02, 31.07, 31.07, 31.07, 31.07, 31.07, 31.07, 31.07, 31.07, 31.07, 31.07, 31.07, 31.07, 31.07, 31.07]
[10 17 74]
[10 17 74]
[10 17 74]
[10 17 75]
[10 17 75]
[10 17 74]
[10 17 63]
[10 17 74]
[10 17 74]
[10 17 75]
[10 17 63]
[10 17 74]
[10 17 75]
[ 7 17 75]
[10 17 75]
[10 26 75]
[ 7 17 75]
[10 17 81]
[ 8 17 75]
[10 17 75]
[10 17 75]
[10 17 75]
[10 17 63]
[10 17 72]
[ 5 17 75]
[10 17 75]
[10 17 74]
[ 9 17 75]
[10 13 74]
[10 17 76]
[10 13 75]
[ 9 17 74]
[10  9 74]
[10  2 74]
[10 13 74]
[ 8 17 75]
[10 17 88]
[10 17 75]
[10 17 75]
[10 17 74]
[10 17 74]
[10 17 74]
[10 17 74]
[ 7 17 75]
[ 8 26 74]
[10 17 75]
[10 17 74]
[10 17 10]
[10 17 75]
[10 17 63]
[10 13 74]
[10 17 75]
[10 17 41]
[10 27 75]
[ 7 17 75]
[10 17 74]
[ 8 17 75]
[10 25 72]
[10 17 74]
[10 17 75]
[10 17 75]
[10 17 75]
[10 17 75]
[10 17 69]
[10 17 75]
[10 17 75]
[ 9 25 74]
[ 7 17 75]
[10 17 75]
[10 17 74]
[10 17 74]
[10 17 61]
[10 17 75]
[10 17 73]
[10 17 75]
[ 9 17 74]
[10 17 74]
[ 4 25 72]
[10 17 74]
[10 17 74]
[ 7 17 75]
[10 17 75]
[10 17 61]
[ 8 26  9]
[10 26 75]
[10 17 74]
[10 17 87]
[10 17 75]
[10 17 75]
[10 17 34]
[10 17 74]
[10 17 75]
[10 13 74]
[10 17 88]
[ 3 17 75]
[ 9 17 75]
[10 17 61]
[ 4 17 75]
[10 17 75]
[10 17 75]
27[29.34, 30.5, 30.5, 31.02, 31.02, 31.02, 31.02, 31.02, 31.02, 31.02, 31.02, 31.02, 31.07, 31.07, 31.07, 31.07, 31.07, 31.07, 31.07, 31.07, 31.07, 31.07, 31.07, 31.07, 31.07, 31.07, 31.07]
[10 17 74]
[10 17 74]
[10 17 74]
[10 26 74]
[10 17 75]
[10 17 74]
[10 17 52]
[10 17 75]
[ 8 17 74]
[ 4 17 75]
[10 17 74]
[10 17 88]
[10  1 74]
[10 17 63]
[ 9 17 74]
[10 17 74]
[10 17 75]
[ 9 17 74]
[ 5 22 75]
[10 17 75]
[10 17 75]
[10 17 75]
[10 17 75]
[10 17 87]
[10 17 74]
[10 17 74]
[10 17 74]
[10 17 61]
[10 17 74]
[10 17 75]
[10 17 63]
[10 17 75]
[ 9 17 75]
[ 4 17  9]
[10 17 75]
[ 1 17 74]
[10 17 74]
[10 17 75]
[10 17 74]
[10 17 75]
[10 17 74]
[ 8 17 75]
[10 17 75]
[10 17 72]
[10 17 74]
[10 17 69]
[10 17 75]
[10 17 75]
[ 8 17 75]
[10 17 74]
[10 17 74]
[10 17 74]
[10 17 74]
[10 23 74]
[10 17 74]
[10 17 75]
[10  9 74]
[10 17 61]
[10  3 76]
[ 8 17 74]
[10 26 75]
[10 17 85]
[10 17 74]
[10 17 63]
[10 17 74]
[ 8 17 75]
[10 17 74]
[10 13 74]
[10 11 75]
[ 8 17 75]
[10 17 88]
[10 17 74]
[10 17 74]
[10 17 75]
[10 17 61]
[10 17 75]
[ 9 17 74]
[10 17 61]
[10 17 74]
[10 17 75]
[10 17 74]
[10 17 61]
[10 17 65]
[10 17 75]
[10 17 69]
[10 17 42]
[ 3 17 74]
[10 17 75]
[ 7 17 75]
[ 6 17 74]
[10 17 74]
[10 12 74]
[10 17 88]
[10 17 74]
[ 7 17 75]
[ 3 13 74]
[10 13 74]
[ 8 17 75]
[10 17 63]
[10 17 74]
28[29.34, 30.5, 30.5, 31.02, 31.02, 31.02, 31.02, 31.02, 31.02, 31.02, 31.02, 31.02, 31.07, 31.07, 31.07, 31.07, 31.07, 31.07, 31.07, 31.07, 31.07, 31.07, 31.07, 31.07, 31.07, 31.07, 31.07, 31.07]
[10 17 74]
[10 17 74]
[10 17 74]
[10 15 81]
[10 17 74]
[10 17 74]
[ 8 17 75]
[ 4 17 19]
[10 17 75]
[10 17 65]
[10 17 75]
[10 17 75]
[ 8 17 75]
[10 17 75]
[10 17 74]
[10 17 74]
[10 17 63]
[ 8 17 74]
[10 17 75]
[10 17 75]
[10 17 74]
[ 7 17 87]
[10 17 74]
[10 17 75]
[10 17 74]
[10 17 75]
[ 8 17 30]
[10 17 39]
[10 17 75]
[10 13 75]
[10 17 74]
[10 17 61]
[10 17 74]
[10 17 75]
[10 17 88]
[10 17 74]
[10 29 74]
[10 17 61]
[10 17 75]
[10 17 74]
[10 17 74]
[10 17 63]
[10 17 75]
[ 4 17 82]
[ 7 17 75]
[10 13 75]
[10 17 75]
[10 17 87]
[10 17 74]
[10 17 61]
[10 17 69]
[10 17 85]
[10 17 74]
[10 17 14]
[10 17 74]
[10 17 63]
[10 17 75]
[10 24 74]
[10 17 75]
[ 9 17 75]
[10 17 75]
[10 17 74]
[10 17 75]
[10 17 75]
[10 17 74]
[10 17 74]
[10 17 69]
[10 17 75]
[10 17 74]
[ 6 17 87]
[10 17 75]
[10 17 63]
[10 17 75]
[10 17 75]
[ 7 17 75]
[ 4 17 86]
[10 17 65]
[10 17 75]
[10 17 61]
[ 8 17 75]
[10 17 61]
[ 7 17 75]
[10 17 75]
[10 17 65]
[10 17 74]
[10 17 74]
[ 9 17 75]
[10 17 75]
[10 17 75]
[10 17 74]
[ 8 17 74]
[ 8 17 74]
[10 17 74]
[10 17 74]
[10 17 74]
[ 8 17 74]
[ 8 17 75]
[10 17 74]
[10 17 74]
[10 17 74]
29[29.34, 30.5, 30.5, 31.02, 31.02, 31.02, 31.02, 31.02, 31.02, 31.02, 31.02, 31.02, 31.07, 31.07, 31.07, 31.07, 31.07, 31.07, 31.07, 31.07, 31.07, 31.07, 31.07, 31.07, 31.07, 31.07, 31.07, 31.07, 31.07]
[10 17 74]
[10 17 74]
[10 17 74]
[10 17 65]
[ 7 17 75]
[10 27 65]
[10 17 64]
[10 17 20]
[10 17 74]
[10 17 65]
[10 17 75]
[ 7 17 88]
[10 17 75]
[10 17 75]
[10 17 65]
[10 17 75]
[10 17 74]
[10 17 74]
[10 17 16]
[10 17 75]
[ 1 11 74]
[10 17 75]
[10 17 74]
[ 4 17 74]
[10 17 74]
[ 8 17 74]
[10 17 75]
[10 17 63]
[10 17 75]
[10 17 74]
[10 17 87]
[10 17 59]
[10 17 63]
[10  7 69]
[10 17 74]
[10 17 74]
[10 27 74]
[10 17 74]
[ 7 22 74]
[10 17 63]
[ 5 17 75]
[10 17 74]
[10 17 69]
[10  5 63]
[10 17 85]
[10 17 88]
[10 17 85]
[ 1 17 74]
[10 17 74]
[10 17 65]
[ 5 22 75]
[10 17 61]
[10 17 74]
[10 17 75]
[10 17 74]
[10 17 74]
[ 5 17 74]
[10 17 75]
[10 17 74]
[10 17 75]
[ 7 17 87]
[10 17 75]
[10 17 75]
[10 17 63]
[10 17 75]
[10 17 87]
[10  5 74]
[10 17 63]
[ 8 17 75]
[10 17 56]
[10 17 74]
[10 17 75]
[10 17 61]
[10 17 88]
[ 8 17 69]
[10 17 65]
[10 17 74]
[ 8 17 75]
[ 8 17 74]
[10 17 15]
[10 17 75]
[10 17 74]
[10 29 58]
[10 17 63]
[10 17 75]
[ 8 17 75]
[10 17  2]
[10 17 75]
[10 17 65]
[ 8 17 75]
[10 17 74]
[10 17 75]
[10 17 74]
[ 7 17 21]
[10 17 74]
[10 18 74]
[10 17 74]
[ 7 18 75]
[ 8 17 75]
[ 5 17 75]
30[29.34, 30.5, 30.5, 31.02, 31.02, 31.02, 31.02, 31.02, 31.02, 31.02, 31.02, 31.02, 31.07, 31.07, 31.07, 31.07, 31.07, 31.07, 31.07, 31.07, 31.07, 31.07, 31.07, 31.07, 31.07, 31.07, 31.07, 31.07, 31.07, 31.07]
[10 17 74]
[10 17 74]
[10 17 74]
[10 17 74]
[ 8 17 74]
[10 17 75]
[10 17 68]
[10 17 75]
[10 17 75]
[10 17 74]
[10 17 34]
[ 8 14 74]
[10 17 20]
[10 27 74]
[ 8 17 74]
[10 17 16]
[10 17 65]
[10 17 75]
[10 17 74]
[10 17 85]
[10  5 74]
[10 17 65]
[10 17 75]
[10 17 75]
[ 5 17 75]
[10 17 41]
[10 17 63]
[10 17 74]
[10 17 74]
[10 17 65]
[10 17 75]
[ 8 17 44]
[10 17 74]
[10 18 37]
[10 18 87]
[10 17 74]
[10 17 64]
[10 17 75]
[10 17 74]
[10 17 74]
[10 17 75]
[10 17 75]
[10 17 65]
[10 17 75]
[10 17 75]
[ 2 17 75]
[10 17 74]
[10 17 87]
[10 17 75]
[10 17 74]
[ 8 17 75]
[10 17 74]
[10 17 74]
[10 27 74]
[10 17 75]
[ 8 17 75]
[10 17 64]
[10 17 10]
[10 17 75]
[10 14 69]
[10 17 75]
[10 11 75]
[10 17 80]
[10 17 65]
[ 8 17 65]
[10 17 75]
[10 17 75]
[ 5 17 74]
[10 17 75]
[10 17 74]
[ 2 17 65]
[10 17 51]
[10  6 74]
[10 17 75]
[10 21 63]
[10 17 75]
[10 17 74]
[10 17 87]
[10 17 74]
[10 17 75]
[10 29 74]
[10 17 63]
[10 28 63]
[10 17 63]
[10 17 75]
[10 17 74]
[10 17 75]
[10 17 74]
[10 13 87]
[10 17 75]
[10 17 74]
[10 17 61]
[10 17 35]
[10 17 63]
[10 17 74]
[10 17 65]
[10 17 65]
[10 18 74]
[10 17 68]
[10 17 74]
31[29.34, 30.5, 30.5, 31.02, 31.02, 31.02, 31.02, 31.02, 31.02, 31.02, 31.02, 31.02, 31.07, 31.07, 31.07, 31.07, 31.07, 31.07, 31.07, 31.07, 31.07, 31.07, 31.07, 31.07, 31.07, 31.07, 31.07, 31.07, 31.07, 31.07, 31.07]
[10 17 74]
[10 17 74]
[10 17 74]
[10 17 65]
[10 17 75]
[10 17 61]
[10 17 61]
[10 17 74]
[10 17 74]
[10 17 85]
[ 5 17 75]
[ 8 17 74]
[ 6 17 29]
[10 17 36]
[10 17 75]
[10  6 74]
[10 21 63]
[10 17 63]
[10 17 75]
[10 17 74]
[10 17 74]
[ 7 17 65]
[10 11 75]
[10 17 61]
[10 17 68]
[10 17 75]
[10 17 74]
[10 21 74]
[10 17 64]
[10 17 75]
[10 17 75]
[10 17 74]
[10 17 63]
[10 17 75]
[10 17 75]
[10 17 75]
[10 11 74]
[10 17 74]
[10 17 64]
[ 8 17  7]
[10 17 63]
[10 17 75]
[10 17 80]
[10 17 26]
[10 29 74]
[10 17 75]
[10 17 74]
[10 17 75]
[10 17 75]
[10 17 87]
[10 29 65]
[10 17 74]
[10 17 75]
[10 17 74]
[10 17 75]
[ 8 17 74]
[10  6 75]
[10 17 75]
[10 17 75]
[10 17 75]
[10 29 74]
[10 17 74]
[10 17 86]
[10 17 74]
[10 17 74]
[10 19 68]
[10 17 80]
[10 17 87]
[10  3 75]
[10 21 63]
[10 17 74]
[ 8 17 74]
[10 17 80]
[10 17 65]
[10 17 65]
[10 17 74]
[10 13 74]
[ 1 17 74]
[ 8 10 75]
[10 17 65]
[10 17 64]
[10 17 74]
[10 17 65]
[10 17 77]
[10 17 55]
[10 17 74]
[10 17 75]
[ 6 17 74]
[10 17 87]
[10 17 23]
[10 17 75]
[ 8 17 65]
[10 17 74]
[10 17 65]
[10 13 74]
[10 27 74]
[10 17 74]
[10 17 75]
[10 17 74]
[10 17 87]
32[29.34, 30.5, 30.5, 31.02, 31.02, 31.02, 31.02, 31.02, 31.02, 31.02, 31.02, 31.02, 31.07, 31.07, 31.07, 31.07, 31.07, 31.07, 31.07, 31.07, 31.07, 31.07, 31.07, 31.07, 31.07, 31.07, 31.07, 31.07, 31.07, 31.07, 31.07, 31.07]
[10 17 74]
[10 17 74]
[10 17 74]
[10 17 18]
[10 17 86]
[10 17 75]
[10 17 48]
[10 17 74]
[10 17 74]
[ 3 17 65]
[10 17 65]
[ 8 10 65]
[ 8 17 65]
[10 17 75]
[10 17 75]
[10 11 75]
[10 17 74]
[10 14 68]
[10 17 74]
[10 17 86]
[10 17 74]
[10 17 87]
[10 11 74]
[10 17 74]
[10 17 75]
[10 21 74]
[10 17 85]
[10 17 75]
[10 17 65]
[10 17 74]
[10 13 74]
[10 17 75]
[ 1 17 75]
[10 17 48]
[10 17 75]
[10 17 74]
[10 16 74]
[10 21 74]
[10 17 17]
[10 17 62]
[10 21 63]
[10 17 87]
[10 17 75]
[10 17 74]
[10 17 74]
[10 17 63]
[ 9 14 74]
[10 17 75]
[10 17 74]
[10 17 77]
[10 17 75]
[10 17 73]
[10 17 65]
[10 15 87]
[10 17 45]
[10 17 75]
[ 6 17  2]
[10 17 75]
[10 17 75]
[ 5 17 75]
[10 29 63]
[10 17 75]
[ 4 17 87]
[10 25 68]
[10 17 74]
[10 17 74]
[10 17 74]
[ 8 11 65]
[10 17 64]
[ 8 17 65]
[10 17 81]
[10 21 63]
[10 17 63]
[10 17 65]
[10 11 29]
[10 17 74]
[10 17 63]
[10 17 74]
[10 17 65]
[10 17 79]
[10 17 75]
[10 17 87]
[10 17 75]
[10 17 80]
[10 17 87]
[10 17 89]
[10 17 61]
[10 17 37]
[10 17 85]
[10 17 75]
[ 8 17 65]
[10 29 74]
[10 17 65]
[10 17 65]
[10 17 86]
[10  4 75]
[10 17 74]
[10 17 75]
[10 17 75]
[10 17 74]
33[29.34, 30.5, 30.5, 31.02, 31.02, 31.02, 31.02, 31.02, 31.02, 31.02, 31.02, 31.02, 31.07, 31.07, 31.07, 31.07, 31.07, 31.07, 31.07, 31.07, 31.07, 31.07, 31.07, 31.07, 31.07, 31.07, 31.07, 31.07, 31.07, 31.07, 31.07, 31.07, 31.07]
[10 17 74]
[10 17 74]
[10 17 74]
[10 17 75]
[10 17 86]
[10 21 74]
[ 5 17 75]
[10  2 68]
[10 17 65]
[10 17 74]
[10 29 75]
[10 17 74]
[10 17 30]
[10 27 75]
[ 5 17 74]
[ 5 17 74]
[10 17 74]
[10 14 63]
[10 17 75]
[10 17 87]
[10 17 74]
[10 17 79]
[10 17 80]
[10 25 68]
[10  3 31]
[10 17 73]
[10 17 87]
[10 17 65]
[10 17 85]
[10 16 74]
[10 17 37]
[10 17 65]
[10 28 63]
[10 17 75]
[10 17 74]
[10 17 64]
[10 17 75]
[10 17 65]
[10 25 65]
[10 17 75]
[10 17 75]
[10 17 74]
[ 8 17 65]
[10 17 74]
[10 21 74]
[10  3 75]
[10 17 63]
[10 20 74]
[10 17 25]
[10 21 74]
[10 17 65]
[10 21 74]
[10 15 74]
[10 25  6]
[ 9 29 74]
[10 17 74]
[ 5 17 65]
[ 6 17 73]
[10 17 75]
[10 17 65]
[ 2 11 65]
[ 8 17 65]
[ 8 17 75]
[ 2 17 75]
[10 17 74]
[10 17 75]
[10 17 75]
[10 17 87]
[10 17 80]
[10 17 75]
[10 17 65]
[ 5 25 74]
[10 17 12]
[10 17 65]
[ 8 17 65]
[ 8 17 75]
[10 17 74]
[ 9 17 75]
[10 17 63]
[10 17 65]
[10 17 74]
[10 17 75]
[10 17 52]
[ 9 17 74]
[10 17 74]
[10 17 74]
[10 21 63]
[10 17 75]
[10 17 75]
[10 17 87]
[10 17 75]
[10 17 74]
[10 21 62]
[ 9 17 74]
[ 9 14 74]
[ 8 11 65]
[10 17 59]
[10 17 75]
[10 17 85]
[10 14 68]
34[29.34, 30.5, 30.5, 31.02, 31.02, 31.02, 31.02, 31.02, 31.02, 31.02, 31.02, 31.02, 31.07, 31.07, 31.07, 31.07, 31.07, 31.07, 31.07, 31.07, 31.07, 31.07, 31.07, 31.07, 31.07, 31.07, 31.07, 31.07, 31.07, 31.07, 31.07, 31.07, 31.07, 31.07]
[10 17 74]
[10 17 74]
[10 17 74]
[10 17 85]
[10 17 65]
[10 17 62]
[10 17 75]
[10 17 84]
[10 15 74]
[10 16 74]
[10 17 74]
[10 17 50]
[10 17 65]
[ 8 17 65]
[10 17 87]
[10 17 75]
[10 17 65]
[10 17 74]
[ 8 17 75]
[10 17 74]
[ 8 17 75]
[10 17 80]
[ 6 17 73]
[10 17 74]
[10 17 75]
[ 7 11 65]
[ 4 13 65]
[10 17 87]
[10  8 74]
[10 17 63]
[10 21 74]
[ 7 17 65]
[10 27 60]
[10 17 30]
[10 21 74]
[10 17 75]
[10 17 74]
[10 17 87]
[ 8 17 74]
[ 8 12 85]
[ 9 14 74]
[10 17 65]
[10 17 74]
[10 25 74]
[10 17 75]
[10 17 74]
[10 17 65]
[10 17 74]
[10 17 80]
[ 6 17 65]
[10 17 86]
[10 21 74]
[10 21 47]
[10 17 65]
[10 17 65]
[10 17 74]
[10 17 74]
[10 17 74]
[ 9 17 53]
[10 15 74]
[10 14 63]
[ 8 17 74]
[ 4 20 74]
[ 6 17 75]
[10 17 74]
[10  1 74]
[10 20 87]
[ 2 17 75]
[ 8 17 88]
[ 8 17 89]
[10 17 74]
[10 17 79]
[ 9 13 65]
[10 17 75]
[ 1 21 63]
[ 9 17 75]
[10 17 59]
[10 17 65]
[10 17 65]
[10 17 75]
[10 17 65]
[ 9 17 74]
[10 17 74]
[10 17 74]
[10 17 74]
[10 17 74]
[10 17 75]
[10 17 75]
[10 15 74]
[10 17 74]
[10 20 75]
[ 4 17  4]
[ 8 17 87]
[10 17 85]
[10 17 75]
[ 5 17 75]
[10 17 75]
[10 17 74]
[10 17 75]
[ 5 17 65]
35[29.34, 30.5, 30.5, 31.02, 31.02, 31.02, 31.02, 31.02, 31.02, 31.02, 31.02, 31.02, 31.07, 31.07, 31.07, 31.07, 31.07, 31.07, 31.07, 31.07, 31.07, 31.07, 31.07, 31.07, 31.07, 31.07, 31.07, 31.07, 31.07, 31.07, 31.07, 31.07, 31.07, 31.07, 31.07]
[10 17 74]
[10 17 74]
[10 17 74]
[10 17 87]
[10 17 65]
[10 17 75]
[10 15 74]
[9 8 8]
[10 17 86]
[ 9 17 65]
[10 16 74]
[10 17 65]
[10 17 74]
[ 4 17 75]
[10 17 75]
[ 8 17 88]
[10  7 75]
[10 17 74]
[10 22 79]
[ 8 17 74]
[10 20 74]
[ 4 13 65]
[ 3 17 74]
[10 21 74]
[ 8 17 65]
[10 16 74]
[10 26 38]
[10 16 74]
[10 17 74]
[ 8 17 88]
[ 8 17 46]
[10 17 73]
[10 17 74]
[10 17 74]
[10 14 63]
[10 17 36]
[ 7 17  1]
[ 6 17 73]
[ 9 11 74]
[10  3 74]
[ 8 16 65]
[ 8 17 65]
[10 17 74]
[10  9 74]
[10 17 20]
[10 17 78]
[ 8 25 74]
[10 23 74]
[10 17 65]
[ 2 17 74]
[10 29 41]
[ 7 13 65]
[10 17 74]
[10 17 74]
[10 17 74]
[10 17 74]
[ 3 17 85]
[10 17 74]
[10 29 59]
[10 17 59]
[10 15 74]
[10 17 75]
[10 14 63]
[10 17 74]
[ 9 17 75]
[ 9 17 74]
[ 8 17 74]
[10 16 85]
[ 5 17 83]
[10 17 74]
[ 8 17 75]
[10 17 74]
[10 17 80]
[10 17 75]
[ 2 13 65]
[10 15 23]
[ 8 17  3]
[ 8 17 75]
[10 17 87]
[10 15 65]
[ 6 17 59]
[10 17 74]
[ 1 17 65]
[10 17 87]
[10 17 74]
[10 17 75]
[10 15 74]
[10 17 75]
[10 17 74]
[ 8 20 65]
[10  8 74]
[ 4 17 74]
[10 17 74]
[10 20 74]
[10 16 63]
[10  9 75]
[10 20 75]
[10 17 65]
[10 17 74]
[10 17 74]
36[29.34, 30.5, 30.5, 31.02, 31.02, 31.02, 31.02, 31.02, 31.02, 31.02, 31.02, 31.02, 31.07, 31.07, 31.07, 31.07, 31.07, 31.07, 31.07, 31.07, 31.07, 31.07, 31.07, 31.07, 31.07, 31.07, 31.07, 31.07, 31.07, 31.07, 31.07, 31.07, 31.07, 31.07, 31.07, 31.07]
[10 17 74]
[10 17 74]
[10 17 74]
[10 16 63]
[10 17 69]
[ 5 15 74]
[10 21 87]
[10 20 74]
[10 17 74]
[10 17 63]
[10 16 74]
[10 15 65]
[10 17 74]
[10 17 65]
[10 20 75]
[10 14 20]
[10 17 74]
[10 17 65]
[ 3 13 74]
[10 17 74]
[10 14 65]
[10  8 74]
[ 8  9 74]
[ 8 17 74]
[ 4 17 24]
[10 17 74]
[10 17 59]
[10 17 74]
[10 17 63]
[10 17 75]
[10 17 54]
[10 17 65]
[10 17 74]
[10 17 75]
[10 17 74]
[10 17 37]
[ 8 17 75]
[ 6 20 74]
[ 8 17 88]
[10 17 74]
[10 17 74]
[10 17 65]
[ 9 17 74]
[ 2 17 74]
[ 9 17 62]
[10  5 65]
[10 17 74]
[10 20 74]
[ 3 17 75]
[10 17 78]
[10 17 74]
[10 17 74]
[10 24 75]
[10 17 65]
[ 8 17 75]
[10 17 74]
[ 8 16 65]
[ 8 17 75]
[10 17 74]
[10 17 74]
[10  7 75]
[10 17 74]
[10 17 74]
[10 17 75]
[10 20 75]
[10 20 74]
[10 17 74]
[10 17 74]
[ 8 17 75]
[10 17 80]
[ 8 17 65]
[10 17 74]
[10 15 74]
[10 17 75]
[10 17 74]
[ 8 17 74]
[10 17 74]
[10 17 65]
[ 8 17 88]
[10 17 59]
[10 17  4]
[10 16 73]
[ 8 17 65]
[10 17 56]
[ 1 17 87]
[10 17 75]
[10 17 74]
[10 17 74]
[10 17 65]
[10 17 75]
[ 8 20 75]
[10 17 74]
[ 6 17 73]
[10 17 65]
[ 2 17 65]
[ 8 16 65]
[10 17 74]
[10 15 65]
[10 16 74]
[ 1 17 74]
37[29.34, 30.5, 30.5, 31.02, 31.02, 31.02, 31.02, 31.02, 31.02, 31.02, 31.02, 31.02, 31.07, 31.07, 31.07, 31.07, 31.07, 31.07, 31.07, 31.07, 31.07, 31.07, 31.07, 31.07, 31.07, 31.07, 31.07, 31.07, 31.07, 31.07, 31.07, 31.07, 31.07, 31.07, 31.07, 31.07, 31.07]
[10 17 74]
[10 17 74]
[10 17 74]
[10 17 74]
[10 16 74]
[ 8 17 65]
[10 17 50]
[10 17 74]
[10 17 69]
[10 17 74]
[10 17 74]
[10 17 88]
[ 8 17 65]
[10 21 87]
[10 16 63]
[10 24 75]
[10 17 12]
[ 8 17 75]
[ 8 17 78]
[10 17 74]
[10 17 74]
[ 8 17 65]
[ 8 19 74]
[10 17 74]
[ 8 16 65]
[10 13 65]
[10 17 74]
[ 5 15 78]
[10 17 65]
[10 15 65]
[10 17 65]
[10 17 74]
[10 17 74]
[10 17 65]
[10 17 75]
[10 17 35]
[10 16 65]
[10 17 74]
[ 8 17 75]
[10  1 74]
[ 5 17 43]
[ 6 17 74]
[10  9 63]
[10 28 74]
[ 8 17 88]
[10 29 74]
[10 17 74]
[ 8 17 74]
[10 17 75]
[10 17 74]
[10 17 74]
[ 8 28 74]
[10 17 65]
[10 17 74]
[10 17 21]
[ 6 13 80]
[10 17 74]
[ 8 17 74]
[ 8 17 74]
[10 17 34]
[10 17 53]
[10 17 75]
[10 20 75]
[10 17 75]
[10 16 74]
[10 15 65]
[10 17 74]
[10 17 74]
[ 8 17 74]
[ 8 17 65]
[10 17 65]
[10 17 74]
[10 16 74]
[10 13 74]
[ 8 17 88]
[10 17 75]
[10 17 74]
[ 4 23 69]
[ 8 17 74]
[ 8 17 75]
[10  1 74]
[ 1 17 20]
[ 8 17 74]
[10 16 63]
[ 3 17 74]
[ 8 20 75]
[10 17 75]
[10 17 75]
[ 1 14 65]
[ 8 16 65]
[10 17 74]
[10 17 75]
[ 8 17 75]
[10 17 63]
[10 15 74]
[10 17 74]
[ 4 17 33]
[10 17 74]
[10 17 56]
[10 17 65]
38[29.34, 30.5, 30.5, 31.02, 31.02, 31.02, 31.02, 31.02, 31.02, 31.02, 31.02, 31.02, 31.07, 31.07, 31.07, 31.07, 31.07, 31.07, 31.07, 31.07, 31.07, 31.07, 31.07, 31.07, 31.07, 31.07, 31.07, 31.07, 31.07, 31.07, 31.07, 31.07, 31.07, 31.07, 31.07, 31.07, 31.07, 31.07]
[10 17 74]
[10 17 74]
[10 17 74]
[10 17 74]
[ 8 17 74]
[10 17 75]
[10 17 75]
[ 8 19 74]
[10 17 74]
[ 8 24 74]
[10 15 65]
[10 15 75]
[10 17 74]
[ 7 17 74]
[ 8 17 65]
[10  4 74]
[10 17 74]
[ 8 17 74]
[ 8  5 65]
[10 17 75]
[10 17 88]
[ 8 16 75]
[ 8 17 65]
[10 16 65]
[10 17 74]
[ 8 17  1]
[ 8 19 74]
[10 17 74]
[10 28 74]
[10 16 65]
[10 13 33]
[10 17 75]
[10 17 75]
[10 13 43]
[10 17 74]
[10 17 74]
[10 12 74]
[10 17 69]
[ 4 17 75]
[10 17 74]
[10 17 74]
[10 17 62]
[ 6 28 76]
[ 8 17 75]
[ 4 17 74]
[10 17 69]
[10 17 75]
[ 8 17 75]
[10 17 65]
[10 17 74]
[10 17 63]
[10 17 69]
[10 17 65]
[10 28 74]
[ 8 17 14]
[10 17 75]
[10 17 74]
[ 8 17  9]
[10 28 75]
[10 17 74]
[10 17 75]
[ 5 17 69]
[10 25 74]
[10 17 74]
[10 17 63]
[10  9 63]
[10 17 74]
[10 15 65]
[10 28 65]
[ 8 15 65]
[10 17 74]
[10 17 74]
[ 8 17 75]
[10 15 74]
[10 28 74]
[10 17 74]
[ 8 17 75]
[ 8 19 74]
[10 17 63]
[10 17 74]
[ 9 17 40]
[10 17 74]
[10 17 75]
[10 17 74]
[10 17 74]
[ 9 13 74]
[ 8 17 74]
[ 1 17 74]
[10 17 63]
[ 8 17 10]
[10 17 74]
[ 8 17 74]
[ 3 17 69]
[ 8 17 74]
[10 17 69]
[10 17 78]
[ 3 17 75]
[ 8 17 65]
[10 17 75]
[ 4 17 74]
39[29.34, 30.5, 30.5, 31.02, 31.02, 31.02, 31.02, 31.02, 31.02, 31.02, 31.02, 31.02, 31.07, 31.07, 31.07, 31.07, 31.07, 31.07, 31.07, 31.07, 31.07, 31.07, 31.07, 31.07, 31.07, 31.07, 31.07, 31.07, 31.07, 31.07, 31.07, 31.07, 31.07, 31.07, 31.07, 31.07, 31.07, 31.07, 31.07]
[10 17 74]
[10 17 74]
[10 17 74]
[10 17 74]
[10 17 74]
[10 17 74]
[10 17 74]
[10 17 74]
[10 28 74]
[10 19 74]
[10 17 69]
[ 3 17 74]
[ 9 17 74]
[10 17 65]
[ 8 17 74]
[10 15 74]
[ 8 17 65]
[ 8 17 74]
[10 28 74]
[10 17 74]
[ 1 17 74]
[10 18 74]
[10 17 74]
[10 17 74]
[ 8 19 74]
[10 17 14]
[10 12 74]
[10 10 69]
[10 17 74]
[10 17 78]
[10 15 65]
[10 17 74]
[10 17 74]
[10 17 74]
[ 8 17 74]
[10 15 75]
[10 17 74]
[10 17 27]
[10 17 78]
[10 17 75]
[10  6 74]
[10  6 74]
[10 15 65]
[ 6 17 74]
[10 17 74]
[10 16 82]
[10 17 74]
[ 8 12 65]
[10 17 74]
[10  4 69]
[10 17 74]
[10 17 74]
[10 13 43]
[10 17 74]
[10 17 74]
[ 6 17 74]
[10 17 74]
[ 8 17 88]
[10 18 62]
[10 15 65]
[10 17  5]
[ 8 19 74]
[ 8 17 69]
[10 17 65]
[10 17 75]
[10 17 39]
[10 17 74]
[10 17 75]
[ 8 17 74]
[10 17 74]
[10 17 74]
[10 17 62]
[ 6 17 63]
[10 17 75]
[10 17 63]
[10 17 74]
[10 17 18]
[ 8 15 69]
[10 17 74]
[10 17 65]
[10 17 74]
[ 8 17 50]
[ 8 17 65]
[10 17 75]
[10 17 74]
[10 15 65]
[ 8 17 74]
[10 15 74]
[10 17 69]
[10 17 74]
[10 17 74]
[10 17 74]
[10 17 74]
[10 17 69]
[ 8 17 63]
[10 17 74]
[10 17 75]
[10 17 74]
[10 17 74]
[10 17 75]
40[29.34, 30.5, 30.5, 31.02, 31.02, 31.02, 31.02, 31.02, 31.02, 31.02, 31.02, 31.02, 31.07, 31.07, 31.07, 31.07, 31.07, 31.07, 31.07, 31.07, 31.07, 31.07, 31.07, 31.07, 31.07, 31.07, 31.07, 31.07, 31.07, 31.07, 31.07, 31.07, 31.07, 31.07, 31.07, 31.07, 31.07, 31.07, 31.07, 31.07]
[10 17 74]
[10 17 74]
[10 17 74]
[10 15 65]
[10 17 74]
[10 26 65]
[10 17 74]
[10 17 74]
[10 17 74]
[10 17 74]
[10 17 10]
[ 8 12 65]
[10 17 74]
[10 17 74]
[ 1 17 74]
[10 17 74]
[ 8 12 65]
[10 17 74]
[10 18 74]
[10 17 74]
[10 17 74]
[10 14 74]
[ 3 17 74]
[10 17 75]
[10  4  4]
[10 17 63]
[ 8 17 74]
[10 15 74]
[10 17 65]
[10 17 88]
[10 12 74]
[10 17 69]
[10 17 74]
[10 17 74]
[10 17 74]
[ 8 17 74]
[10 17 74]
[ 2 15 75]
[10 17 74]
[10 17 74]
[10 17 74]
[10 17 78]
[ 8 17 63]
[10 28 74]
[10 17 74]
[ 8 17 88]
[10 12 74]
[ 8 17  1]
[10 17 74]
[10 17 74]
[ 9 17 74]
[10 17 74]
[10 19 74]
[10 17 65]
[10 17 58]
[ 8 17 74]
[10 17 63]
[10 17 74]
[ 8 17 74]
[ 5 12 74]
[10 17 74]
[ 7 17 74]
[10 15 75]
[10 17 13]
[ 8 17 74]
[10 17 74]
[10 17 74]
[10 17 66]
[10 28 43]
[10 17 74]
[10 17 63]
[ 8 17 77]
[ 4 20 74]
[ 1 17 74]
[10 17 74]
[10 15 65]
[10 17 61]
[10 17 74]
[10 12 74]
[10 17 74]
[10 17 74]
[ 8 17 65]
[10 17 74]
[ 8 17 63]
[ 8 17 69]
[10 17 65]
[ 8 17 74]
[10 15 74]
[10 17 75]
[10 17 74]
[10 17 74]
[10 17 74]
[10 17 74]
[10 15 75]
[ 8 17 65]
[10 18 62]
[10 18 62]
[ 8 17 74]
[10 17 74]
[10  2 74]
41[29.34, 30.5, 30.5, 31.02, 31.02, 31.02, 31.02, 31.02, 31.02, 31.02, 31.02, 31.02, 31.07, 31.07, 31.07, 31.07, 31.07, 31.07, 31.07, 31.07, 31.07, 31.07, 31.07, 31.07, 31.07, 31.07, 31.07, 31.07, 31.07, 31.07, 31.07, 31.07, 31.07, 31.07, 31.07, 31.07, 31.07, 31.07, 31.07, 31.07, 31.07]
[10 17 74]
[10 17 74]
[10 17 74]
[10 17 74]
[10 17 74]
[10 17 74]
[10  8 74]
[ 8 17 74]
[10 20 74]
[10 17 74]
[ 2 17 74]
[10 26 75]
[10 17 74]
[10 17 74]
[10 17 74]
[10 17 74]
[10 15 74]
[10 17 74]
[10 17 68]
[10 20 74]
[10 17 74]
[10 12 74]
[10 17 46]
[10 17 74]
[ 8 17 69]
[10 17 74]
[10 17 74]
[10  8 74]
[ 8 12 65]
[ 6 17 77]
[10 17 74]
[10 15 75]
[10 17 58]
[ 8 12 15]
[ 3 17 74]
[ 8 17 74]
[10 17 75]
[10 15 74]
[10 17 74]
[ 8 17 74]
[10 17 65]
[10 17 65]
[10 17 74]
[10 17 74]
[10 17 74]
[10 17  3]
[ 8 17 32]
[10 18 62]
[10 17 74]
[10 17 78]
[10 17 65]
[10 17 74]
[10 17 74]
[10 18 62]
[10 17 74]
[10 17 74]
[10 17 74]
[ 3 17 65]
[10 17 74]
[10 17 74]
[ 7 17 74]
[10 17 62]
[10 17 74]
[10 17 74]
[10 17 74]
[10  5 65]
[10 17 74]
[10 17 74]
[10 17 74]
[10 17 69]
[ 8 14 74]
[10 27 74]
[ 8 17 74]
[10 17 74]
[10 17 74]
[10 17 74]
[10 17 74]
[10 17 74]
[10 12 74]
[10 17 74]
[ 9 17 59]
[10 17 74]
[10 17 74]
[10 17 74]
[10 17 66]
[10 17 74]
[ 8 12 65]
[ 8 17 65]
[10 17 74]
[10 17 74]
[10 17 74]
[10 17 65]
[ 6 17 74]
[10 17 79]
[10 17 74]
[10 17 74]
[ 3 15 74]
[ 8 17 74]
[10 17 13]
[ 8  6 74]
42[29.34, 30.5, 30.5, 31.02, 31.02, 31.02, 31.02, 31.02, 31.02, 31.02, 31.02, 31.02, 31.07, 31.07, 31.07, 31.07, 31.07, 31.07, 31.07, 31.07, 31.07, 31.07, 31.07, 31.07, 31.07, 31.07, 31.07, 31.07, 31.07, 31.07, 31.07, 31.07, 31.07, 31.07, 31.07, 31.07, 31.07, 31.07, 31.07, 31.07, 31.07, 31.07]
