
TracePro Release: 3 2 0 
Polar Candela Distribution Data for 
Data covers +/- 180.000 degrees from Normal
Data for Missed Rays
Data generated at 10:06:21 June 30, 2025

	   0.0	 180.0
0.000	      0.195527	      0.195527	
0.500	      0.195102	      0.195931	
1.000	      0.195102	      0.195931	
1.500	      0.194652	      0.196314	
2.000	      0.194178	      0.196678	
2.500	      0.193676	      0.197024	
3.000	      0.193676	      0.197024	
3.500	      0.193145	      0.197353	
4.000	      0.192583	      0.197667	
4.500	      0.192583	      0.197667	
5.000	      0.191985	      0.197966	
5.500	      0.191351	      0.198252	
6.000	      0.190677	      0.198524	
6.500	      0.190677	      0.198524	
7.000	      0.189958	      0.198784	
7.500	      0.189192	      0.199033	
8.000	      0.189192	      0.199033	
8.500	      0.188375	      0.199271	
9.000	        0.1875	      0.199499	
9.500	      0.186563	      0.199717	
10.000	      0.186563	      0.199717	
10.500	      0.185558	      0.199926	
11.000	      0.184478	      0.200126	
11.500	      0.184478	      0.200126	
12.000	      0.183315	      0.200319	
12.500	      0.182062	      0.200503	
13.000	      0.182062	      0.200503	
13.500	      0.180707	      0.200681	
14.000	       0.17924	      0.200851	
14.500	      0.177648	      0.201015	
15.000	      0.177648	      0.201015	
15.500	      0.175916	      0.201172	
16.000	      0.174028	      0.201324	
16.500	      0.174028	      0.201324	
17.000	      0.171964	       0.20147	
17.500	      0.169702	      0.201611	
18.000	      0.167216	      0.201747	
18.500	      0.167216	      0.201747	
19.000	      0.164474	      0.201877	
19.500	       0.16144	      0.202003	
20.000	       0.16144	      0.202003	
20.500	      0.158072	      0.202125	
21.000	      0.154318	      0.202243	
21.500	      0.150117	      0.202356	
22.000	      0.150117	      0.202356	
22.500	      0.145396	      0.202466	
23.000	      0.140063	      0.202572	
23.500	      0.140063	      0.202572	
24.000	      0.134009	      0.202674	
24.500	      0.127098	      0.202773	
25.000	      0.119158	      0.202869	
25.500	      0.119158	      0.202869	
26.000	      0.109976	      0.202962	
26.500	     0.0992758	      0.203052	
27.000	     0.0992758	      0.203052	
27.500	     0.0867036	      0.203139	
28.000	     0.0717939	      0.203223	
28.500	     0.0539268	      0.203304	
29.000	     0.0539268	      0.203304	
29.500	     0.0322614	      0.203384	
30.000	    0.00563381	       0.20346	
30.500	    0.00563381	       0.20346	
31.000	     0.0276052	      0.203535	
31.500	     0.0698564	      0.203607	
32.000	      0.124727	      0.203677	
32.500	      0.124727	      0.203677	
33.000	      0.197846	      0.203745	
33.500	       0.29841	      0.203811	
34.000	       0.29841	      0.203811	
34.500	       0.44232	      0.203875	
35.000	      0.659146	      0.203938	
35.500	      0.659146	      0.203938	
36.000	       1.00944	      0.203998	
36.500	       1.63514	      0.204057	
37.000	       2.94457	      0.204115	
37.500	       2.94457	      0.204115	
38.000	       6.62011	       0.20417	
38.500	       31.6905	      0.204224	
39.000	       31.6905	      0.204224	
39.500	       303.076	      0.204277	
40.000	        51.661	      0.204328	
40.500	       216.796	      0.204378	
41.000	       216.796	      0.204378	
41.500	       24.0871	      0.204427	
42.000	       5.40128	      0.204474	
42.500	       5.40128	      0.204474	
43.000	       2.49826	       0.20452	
43.500	       1.41992	      0.204565	
44.000	      0.888691	      0.204609	
44.500	      0.888691	      0.204609	
45.000	      0.584434	      0.204651	
45.500	      0.392784	      0.204693	
46.000	      0.392784	      0.204693	
46.500	      0.263814	      0.204733	
47.000	      0.172676	      0.204773	
47.500	      0.105789	      0.204811	
48.000	      0.105789	      0.204811	
48.500	     0.0551938	      0.204849	
49.000	     0.0159604	      0.204885	
49.500	     0.0159604	      0.204885	
50.000	     0.0151049	      0.204921	
50.500	     0.0401488	      0.204956	
51.000	     0.0606624	       0.20499	
51.500	     0.0606624	       0.20499	
52.000	     0.0777137	      0.205023	
52.500	     0.0920929	      0.205055	
53.000	     0.0920929	      0.205055	
53.500	      0.104412	      0.205087	
54.000	      0.115185	      0.205118	
54.500	      0.124922	      0.205148	
55.000	      0.124922	      0.205148	
55.500	      0.134317	      0.205177	
56.000	      0.144888	      0.205206	
56.500	      0.144888	      0.205206	
57.000	      0.162447	      0.205234	
57.500	      0.253721	      0.205262	
58.000	      0.253721	      0.205262	
58.500	      0.938685	      0.205288	
59.000	      0.262322	      0.205315	
59.500	      0.179805	       0.20534	
60.000	      0.179805	       0.20534	
60.500	      0.171317	      0.205365	
61.000	      0.170309	       0.20539	
61.500	      0.170309	       0.20539	
62.000	      0.171168	      0.205414	
62.500	      0.172611	      0.205437	
63.000	      0.174225	       0.20546	
63.500	      0.174225	       0.20546	
64.000	      0.175854	      0.205482	
64.500	      0.177433	      0.205504	
65.000	      0.177433	      0.205504	
65.500	      0.178934	      0.205526	
66.000	      0.180349	      0.205547	
66.500	      0.181676	      0.205567	
67.000	      0.181676	      0.205567	
67.500	      0.182918	      0.205587	
68.000	      0.184078	      0.205607	
68.500	      0.184078	      0.205607	
69.000	      0.185162	      0.205626	
69.500	      0.186176	      0.205645	
70.000	      0.187124	      0.205663	
70.500	      0.187124	      0.205663	
71.000	      0.188011	      0.205681	
71.500	      0.188843	      0.205698	
72.000	      0.188843	      0.205698	
72.500	      0.189623	      0.205716	
73.000	      0.190356	      0.205733	
73.500	      0.191044	      0.205749	
74.000	      0.191044	      0.205749	
74.500	      0.191692	      0.205765	
75.000	      0.192303	      0.205781	
75.500	      0.192303	      0.205781	
76.000	      0.192878	      0.205796	
76.500	      0.193421	      0.205812	
77.000	      0.193935	      0.205826	
77.500	      0.193935	      0.205826	
78.000	       0.19442	      0.205841	
78.500	       0.19488	      0.205855	
79.000	       0.19488	      0.205855	
79.500	      0.195315	      0.205869	
80.000	      0.195728	      0.205883	
80.500	      0.195728	      0.205883	
81.000	      0.196121	      0.205896	
81.500	      0.196493	      0.205909	
82.000	      0.196847	      0.205922	
82.500	      0.196847	      0.205922	
83.000	      0.197184	      0.205934	
83.500	      0.197506	      0.205946	
84.000	      0.197506	      0.205946	
84.500	      0.197812	      0.205958	
85.000	      0.198103	       0.20597	
85.500	      0.198382	      0.205982	
86.000	      0.198382	      0.205982	
86.500	      0.198648	      0.205993	
87.000	      0.198902	      0.206004	
87.500	      0.198902	      0.206004	
88.000	      0.199146	      0.206015	
88.500	      0.199378	      0.206025	
89.000	      0.199601	      0.206035	
89.500	      0.199601	      0.206035	
90.000	      0.199815	      0.206046	
90.500	       0.20002	      0.206055	
91.000	       0.20002	      0.206055	
91.500	      0.200216	      0.206065	
92.000	      0.200405	      0.206074	
92.500	      0.200586	      0.206084	
93.000	      0.200586	      0.206084	
93.500	      0.200759	      0.206093	
94.000	      0.200927	      0.206102	
94.500	      0.200927	      0.206102	
95.000	      0.201088	       0.20611	
95.500	      0.201242	      0.206119	
96.000	      0.201391	      0.206127	
96.500	      0.201391	      0.206127	
97.000	      0.201535	      0.206135	
97.500	      0.201673	      0.206143	
98.000	      0.201673	      0.206143	
98.500	      0.201806	      0.206151	
99.000	      0.201935	      0.206158	
99.500	      0.202059	      0.206166	
100.000	      0.202059	      0.206166	
100.500	      0.202179	      0.206173	
101.000	      0.202294	       0.20618	
101.500	      0.202294	       0.20618	
102.000	      0.202406	      0.206187	
102.500	      0.202514	      0.206193	
103.000	      0.202514	      0.206193	
103.500	      0.202618	        0.2062	
104.000	      0.202719	      0.206206	
104.500	      0.202816	      0.206213	
105.000	      0.202816	      0.206213	
105.500	      0.202911	      0.206219	
106.000	      0.203002	      0.206225	
106.500	      0.203002	      0.206225	
107.000	      0.203091	       0.20623	
107.500	      0.203176	      0.206236	
108.000	       0.20326	      0.206241	
108.500	       0.20326	      0.206241	
109.000	       0.20334	      0.206247	
109.500	      0.203418	      0.206252	
110.000	      0.203418	      0.206252	
110.500	      0.203494	      0.206257	
111.000	      0.203567	      0.206262	
111.500	      0.203638	      0.206267	
112.000	      0.203638	      0.206267	
112.500	      0.203708	      0.206271	
113.000	      0.203775	      0.206276	
113.500	      0.203775	      0.206276	
114.000	       0.20384	       0.20628	
114.500	      0.203903	      0.206284	
115.000	      0.203965	      0.206288	
115.500	      0.203965	      0.206288	
116.000	      0.204025	      0.206292	
116.500	      0.204083	      0.206296	
117.000	      0.204083	      0.206296	
117.500	      0.204139	        0.2063	
118.000	      0.204194	      0.206304	
118.500	      0.204248	      0.206307	
119.000	      0.204248	      0.206307	
119.500	        0.2043	       0.20631	
120.000	       0.20435	      0.206314	
120.500	       0.20435	      0.206314	
121.000	        0.2044	      0.206317	
121.500	      0.204448	       0.20632	
122.000	      0.204494	      0.206322	
122.500	      0.204494	      0.206322	
123.000	       0.20454	      0.206325	
123.500	      0.204584	      0.206328	
124.000	      0.204584	      0.206328	
124.500	      0.204627	       0.20633	
125.000	       0.20467	      0.206333	
125.500	       0.20467	      0.206333	
126.000	      0.204711	      0.206335	
126.500	      0.204751	      0.206337	
127.000	       0.20479	      0.206339	
127.500	       0.20479	      0.206339	
128.000	      0.204828	      0.206341	
128.500	      0.204865	      0.206343	
129.000	      0.204865	      0.206343	
129.500	      0.204901	      0.206345	
130.000	      0.204936	      0.206346	
130.500	      0.204971	      0.206348	
131.000	      0.204971	      0.206348	
131.500	      0.205004	      0.206349	
132.000	      0.205037	       0.20635	
132.500	      0.205037	       0.20635	
133.000	      0.205069	      0.206352	
133.500	        0.2051	      0.206353	
134.000	      0.205131	      0.206354	
134.500	      0.205131	      0.206354	
135.000	      0.205161	      0.206354	
135.500	       0.20519	      0.206355	
136.000	       0.20519	      0.206355	
136.500	      0.205218	      0.206356	
137.000	      0.205246	      0.206356	
137.500	      0.205273	      0.206357	
138.000	      0.205273	      0.206357	
138.500	        0.2053	      0.206357	
139.000	      0.205326	      0.206357	
139.500	      0.205326	      0.206357	
140.000	      0.205351	      0.206357	
140.500	      0.205376	      0.206357	
141.000	        0.2054	      0.206357	
141.500	        0.2054	      0.206357	
142.000	      0.205424	      0.206357	
142.500	      0.205447	      0.206356	
143.000	      0.205447	      0.206356	
143.500	       0.20547	      0.206356	
144.000	      0.205492	      0.206355	
144.500	      0.205514	      0.206355	
145.000	      0.205514	      0.206355	
145.500	      0.205535	      0.206354	
146.000	      0.205555	      0.206353	
146.500	      0.205555	      0.206353	
147.000	      0.205576	      0.206352	
147.500	      0.205596	      0.206351	
148.000	      0.205596	      0.206351	
148.500	      0.205615	       0.20635	
149.000	      0.205634	      0.206348	
149.500	      0.205653	      0.206347	
150.000	      0.205653	      0.206347	
150.500	      0.205671	      0.206345	
151.000	      0.205689	      0.206344	
151.500	      0.205689	      0.206344	
152.000	      0.205706	      0.206342	
152.500	      0.205723	       0.20634	
153.000	       0.20574	      0.206338	
153.500	       0.20574	      0.206338	
154.000	      0.205756	      0.206336	
154.500	      0.205772	      0.206334	
155.000	      0.205772	      0.206334	
155.500	      0.205788	      0.206331	
156.000	      0.205803	      0.206329	
156.500	      0.205818	      0.206326	
157.000	      0.205818	      0.206326	
157.500	      0.205833	      0.206324	
158.000	      0.205847	      0.206321	
158.500	      0.205847	      0.206321	
159.000	      0.205861	      0.206318	
159.500	      0.205875	      0.206315	
160.000	      0.205888	      0.206312	
160.500	      0.205888	      0.206312	
161.000	      0.205902	      0.206308	
161.500	      0.205915	      0.206305	
162.000	      0.205915	      0.206305	
162.500	      0.205927	      0.206301	
163.000	       0.20594	      0.206298	
163.500	      0.205952	      0.206294	
164.000	      0.205952	      0.206294	
164.500	      0.205964	       0.20629	
165.000	      0.205975	      0.206286	
165.500	      0.205975	      0.206286	
166.000	      0.205987	      0.206282	
166.500	      0.205998	      0.206278	
167.000	      0.206009	      0.206273	
167.500	      0.206009	      0.206273	
168.000	      0.206019	      0.206269	
168.500	       0.20603	      0.206264	
169.000	       0.20603	      0.206264	
169.500	       0.20604	      0.206259	
170.000	       0.20605	      0.206254	
170.500	       0.20605	      0.206254	
171.000	       0.20606	      0.206249	
171.500	      0.206069	      0.206244	
172.000	      0.206079	      0.206238	
172.500	      0.206079	      0.206238	
173.000	      0.206088	      0.206233	
173.500	      0.206097	      0.206227	
174.000	      0.206097	      0.206227	
174.500	      0.206105	      0.206221	
175.000	      0.206114	      0.206215	
175.500	      0.206122	      0.206209	
176.000	      0.206122	      0.206209	
176.500	      0.206131	      0.206203	
177.000	      0.206139	      0.206196	
177.500	      0.206139	      0.206196	
178.000	      0.206146	       0.20619	
178.500	      0.206154	      0.206183	
179.000	      0.206161	      0.206176	
179.500	      0.206161	      0.206176	
180.000	      0.206169	      0.206169	
