
TracePro Release: 3 2 0 
Polar Candela Distribution Data for 
Data covers +/- 180.000 degrees from Normal
Data for Missed Rays
Data generated at 09:18:30 June 20, 2025

	   0.0	 180.0
0.000	  9.99366e-005	  9.99366e-005	
3.000	      0.113017	    0.00017496	
6.000	       1.11482	   0.000174963	
9.000	     0.0288709	   0.000174965	
12.000	   0.000180519	   0.000174968	
15.000	   0.000174873	   0.000174969	
18.000	   0.000174818	   0.000174972	
21.000	   0.000174749	   0.000174973	
24.000	   0.000174642	   0.000174974	
27.000	   0.000116306	   0.000174976	
30.000	       5.86121	   0.000174977	
33.000	       67.2234	   0.000174978	
36.000	       5.86121	   0.000174979	
39.000	    0.00405899	   0.000174979	
42.000	    0.00017464	    0.00017498	
45.000	   0.000174746	   0.000174981	
48.000	   0.000174814	   0.000174982	
51.000	   0.000174866	   0.000174983	
54.000	   0.000174894	   0.000174984	
57.000	   0.000174913	   0.000174985	
60.000	   0.000174927	   0.000174986	
63.000	   0.000174939	   0.000174989	
66.000	   0.000174947	   0.000174642	
69.000	   0.000174953	    0.00589337	
72.000	   0.000174957	      0.798115	
75.000	   0.000174962	      0.372612	
78.000	   0.000174965	    0.00101097	
81.000	   0.000174967	   0.000175007	
84.000	    0.00017497	    0.00017499	
87.000	   0.000174972	   0.000174988	
90.000	   0.000174973	   0.000174987	
93.000	   0.000174974	   0.000174986	
96.000	   0.000174976	   0.000174986	
99.000	   0.000174977	   0.000174986	
102.000	   0.000174978	   0.000174985	
105.000	   0.000174978	   0.000174985	
108.000	   0.000174979	   0.000174985	
111.000	    0.00017498	   0.000174985	
114.000	    0.00017498	   0.000174985	
117.000	   0.000174981	   0.000174985	
120.000	   0.000174981	   0.000174985	
123.000	   0.000174981	   0.000174985	
126.000	   0.000174982	   0.000174985	
129.000	   0.000174982	   0.000174985	
132.000	   0.000174982	   0.000174985	
135.000	   0.000174983	   0.000174985	
138.000	   0.000174983	   0.000174985	
141.000	   0.000174983	   0.000174985	
144.000	   0.000174983	   0.000174985	
147.000	   0.000174983	   0.000174985	
150.000	   0.000174984	   0.000174985	
153.000	   0.000174984	   0.000174985	
156.000	   0.000174984	   0.000174985	
159.000	   0.000174984	   0.000174985	
162.000	   0.000174984	   0.000174985	
165.000	   0.000174984	   0.000174985	
168.000	   0.000174984	   0.000174985	
171.000	   0.000174984	   0.000174985	
174.000	   0.000174985	   0.000174985	
177.000	   0.000174985	   0.000174985	
180.000	   0.000174985	   0.000174985	
