
TracePro Release: 3 2 0 
Polar Candela Distribution Data for 
Data covers +/- 180.000 degrees from Normal
Data for Missed Rays
Data generated at 09:18:30 June 20, 2025

	   0.0	 180.0
0.000	   0.000159687	   0.000159687	
3.000	   0.000159631	    0.00138566	
6.000	   0.000159567	       1.17055	
9.000	   0.000159412	       1.17055	
12.000	    0.00114156	    0.00873963	
15.000	      0.206729	   0.000159222	
18.000	       34.2979	   0.000165468	
21.000	       34.2183	     0.0294296	
24.000	      0.260274	        1.1371	
27.000	   0.000174351	       0.33587	
30.000	   0.000159482	  8.32256e-005	
33.000	   0.000159561	   0.000159744	
36.000	   0.000159611	   0.000159743	
39.000	   0.000159645	   0.000159742	
42.000	   0.000159673	   0.000159742	
45.000	   0.000159688	   0.000182193	
48.000	   0.000159699	     0.0340347	
51.000	   0.000159709	      0.333421	
54.000	   0.000159715	    0.00842811	
57.000	    0.00015972	   0.000158067	
60.000	   0.000159724	   0.000159752	
63.000	   0.000159728	    0.00131926	
66.000	   0.000159731	      0.516731	
69.000	   0.000159733	       1.74961	
72.000	   0.000159735	     0.0451984	
75.000	   0.000159736	   0.000159266	
78.000	   0.000159738	   0.000154057	
81.000	   0.000159739	      0.028904	
84.000	    0.00015974	       1.12877	
87.000	   0.000159741	      0.114802	
90.000	   0.000159742	   0.000235721	
93.000	   0.000159742	   0.000159742	
96.000	   0.000159743	   0.000159744	
99.000	   0.000159743	   0.000159745	
102.000	   0.000159744	   0.000159746	
105.000	   0.000159744	   0.000159746	
108.000	   0.000159745	   0.000159747	
111.000	   0.000159745	   0.000159747	
114.000	   0.000159745	   0.000159747	
117.000	   0.000159745	   0.000159747	
120.000	   0.000159746	   0.000159747	
123.000	   0.000159746	   0.000159747	
126.000	   0.000159746	   0.000159748	
129.000	   0.000159746	   0.000159748	
132.000	   0.000159747	   0.000159748	
135.000	   0.000159747	   0.000159748	
138.000	   0.000159747	   0.000159748	
141.000	   0.000159747	   0.000159748	
144.000	   0.000159747	   0.000159748	
147.000	   0.000159747	   0.000159748	
150.000	   0.000159747	   0.000159748	
153.000	   0.000159747	   0.000159748	
156.000	   0.000159747	   0.000159748	
159.000	   0.000159747	   0.000159748	
162.000	   0.000159748	   0.000159748	
165.000	   0.000159748	   0.000159748	
168.000	   0.000159748	   0.000159748	
171.000	   0.000159748	   0.000159748	
174.000	   0.000159748	   0.000159748	
177.000	   0.000159748	   0.000159748	
180.000	   0.000159748	   0.000159748	
