
TracePro Release: 3 2 0 
Polar Candela Distribution Data for 
Data covers +/- 180.000 degrees from Normal
Data for Missed Rays
Data generated at 09:35:27 June 25, 2025

	   0.0	 180.0
0.000	      0.160377	      0.160377	
0.500	      0.160402	      0.160351	
1.000	      0.160402	      0.160351	
1.500	      0.160424	      0.160325	
2.000	       0.16044	      0.160299	
2.500	      0.160444	      0.160275	
3.000	      0.160444	      0.160275	
3.500	      0.160424	      0.160252	
4.000	      0.160359	      0.160231	
4.500	      0.160359	      0.160231	
5.000	      0.160193	      0.160211	
5.500	      0.159769	      0.160194	
6.000	      0.158435	      0.160178	
6.500	      0.158435	      0.160178	
7.000	      0.148738	      0.160163	
7.500	      0.280739	      0.160151	
8.000	      0.280739	      0.160151	
8.500	      0.143857	      0.160141	
9.000	      0.210387	      0.160132	
9.500	      0.148401	      0.160126	
10.000	      0.148401	      0.160126	
10.500	       0.23277	      0.160122	
11.000	       0.15378	      0.160122	
11.500	       0.15378	      0.160122	
12.000	      0.159254	      0.160124	
12.500	      0.154231	      0.160131	
13.000	      0.154231	      0.160131	
13.500	      0.244132	      0.160142	
14.000	      0.157317	      0.160161	
14.500	      0.176606	      0.160188	
15.000	      0.176606	      0.160188	
15.500	      0.012801	      0.160228	
16.000	      0.271526	      0.160288	
16.500	      0.271526	      0.160288	
17.000	       0.05937	      0.160378	
17.500	      0.317504	      0.160519	
18.000	      0.100677	      0.160754	
18.500	      0.100677	      0.160754	
19.000	      0.169613	      0.161181	
19.500	       0.16809	      0.162131	
20.000	       0.16809	      0.162131	
20.500	      0.175027	      0.166842	
21.000	     0.0834265	     0.0957874	
21.500	      0.174818	      0.461658	
22.000	      0.174818	      0.461658	
22.500	      0.158159	       0.71531	
23.000	      0.320926	      0.476976	
23.500	      0.320926	      0.476976	
24.000	      0.096204	      0.237133	
24.500	      0.268215	      0.869632	
25.000	      0.168395	      0.224974	
25.500	      0.168395	      0.224974	
26.000	      0.177922	      0.622602	
26.500	      0.181889	     0.0204202	
27.000	      0.181889	     0.0204202	
27.500	      0.185806	      0.595501	
28.000	      0.190216	       0.27855	
28.500	      0.195035	      0.462706	
29.000	      0.195035	      0.462706	
29.500	      0.195101	      0.491384	
30.000	      0.305425	      0.523262	
30.500	      0.305425	      0.523262	
31.000	       0.21742	      0.168472	
31.500	      0.245478	      0.438136	
32.000	      0.211455	     0.0299325	
32.500	      0.211455	     0.0299325	
33.000	      0.304153	      0.338898	
33.500	      0.352801	      0.136744	
34.000	      0.352801	      0.136744	
34.500	      0.440143	      0.281959	
35.000	      0.603076	     0.0871073	
35.500	      0.603076	     0.0871073	
36.000	      0.963232	      0.498072	
36.500	       1.96249	      0.174134	
37.000	       9.93455	      0.235939	
37.500	       9.93455	      0.235939	
38.000	       98.8212	      0.114427	
38.500	       11.7563	      0.164986	
39.000	       11.7563	      0.164986	
39.500	        1.4686	        0.1612	
40.000	       2.04429	       0.16058	
40.500	      0.490201	      0.160342	
41.000	      0.490201	      0.160342	
41.500	       1.25296	      0.160224	
42.000	      0.222223	      0.160157	
42.500	      0.222223	      0.160157	
43.000	       1.25258	      0.160115	
43.500	       1.51466	      0.160088	
44.000	       1.33091	      0.160069	
44.500	       1.33091	      0.160069	
45.000	       1.66682	      0.160056	
45.500	       3.05263	      0.160047	
46.000	       3.05263	      0.160047	
46.500	       2.52254	       0.16004	
47.000	        1.3655	      0.160035	
47.500	       1.57416	      0.160031	
48.000	       1.57416	      0.160031	
48.500	       1.17241	      0.160029	
49.000	      0.164354	      0.160027	
49.500	      0.164354	      0.160027	
50.000	      0.390453	      0.160026	
50.500	       2.42633	      0.160025	
51.000	       2.20137	      0.160024	
51.500	       2.20137	      0.160024	
52.000	       1.65815	      0.160024	
52.500	       1.35827	      0.160024	
53.000	       1.35827	      0.160024	
53.500	       1.67316	      0.160024	
54.000	       2.25881	      0.160024	
54.500	       2.90978	      0.160025	
55.000	       2.90978	      0.160025	
55.500	       2.53236	      0.160025	
56.000	       1.45656	      0.160026	
56.500	       1.45656	      0.160026	
57.000	       1.55508	      0.160027	
57.500	       2.13816	      0.160027	
58.000	       2.13816	      0.160027	
58.500	       2.34035	      0.160028	
59.000	       4.68927	      0.160029	
59.500	       7.52397	       0.16003	
60.000	       7.52397	       0.16003	
60.500	       4.86438	       0.16003	
61.000	       5.06042	      0.160031	
61.500	       5.06042	      0.160031	
62.000	       6.35752	      0.160032	
62.500	       6.26594	      0.160033	
63.000	       8.07485	      0.160033	
63.500	       8.07485	      0.160033	
64.000	        6.2547	      0.160034	
64.500	        6.3361	      0.160035	
65.000	        6.3361	      0.160035	
65.500	       5.13022	      0.160036	
66.000	       5.42529	      0.160036	
66.500	       4.00546	      0.160037	
67.000	       4.00546	      0.160037	
67.500	       4.04185	      0.160038	
68.000	       6.95604	      0.160038	
68.500	       6.95604	      0.160038	
69.000	       1.43295	      0.160039	
69.500	       1.96465	      0.160039	
70.000	       3.44206	       0.16004	
70.500	       3.44206	       0.16004	
71.000	        1.2354	       0.16004	
71.500	       1.79055	      0.160041	
72.000	       1.79055	      0.160041	
72.500	       2.00152	      0.160041	
73.000	       2.88849	      0.160041	
73.500	        3.3822	      0.160042	
74.000	        3.3822	      0.160042	
74.500	        1.2673	      0.160042	
75.000	       0.87338	      0.160042	
75.500	       0.87338	      0.160042	
76.000	        2.2938	      0.160042	
76.500	       1.23259	      0.160043	
77.000	        2.5348	      0.160043	
77.500	        2.5348	      0.160043	
78.000	      0.175222	      0.160043	
78.500	       3.10753	      0.160043	
79.000	       3.10753	      0.160043	
79.500	      0.380314	      0.160042	
80.000	       5.81057	      0.160042	
80.500	       5.81057	      0.160042	
81.000	       8.68438	      0.160042	
81.500	       51.2147	      0.160042	
82.000	       516.629	      0.160042	
82.500	       516.629	      0.160042	
83.000	       50.4126	      0.160041	
83.500	       9.61336	      0.160041	
84.000	       9.61336	      0.160041	
84.500	       4.05182	       0.16004	
85.000	       2.18373	       0.16004	
85.500	       1.33202	      0.160039	
86.000	       1.33202	      0.160039	
86.500	       0.87274	      0.160039	
87.000	      0.596959	      0.160038	
87.500	      0.596959	      0.160038	
88.000	      0.418439	      0.160037	
88.500	      0.296266	      0.160036	
89.000	      0.208993	      0.160036	
89.500	      0.208993	      0.160036	
90.000	      0.144486	      0.160035	
90.500	      0.095465	      0.160034	
91.000	      0.095465	      0.160034	
91.500	     0.0573419	      0.160033	
92.000	     0.0271112	      0.160032	
92.500	    0.00273653	       0.16003	
93.000	    0.00273653	       0.16003	
93.500	     0.0172018	      0.160029	
94.000	     0.0337178	      0.160028	
94.500	     0.0337178	      0.160028	
95.000	     0.0475516	      0.160027	
95.500	     0.0592535	      0.160025	
96.000	     0.0692396	      0.160024	
96.500	     0.0692396	      0.160024	
97.000	     0.0778292	      0.160022	
97.500	     0.0852708	       0.16002	
98.000	     0.0852708	       0.16002	
98.500	     0.0917598	      0.160019	
99.000	      0.097452	      0.160017	
99.500	      0.102472	      0.160015	
100.000	      0.102472	      0.160015	
100.500	      0.106922	      0.160013	
101.000	      0.110885	      0.160011	
101.500	      0.110885	      0.160011	
102.000	      0.114429	      0.160009	
102.500	      0.117611	      0.160007	
103.000	      0.117611	      0.160007	
103.500	      0.120479	      0.160005	
104.000	      0.123072	      0.160003	
104.500	      0.125425	      0.160001	
105.000	      0.125425	      0.160001	
105.500	      0.127565	      0.159998	
106.000	      0.129519	      0.159996	
106.500	      0.129519	      0.159996	
107.000	      0.131306	      0.159993	
107.500	      0.132946	       0.15999	
108.000	      0.134454	      0.159988	
108.500	      0.134454	      0.159988	
109.000	      0.135843	      0.159985	
109.500	      0.137126	      0.159982	
110.000	      0.137126	      0.159982	
110.500	      0.138313	      0.159979	
111.000	      0.139414	      0.159976	
111.500	      0.140437	      0.159973	
112.000	      0.140437	      0.159973	
112.500	      0.141388	       0.15997	
113.000	      0.142275	      0.159967	
113.500	      0.142275	      0.159967	
114.000	      0.143102	      0.159963	
114.500	      0.143876	       0.15996	
115.000	      0.144601	      0.159956	
115.500	      0.144601	      0.159956	
116.000	       0.14528	      0.159953	
116.500	      0.145918	      0.159949	
117.000	      0.145918	      0.159949	
117.500	      0.146517	      0.159945	
118.000	      0.147081	      0.159941	
118.500	      0.147613	      0.159937	
119.000	      0.147613	      0.159937	
119.500	      0.148114	      0.159933	
120.000	      0.148587	      0.159929	
120.500	      0.148587	      0.159929	
121.000	      0.149035	      0.159925	
121.500	      0.149458	      0.159921	
122.000	       0.14986	      0.159916	
122.500	       0.14986	      0.159916	
123.000	       0.15024	      0.159911	
123.500	      0.150601	      0.159907	
124.000	      0.150601	      0.159907	
124.500	      0.150944	      0.159902	
125.000	      0.151269	      0.159897	
125.500	      0.151269	      0.159897	
126.000	      0.151579	      0.159892	
126.500	      0.151874	      0.159887	
127.000	      0.152156	      0.159882	
127.500	      0.152156	      0.159882	
128.000	      0.152424	      0.159877	
128.500	      0.152679	      0.159871	
129.000	      0.152679	      0.159871	
129.500	      0.152924	      0.159866	
130.000	      0.153157	       0.15986	
130.500	       0.15338	      0.159854	
131.000	       0.15338	      0.159854	
131.500	      0.153594	      0.159848	
132.000	      0.153798	      0.159842	
132.500	      0.153798	      0.159842	
133.000	      0.153994	      0.159836	
133.500	      0.154182	       0.15983	
134.000	      0.154362	      0.159823	
134.500	      0.154362	      0.159823	
135.000	      0.154534	      0.159817	
135.500	        0.1547	       0.15981	
136.000	        0.1547	       0.15981	
136.500	      0.154859	      0.159803	
137.000	      0.155013	      0.159796	
137.500	       0.15516	      0.159789	
138.000	       0.15516	      0.159789	
138.500	      0.155301	      0.159782	
139.000	      0.155438	      0.159775	
139.500	      0.155438	      0.159775	
140.000	      0.155569	      0.159767	
140.500	      0.155695	      0.159759	
141.000	      0.155817	      0.159751	
141.500	      0.155817	      0.159751	
142.000	      0.155934	      0.159743	
142.500	      0.156048	      0.159735	
143.000	      0.156048	      0.159735	
143.500	      0.156157	      0.159727	
144.000	      0.156263	      0.159718	
144.500	      0.156365	       0.15971	
145.000	      0.156365	       0.15971	
145.500	      0.156463	      0.159701	
146.000	      0.156558	      0.159692	
146.500	      0.156558	      0.159692	
147.000	       0.15665	      0.159683	
147.500	      0.156739	      0.159673	
148.000	      0.156739	      0.159673	
148.500	      0.156825	      0.159664	
149.000	      0.156908	      0.159654	
149.500	      0.156989	      0.159644	
150.000	      0.156989	      0.159644	
150.500	      0.157067	      0.159634	
151.000	      0.157143	      0.159623	
151.500	      0.157143	      0.159623	
152.000	      0.157216	      0.159613	
152.500	      0.157287	      0.159602	
153.000	      0.157356	      0.159591	
153.500	      0.157356	      0.159591	
154.000	      0.157423	       0.15958	
154.500	      0.157488	      0.159568	
155.000	      0.157488	      0.159568	
155.500	      0.157551	      0.159557	
156.000	      0.157612	      0.159545	
156.500	      0.157671	      0.159533	
157.000	      0.157671	      0.159533	
157.500	      0.157728	       0.15952	
158.000	      0.157784	      0.159507	
158.500	      0.157784	      0.159507	
159.000	      0.157839	      0.159494	
159.500	      0.157892	      0.159481	
160.000	      0.157943	      0.159468	
160.500	      0.157943	      0.159468	
161.000	      0.157993	      0.159454	
161.500	      0.158041	       0.15944	
162.000	      0.158041	       0.15944	
162.500	      0.158089	      0.159426	
163.000	      0.158135	      0.159411	
163.500	      0.158179	      0.159396	
164.000	      0.158179	      0.159396	
164.500	      0.158223	      0.159381	
165.000	      0.158265	      0.159365	
165.500	      0.158265	      0.159365	
166.000	      0.158307	      0.159349	
166.500	      0.158347	      0.159333	
167.000	      0.158386	      0.159316	
167.500	      0.158386	      0.159316	
168.000	      0.158424	      0.159299	
168.500	      0.158461	      0.159282	
169.000	      0.158461	      0.159282	
169.500	      0.158498	      0.159264	
170.000	      0.158533	      0.159246	
170.500	      0.158533	      0.159246	
171.000	      0.158567	      0.159228	
171.500	      0.158601	      0.159209	
172.000	      0.158634	       0.15919	
172.500	      0.158634	       0.15919	
173.000	      0.158666	       0.15917	
173.500	      0.158697	       0.15915	
174.000	      0.158697	       0.15915	
174.500	      0.158728	      0.159129	
175.000	      0.158757	      0.159108	
175.500	      0.158786	      0.159087	
176.000	      0.158786	      0.159087	
176.500	      0.158815	      0.159065	
177.000	      0.158843	      0.159042	
177.500	      0.158843	      0.159042	
178.000	       0.15887	      0.159019	
178.500	      0.158896	      0.158996	
179.000	      0.158922	      0.158972	
179.500	      0.158922	      0.158972	
180.000	      0.158947	      0.158947	
