
TracePro Release: 3 2 0 
Polar Candela Distribution Data for 
Data covers +/- 180.000 degrees from Normal
Data for Missed Rays
Data generated at 09:40:49 June 25, 2025

	   0.0	 180.0
0.000	      0.284198	      0.284198	
0.500	      0.283951	      0.284435	
1.000	      0.283951	      0.284435	
1.500	       0.28369	      0.284661	
2.000	      0.283416	      0.284877	
2.500	      0.283125	      0.285085	
3.000	      0.283125	      0.285085	
3.500	      0.282815	      0.285284	
4.000	      0.282482	      0.285476	
4.500	      0.282482	      0.285476	
5.000	      0.282121	       0.28566	
5.500	      0.281722	      0.285838	
6.000	      0.281271	      0.286009	
6.500	      0.281271	      0.286009	
7.000	      0.280742	      0.286174	
7.500	      0.280088	      0.286333	
8.000	      0.280088	      0.286333	
8.500	      0.279208	      0.286487	
9.000	      0.277857	      0.286635	
9.500	      0.275308	      0.286779	
10.000	      0.275308	      0.286779	
10.500	      0.268436	      0.286918	
11.000	      0.220434	      0.287052	
11.500	      0.220434	      0.287052	
12.000	      0.881607	      0.287182	
12.500	      0.219632	      0.287308	
13.000	      0.219632	      0.287308	
13.500	      0.266841	       0.28743	
14.000	      0.272936	      0.287548	
14.500	      0.274742	      0.287663	
15.000	      0.274742	      0.287663	
15.500	      0.275404	      0.287774	
16.000	      0.275692	      0.287882	
16.500	      0.275692	      0.287882	
17.000	      0.275924	      0.287986	
17.500	      0.276354	      0.288088	
18.000	       0.27739	      0.288187	
18.500	       0.27739	      0.288187	
19.000	       0.28008	      0.288283	
19.500	      0.288598	      0.288376	
20.000	      0.288598	      0.288376	
20.500	      0.349278	      0.288467	
21.000	      0.459591	      0.288556	
21.500	       0.41538	      0.288642	
22.000	       0.41538	      0.288642	
22.500	      0.473563	      0.288726	
23.000	      0.346835	      0.288808	
23.500	      0.346835	      0.288808	
24.000	      0.283626	      0.288889	
24.500	      0.273615	      0.288967	
25.000	      0.270072	      0.289044	
25.500	      0.270072	      0.289044	
26.000	      0.269719	       0.28912	
26.500	       0.27559	      0.289194	
27.000	       0.27559	      0.289194	
27.500	      0.335353	      0.289268	
28.000	      0.530442	       0.28934	
28.500	      0.330661	      0.289413	
29.000	      0.330661	      0.289413	
29.500	      0.266065	      0.289486	
30.000	      0.255013	      0.289559	
30.500	      0.255013	      0.289559	
31.000	      0.249442	      0.289635	
31.500	      0.245268	      0.289713	
32.000	      0.241562	      0.289797	
32.500	      0.241562	      0.289797	
33.000	      0.238094	      0.289889	
33.500	      0.235004	      0.289995	
34.000	      0.235004	      0.289995	
34.500	      0.233131	      0.290124	
35.000	      0.236526	      0.290294	
35.500	      0.236526	      0.290294	
36.000	      0.294373	      0.290545	
36.500	      0.601248	      0.290967	
37.000	      0.275469	      0.291841	
37.500	      0.275469	      0.291841	
38.000	      0.156567	      0.294362	
38.500	       1.05372	       0.31265	
39.000	       1.05372	       0.31265	
39.500	       1.53427	     0.0588223	
40.000	        2.2591	      0.312606	
40.500	       1.22047	       0.29417	
41.000	       1.22047	       0.29417	
41.500	       2.56497	      0.291002	
42.000	       5.83564	      0.283729	
42.500	       5.83564	      0.283729	
43.000	       4.37072	      0.391627	
43.500	        3.4719	      0.200598	
44.000	       2.97979	      0.296712	
44.500	       2.97979	      0.296712	
45.000	       4.07037	      0.291084	
45.500	      0.326512	      0.289984	
46.000	      0.326512	      0.289984	
46.500	       1.05798	      0.285855	
47.000	       1.56171	      0.341178	
47.500	         1.403	      0.285798	
48.000	         1.403	      0.285798	
48.500	      0.374613	      0.289788	
49.000	       1.92093	      0.290343	
49.500	       1.92093	      0.290343	
50.000	       1.44914	      0.290543	
50.500	       3.95207	      0.290646	
51.000	      0.310818	      0.290712	
51.500	      0.310818	      0.290712	
52.000	       8.59589	      0.290761	
52.500	       12.7458	      0.290801	
53.000	       12.7458	      0.290801	
53.500	       76.1927	      0.290836	
54.000	       755.641	      0.290868	
54.500	       73.6317	      0.290898	
55.000	       73.6317	      0.290898	
55.500	        13.989	      0.290926	
56.000	       5.86206	      0.290953	
56.500	       5.86206	      0.290953	
57.000	        3.1329	      0.290978	
57.500	       1.88878	      0.291003	
58.000	       1.88878	      0.291003	
58.500	       1.21795	      0.291028	
59.000	      0.815152	      0.291051	
59.500	       0.55441	      0.291074	
60.000	       0.55441	      0.291074	
60.500	      0.375963	      0.291097	
61.000	      0.248483	      0.291119	
61.500	      0.248483	      0.291119	
62.000	      0.154252	       0.29114	
62.500	     0.0826341	      0.291161	
63.000	     0.0269321	      0.291182	
63.500	     0.0269321	      0.291182	
64.000	     0.0172436	      0.291202	
64.500	     0.0528669	      0.291221	
65.000	     0.0528669	      0.291221	
65.500	     0.0820106	      0.291241	
66.000	      0.106156	      0.291259	
66.500	      0.126382	      0.291278	
67.000	      0.126382	      0.291278	
67.500	      0.143494	      0.291296	
68.000	      0.158098	      0.291314	
68.500	      0.158098	      0.291314	
69.000	      0.170661	      0.291331	
69.500	      0.181545	      0.291348	
70.000	      0.191035	      0.291364	
70.500	      0.191035	      0.291364	
71.000	      0.199359	      0.291381	
71.500	      0.206697	      0.291397	
72.000	      0.206697	      0.291397	
72.500	      0.213199	      0.291412	
73.000	      0.218983	      0.291427	
73.500	      0.224149	      0.291442	
74.000	      0.224149	      0.291442	
74.500	      0.228777	      0.291457	
75.000	      0.232935	      0.291471	
75.500	      0.232935	      0.291471	
76.000	      0.236678	      0.291485	
76.500	      0.240049	      0.291499	
77.000	      0.243082	      0.291512	
77.500	      0.243082	      0.291512	
78.000	        0.2458	      0.291525	
78.500	      0.248214	      0.291538	
79.000	      0.248214	      0.291538	
79.500	      0.250314	      0.291551	
80.000	      0.252057	      0.291563	
80.500	      0.252057	      0.291563	
81.000	      0.253332	      0.291575	
81.500	      0.253867	      0.291587	
82.000	      0.252932	      0.291598	
82.500	      0.252932	      0.291598	
83.000	      0.248152	       0.29161	
83.500	      0.228282	      0.291621	
84.000	      0.228282	      0.291621	
84.500	     0.0405651	      0.291631	
85.000	       3.24379	      0.291642	
85.500	       3.39954	      0.291652	
86.000	       3.39954	      0.291652	
86.500	       3.96713	      0.291662	
87.000	       2.15998	      0.291672	
87.500	       2.15998	      0.291672	
88.000	      0.432283	      0.291681	
88.500	      0.291437	      0.291691	
89.000	      0.278141	        0.2917	
89.500	      0.278141	        0.2917	
90.000	      0.275209	      0.291709	
90.500	        0.2746	      0.291717	
91.000	        0.2746	      0.291717	
91.500	      0.274724	      0.291726	
92.000	      0.275118	      0.291734	
92.500	      0.275618	      0.291742	
93.000	      0.275618	      0.291742	
93.500	      0.276154	       0.29175	
94.000	      0.276696	      0.291757	
94.500	      0.276696	      0.291757	
95.000	       0.27723	      0.291765	
95.500	      0.277748	      0.291772	
96.000	      0.278248	      0.291779	
96.500	      0.278248	      0.291779	
97.000	      0.278728	      0.291786	
97.500	      0.279187	      0.291792	
98.000	      0.279187	      0.291792	
98.500	      0.279626	      0.291799	
99.000	      0.280047	      0.291805	
99.500	      0.280448	      0.291811	
100.000	      0.280448	      0.291811	
100.500	      0.280832	      0.291817	
101.000	        0.2812	      0.291823	
101.500	        0.2812	      0.291823	
102.000	      0.281551	      0.291828	
102.500	      0.281888	      0.291833	
103.000	      0.281888	      0.291833	
103.500	       0.28221	      0.291839	
104.000	      0.282518	      0.291844	
104.500	      0.282814	      0.291848	
105.000	      0.282814	      0.291848	
105.500	      0.283098	      0.291853	
106.000	       0.28337	      0.291857	
106.500	       0.28337	      0.291857	
107.000	      0.283632	      0.291862	
107.500	      0.283883	      0.291866	
108.000	      0.284124	       0.29187	
108.500	      0.284124	       0.29187	
109.000	      0.284356	      0.291874	
109.500	      0.284579	      0.291877	
110.000	      0.284579	      0.291877	
110.500	      0.284794	      0.291881	
111.000	      0.285001	      0.291884	
111.500	        0.2852	      0.291887	
112.000	        0.2852	      0.291887	
112.500	      0.285392	       0.29189	
113.000	      0.285577	      0.291893	
113.500	      0.285577	      0.291893	
114.000	      0.285756	      0.291895	
114.500	      0.285928	      0.291898	
115.000	      0.286094	        0.2919	
115.500	      0.286094	        0.2919	
116.000	      0.286255	      0.291902	
116.500	       0.28641	      0.291904	
117.000	       0.28641	      0.291904	
117.500	       0.28656	      0.291906	
118.000	      0.286705	      0.291908	
118.500	      0.286845	       0.29191	
119.000	      0.286845	       0.29191	
119.500	      0.286981	      0.291911	
120.000	      0.287112	      0.291912	
120.500	      0.287112	      0.291912	
121.000	      0.287239	      0.291913	
121.500	      0.287362	      0.291914	
122.000	      0.287481	      0.291915	
122.500	      0.287481	      0.291915	
123.000	      0.287597	      0.291916	
123.500	      0.287709	      0.291916	
124.000	      0.287709	      0.291916	
124.500	      0.287818	      0.291917	
125.000	      0.287923	      0.291917	
125.500	      0.287923	      0.291917	
126.000	      0.288025	      0.291917	
126.500	      0.288124	      0.291917	
127.000	      0.288221	      0.291916	
127.500	      0.288221	      0.291916	
128.000	      0.288314	      0.291916	
128.500	      0.288405	      0.291915	
129.000	      0.288405	      0.291915	
129.500	      0.288493	      0.291915	
130.000	      0.288579	      0.291914	
130.500	      0.288662	      0.291913	
131.000	      0.288662	      0.291913	
131.500	      0.288743	      0.291912	
132.000	      0.288822	       0.29191	
132.500	      0.288822	       0.29191	
133.000	      0.288899	      0.291909	
133.500	      0.288973	      0.291907	
134.000	      0.289046	      0.291905	
134.500	      0.289046	      0.291905	
135.000	      0.289116	      0.291903	
135.500	      0.289185	      0.291901	
136.000	      0.289185	      0.291901	
136.500	      0.289252	      0.291899	
137.000	      0.289317	      0.291896	
137.500	      0.289381	      0.291894	
138.000	      0.289381	      0.291894	
138.500	      0.289442	      0.291891	
139.000	      0.289503	      0.291888	
139.500	      0.289503	      0.291888	
140.000	      0.289561	      0.291885	
140.500	      0.289619	      0.291882	
141.000	      0.289674	      0.291878	
141.500	      0.289674	      0.291878	
142.000	      0.289729	      0.291875	
142.500	      0.289782	      0.291871	
143.000	      0.289782	      0.291871	
143.500	      0.289834	      0.291867	
144.000	      0.289884	      0.291863	
144.500	      0.289933	      0.291859	
145.000	      0.289933	      0.291859	
145.500	      0.289981	      0.291855	
146.000	      0.290028	       0.29185	
146.500	      0.290028	       0.29185	
147.000	      0.290074	      0.291845	
147.500	      0.290119	       0.29184	
148.000	      0.290119	       0.29184	
148.500	      0.290163	      0.291835	
149.000	      0.290205	       0.29183	
149.500	      0.290247	      0.291825	
150.000	      0.290247	      0.291825	
150.500	      0.290288	      0.291819	
151.000	      0.290327	      0.291813	
151.500	      0.290327	      0.291813	
152.000	      0.290366	      0.291807	
152.500	      0.290404	      0.291801	
153.000	      0.290441	      0.291795	
153.500	      0.290441	      0.291795	
154.000	      0.290477	      0.291788	
154.500	      0.290513	      0.291781	
155.000	      0.290513	      0.291781	
155.500	      0.290547	      0.291774	
156.000	      0.290581	      0.291767	
156.500	      0.290614	       0.29176	
157.000	      0.290614	       0.29176	
157.500	      0.290647	      0.291752	
158.000	      0.290678	      0.291745	
158.500	      0.290678	      0.291745	
159.000	      0.290709	      0.291737	
159.500	       0.29074	      0.291729	
160.000	      0.290769	       0.29172	
160.500	      0.290769	       0.29172	
161.000	      0.290798	      0.291712	
161.500	      0.290827	      0.291703	
162.000	      0.290827	      0.291703	
162.500	      0.290854	      0.291694	
163.000	      0.290881	      0.291685	
163.500	      0.290908	      0.291675	
164.000	      0.290908	      0.291675	
164.500	      0.290934	      0.291665	
165.000	      0.290959	      0.291655	
165.500	      0.290959	      0.291655	
166.000	      0.290984	      0.291645	
166.500	      0.291009	      0.291635	
167.000	      0.291032	      0.291624	
167.500	      0.291032	      0.291624	
168.000	      0.291056	      0.291613	
168.500	      0.291079	      0.291602	
169.000	      0.291079	      0.291602	
169.500	      0.291101	      0.291591	
170.000	      0.291123	      0.291579	
170.500	      0.291123	      0.291579	
171.000	      0.291144	      0.291567	
171.500	      0.291165	      0.291555	
172.000	      0.291186	      0.291542	
172.500	      0.291186	      0.291542	
173.000	      0.291206	      0.291529	
173.500	      0.291225	      0.291516	
174.000	      0.291225	      0.291516	
174.500	      0.291245	      0.291503	
175.000	      0.291264	      0.291489	
175.500	      0.291282	      0.291475	
176.000	      0.291282	      0.291475	
176.500	        0.2913	      0.291461	
177.000	      0.291318	      0.291446	
177.500	      0.291318	      0.291446	
178.000	      0.291335	      0.291431	
178.500	      0.291352	      0.291416	
179.000	      0.291369	      0.291401	
179.500	      0.291369	      0.291401	
180.000	      0.291385	      0.291385	
