
TracePro Release: 3 2 0 
Polar Candela Distribution Data for 
Data covers +/- 180.000 degrees from Normal
Data for Missed Rays
Data generated at 09:40:47 June 25, 2025

	   0.0	 180.0
0.000	      0.193502	      0.193502	
0.500	      0.197025	      0.241822	
1.000	      0.197025	      0.241822	
1.500	      0.197597	      0.193479	
2.000	      0.197984	      0.196962	
2.500	      0.198715	      0.197447	
3.000	      0.198715	      0.197447	
3.500	      0.203084	       0.19762	
4.000	      0.147962	       0.19771	
4.500	      0.147962	       0.19771	
5.000	      0.212236	      0.197769	
5.500	      0.091417	      0.197815	
6.000	      0.205559	      0.197855	
6.500	      0.205559	      0.197855	
7.000	      0.185423	      0.197893	
7.500	      0.346335	      0.197932	
8.000	      0.346335	      0.197932	
8.500	      0.184726	      0.197973	
9.000	      0.202592	      0.198021	
9.500	      0.110668	      0.198079	
10.000	      0.110668	      0.198079	
10.500	       0.20265	      0.198157	
11.000	      0.188043	      0.198279	
11.500	      0.188043	      0.198279	
12.000	      0.287516	      0.198512	
12.500	      0.169611	      0.199145	
13.000	      0.169611	      0.199145	
13.500	       0.39466	       0.20358	
14.000	     0.0509076	      0.142471	
14.500	      0.521007	      0.203658	
15.000	      0.521007	      0.203658	
15.500	      0.067846	      0.199302	
16.000	      0.250727	      0.198751	
16.500	      0.250727	      0.198751	
17.000	      0.193225	      0.198605	
17.500	      0.203235	      0.198575	
18.000	     0.0756492	      0.198596	
18.500	     0.0756492	      0.198596	
19.000	      0.486234	      0.198646	
19.500	     0.0778877	      0.198712	
20.000	     0.0778877	      0.198712	
20.500	       0.32722	      0.198772	
21.000	      0.176798	      0.198745	
21.500	      0.416973	       0.19819	
22.000	      0.416973	       0.19819	
22.500	     0.0415465	      0.190722	
23.000	      0.362324	      0.328942	
23.500	      0.362324	      0.328942	
24.000	      0.133492	     0.0419448	
24.500	      0.232564	       1.07597	
25.000	      0.208671	       1.60959	
25.500	      0.208671	       1.60959	
26.000	      0.211996	       1.52949	
26.500	     0.0668109	      0.825064	
27.000	     0.0668109	      0.825064	
27.500	      0.586094	       1.00451	
28.000	     0.0350069	       1.01142	
28.500	      0.267025	       1.05288	
29.000	      0.267025	       1.05288	
29.500	      0.183988	      0.552839	
30.000	      0.565123	      0.871425	
30.500	      0.565123	      0.871425	
31.000	     0.0804654	      0.416381	
31.500	      0.364984	      0.884566	
32.000	      0.118097	      0.566892	
32.500	      0.118097	      0.566892	
33.000	      0.533848	      0.720619	
33.500	      0.198907	      0.273293	
34.000	      0.198907	      0.273293	
34.500	      0.710001	      0.428999	
35.000	      0.723565	     0.0233331	
35.500	      0.723565	     0.0233331	
36.000	       3.65727	       0.45315	
36.500	       35.4641	      0.426577	
37.000	        5.5591	      0.929681	
37.500	        5.5591	      0.929681	
38.000	      0.929301	       0.16984	
38.500	      0.789574	      0.263905	
39.000	      0.789574	      0.263905	
39.500	      0.672271	      0.197347	
40.000	       1.42872	      0.198901	
40.500	    0.00817551	      0.198848	
41.000	    0.00817551	      0.198848	
41.500	       1.26485	      0.198786	
42.000	      0.791057	      0.198741	
42.500	      0.791057	      0.198741	
43.000	      0.692403	      0.198709	
43.500	        1.9272	      0.198685	
44.000	       1.29918	      0.198667	
44.500	       1.29918	      0.198667	
45.000	     0.0725927	      0.198653	
45.500	       2.93823	      0.198642	
46.000	       2.93823	      0.198642	
46.500	       2.15178	      0.198634	
47.000	       2.06775	      0.198628	
47.500	      0.744187	      0.198624	
48.000	      0.744187	      0.198624	
48.500	      0.399703	       0.19862	
49.000	        1.6556	      0.198618	
49.500	        1.6556	      0.198618	
50.000	       1.48454	      0.198617	
50.500	       1.08659	      0.198616	
51.000	       1.98181	      0.198616	
51.500	       1.98181	      0.198616	
52.000	      0.937613	      0.198617	
52.500	       2.41379	      0.198618	
53.000	       2.41379	      0.198618	
53.500	       1.87875	      0.198619	
54.000	      0.710369	      0.198621	
54.500	        1.6779	      0.198622	
55.000	        1.6779	      0.198622	
55.500	       1.60472	      0.198624	
56.000	       1.64209	      0.198627	
56.500	       1.64209	      0.198627	
57.000	       1.22539	      0.198629	
57.500	       0.90142	      0.198631	
58.000	       0.90142	      0.198631	
58.500	       1.94098	      0.198634	
59.000	      0.222337	      0.198637	
59.500	      0.956269	      0.198639	
60.000	      0.956269	      0.198639	
60.500	        1.0251	      0.198642	
61.000	       2.42656	      0.198645	
61.500	       2.42656	      0.198645	
62.000	       10.5659	      0.198647	
62.500	       31.6775	       0.19865	
63.000	       7.77124	      0.198653	
63.500	       7.77124	      0.198653	
64.000	       7.02675	      0.198655	
64.500	       6.65896	      0.198658	
65.000	       6.65896	      0.198658	
65.500	       5.42002	      0.198661	
66.000	       7.45578	      0.198663	
66.500	       4.34745	      0.198666	
67.000	       4.34745	      0.198666	
67.500	       6.35184	      0.198668	
68.000	       6.54386	      0.198671	
68.500	       6.54386	      0.198671	
69.000	       7.01461	      0.198673	
69.500	       5.55663	      0.198676	
70.000	       3.67074	      0.198678	
70.500	       3.67074	      0.198678	
71.000	       3.08717	       0.19868	
71.500	        3.4983	      0.198682	
72.000	        3.4983	      0.198682	
72.500	       3.20237	      0.198684	
73.000	       4.17835	      0.198687	
73.500	       1.41751	      0.198688	
74.000	       1.41751	      0.198688	
74.500	       2.50401	       0.19869	
75.000	       2.30114	      0.198692	
75.500	       2.30114	      0.198692	
76.000	       3.04755	      0.198694	
76.500	       1.42553	      0.198696	
77.000	      0.183557	      0.198697	
77.500	      0.183557	      0.198697	
78.000	       2.78222	      0.198699	
78.500	       31.3309	        0.1987	
79.000	       31.3309	        0.1987	
79.500	       4.30023	      0.198702	
80.000	       2.97998	      0.198703	
80.500	       2.97998	      0.198703	
81.000	       1.73836	      0.198704	
81.500	       5.77912	      0.198705	
82.000	       9.35268	      0.198706	
82.500	       9.35268	      0.198706	
83.000	       57.4592	      0.198707	
83.500	       567.207	      0.198708	
84.000	       567.207	      0.198708	
84.500	       55.2413	      0.198709	
85.000	       10.4877	       0.19871	
85.500	       4.39491	       0.19871	
86.000	       4.39491	       0.19871	
86.500	       2.35129	      0.198711	
87.000	       1.42101	      0.198711	
87.500	       1.42101	      0.198711	
88.000	      0.920169	      0.198712	
88.500	      0.619921	      0.198712	
89.000	       0.42587	      0.198712	
89.500	       0.42587	      0.198712	
90.000	      0.293275	      0.198712	
90.500	      0.198693	      0.198712	
91.000	      0.198693	      0.198712	
91.500	      0.128883	      0.198712	
92.000	     0.0758987	      0.198712	
92.500	     0.0347439	      0.198712	
93.000	     0.0347439	      0.198712	
93.500	    0.00214575	      0.198711	
94.000	     0.0241105	      0.198711	
94.500	     0.0241105	      0.198711	
95.000	     0.0455675	       0.19871	
95.500	     0.0633259	       0.19871	
96.000	     0.0781884	      0.198709	
96.500	     0.0781884	      0.198709	
97.000	     0.0907513	      0.198708	
97.500	      0.101465	      0.198707	
98.000	      0.101465	      0.198707	
98.500	      0.110675	      0.198707	
99.000	       0.11865	      0.198705	
99.500	      0.125601	      0.198704	
100.000	      0.125601	      0.198704	
100.500	      0.131695	      0.198703	
101.000	      0.137069	      0.198702	
101.500	      0.137069	      0.198702	
102.000	       0.14183	        0.1987	
102.500	      0.146069	      0.198699	
103.000	      0.146069	      0.198699	
103.500	      0.149859	      0.198697	
104.000	      0.153261	      0.198695	
104.500	      0.156326	      0.198693	
105.000	      0.156326	      0.198693	
105.500	      0.159098	      0.198692	
106.000	      0.161612	       0.19869	
106.500	      0.161612	       0.19869	
107.000	        0.1639	      0.198687	
107.500	      0.165988	      0.198685	
108.000	      0.167898	      0.198683	
108.500	      0.167898	      0.198683	
109.000	       0.16965	       0.19868	
109.500	      0.171262	      0.198678	
110.000	      0.171262	      0.198678	
110.500	      0.172747	      0.198675	
111.000	      0.174118	      0.198672	
111.500	      0.175387	       0.19867	
112.000	      0.175387	       0.19867	
112.500	      0.176564	      0.198667	
113.000	      0.177658	      0.198664	
113.500	      0.177658	      0.198664	
114.000	      0.178675	       0.19866	
114.500	      0.179624	      0.198657	
115.000	      0.180509	      0.198654	
115.500	      0.180509	      0.198654	
116.000	      0.181337	       0.19865	
116.500	      0.182113	      0.198647	
117.000	      0.182113	      0.198647	
117.500	       0.18284	      0.198643	
118.000	      0.183523	      0.198639	
118.500	      0.184165	      0.198635	
119.000	      0.184165	      0.198635	
119.500	      0.184769	      0.198631	
120.000	      0.185339	      0.198627	
120.500	      0.185339	      0.198627	
121.000	      0.185876	      0.198622	
121.500	      0.186384	      0.198618	
122.000	      0.186864	      0.198613	
122.500	      0.186864	      0.198613	
123.000	      0.187318	      0.198609	
123.500	      0.187749	      0.198604	
124.000	      0.187749	      0.198604	
124.500	      0.188157	      0.198599	
125.000	      0.188545	      0.198594	
125.500	      0.188545	      0.198594	
126.000	      0.188913	      0.198588	
126.500	      0.189263	      0.198583	
127.000	      0.189596	      0.198578	
127.500	      0.189596	      0.198578	
128.000	      0.189913	      0.198572	
128.500	      0.190216	      0.198566	
129.000	      0.190216	      0.198566	
129.500	      0.190504	       0.19856	
130.000	       0.19078	      0.198554	
130.500	      0.191043	      0.198548	
131.000	      0.191043	      0.198548	
131.500	      0.191294	      0.198542	
132.000	      0.191535	      0.198535	
132.500	      0.191535	      0.198535	
133.000	      0.191765	      0.198528	
133.500	      0.191985	      0.198522	
134.000	      0.192196	      0.198515	
134.500	      0.192196	      0.198515	
135.000	      0.192399	      0.198508	
135.500	      0.192593	        0.1985	
136.000	      0.192593	        0.1985	
136.500	       0.19278	      0.198493	
137.000	      0.192959	      0.198485	
137.500	      0.193131	      0.198477	
138.000	      0.193131	      0.198477	
138.500	      0.193296	      0.198469	
139.000	      0.193456	      0.198461	
139.500	      0.193456	      0.198461	
140.000	      0.193609	      0.198453	
140.500	      0.193756	      0.198444	
141.000	      0.193898	      0.198436	
141.500	      0.193898	      0.198436	
142.000	      0.194035	      0.198427	
142.500	      0.194167	      0.198418	
143.000	      0.194167	      0.198418	
143.500	      0.194294	      0.198409	
144.000	      0.194417	      0.198399	
144.500	      0.194536	      0.198389	
145.000	      0.194536	      0.198389	
145.500	       0.19465	       0.19838	
146.000	      0.194761	       0.19837	
146.500	      0.194761	       0.19837	
147.000	      0.194868	      0.198359	
147.500	      0.194971	      0.198349	
148.000	      0.194971	      0.198349	
148.500	      0.195071	      0.198338	
149.000	      0.195167	      0.198327	
149.500	      0.195261	      0.198316	
150.000	      0.195261	      0.198316	
150.500	      0.195351	      0.198304	
151.000	      0.195439	      0.198293	
151.500	      0.195439	      0.198293	
152.000	      0.195524	      0.198281	
152.500	      0.195606	      0.198269	
153.000	      0.195686	      0.198256	
153.500	      0.195686	      0.198256	
154.000	      0.195764	      0.198244	
154.500	      0.195839	      0.198231	
155.000	      0.195839	      0.198231	
155.500	      0.195911	      0.198217	
156.000	      0.195982	      0.198204	
156.500	      0.196051	       0.19819	
157.000	      0.196051	       0.19819	
157.500	      0.196117	      0.198176	
158.000	      0.196182	      0.198162	
158.500	      0.196182	      0.198162	
159.000	      0.196245	      0.198147	
159.500	      0.196306	      0.198132	
160.000	      0.196365	      0.198117	
160.500	      0.196365	      0.198117	
161.000	      0.196423	      0.198101	
161.500	      0.196479	      0.198085	
162.000	      0.196479	      0.198085	
162.500	      0.196533	      0.198069	
163.000	      0.196586	      0.198052	
163.500	      0.196638	      0.198035	
164.000	      0.196638	      0.198035	
164.500	      0.196688	      0.198018	
165.000	      0.196737	         0.198	
165.500	      0.196737	         0.198	
166.000	      0.196785	      0.197982	
166.500	      0.196831	      0.197963	
167.000	      0.196876	      0.197944	
167.500	      0.196876	      0.197944	
168.000	       0.19692	      0.197925	
168.500	      0.196963	      0.197905	
169.000	      0.196963	      0.197905	
169.500	      0.197005	      0.197885	
170.000	      0.197045	      0.197864	
170.500	      0.197045	      0.197864	
171.000	      0.197085	      0.197843	
171.500	      0.197124	      0.197822	
172.000	      0.197162	        0.1978	
172.500	      0.197162	        0.1978	
173.000	      0.197198	      0.197777	
173.500	      0.197234	      0.197754	
174.000	      0.197234	      0.197754	
174.500	      0.197269	      0.197731	
175.000	      0.197304	      0.197706	
175.500	      0.197337	      0.197682	
176.000	      0.197337	      0.197682	
176.500	       0.19737	      0.197657	
177.000	      0.197401	      0.197631	
177.500	      0.197401	      0.197631	
178.000	      0.197432	      0.197604	
178.500	      0.197463	      0.197577	
179.000	      0.197492	       0.19755	
179.500	      0.197492	       0.19755	
180.000	      0.197521	      0.197521	
