
TracePro Release: 3 2 0 
Polar Candela Distribution Data for 
Data covers +/- 180.000 degrees from Normal
Data for Missed Rays
Data generated at 09:43:46 June 30, 2025

	   0.0	 180.0
0.000	      0.310291	      0.310291	
0.500	      0.310246	      0.310334	
1.000	      0.310246	      0.310334	
1.500	        0.3102	      0.310376	
2.000	      0.310153	      0.310418	
2.500	      0.310105	      0.310458	
3.000	      0.310105	      0.310458	
3.500	      0.310055	      0.310497	
4.000	      0.310004	      0.310535	
4.500	      0.310004	      0.310535	
5.000	      0.309952	      0.310573	
5.500	      0.309898	      0.310609	
6.000	      0.309843	      0.310645	
6.500	      0.309843	      0.310645	
7.000	      0.309786	      0.310679	
7.500	      0.309727	      0.310713	
8.000	      0.309727	      0.310713	
8.500	      0.309667	      0.310746	
9.000	      0.309604	      0.310779	
9.500	       0.30954	       0.31081	
10.000	       0.30954	       0.31081	
10.500	      0.309474	      0.310841	
11.000	      0.309406	      0.310871	
11.500	      0.309406	      0.310871	
12.000	      0.309336	        0.3109	
12.500	      0.309263	      0.310929	
13.000	      0.309263	      0.310929	
13.500	      0.309188	      0.310957	
14.000	      0.309111	      0.310984	
14.500	      0.309031	      0.311011	
15.000	      0.309031	      0.311011	
15.500	      0.308948	      0.311037	
16.000	      0.308862	      0.311063	
16.500	      0.308862	      0.311063	
17.000	      0.308773	      0.311088	
17.500	      0.308681	      0.311112	
18.000	      0.308586	      0.311136	
18.500	      0.308586	      0.311136	
19.000	      0.308487	       0.31116	
19.500	      0.308384	      0.311183	
20.000	      0.308384	      0.311183	
20.500	      0.308277	      0.311205	
21.000	      0.308166	      0.311227	
21.500	      0.308051	      0.311248	
22.000	      0.308051	      0.311248	
22.500	       0.30793	      0.311269	
23.000	      0.307804	      0.311289	
23.500	      0.307804	      0.311289	
24.000	      0.307672	      0.311309	
24.500	      0.307535	      0.311329	
25.000	      0.307391	      0.311348	
25.500	      0.307391	      0.311348	
26.000	       0.30724	      0.311367	
26.500	      0.307081	      0.311385	
27.000	      0.307081	      0.311385	
27.500	      0.306914	      0.311403	
28.000	      0.306738	       0.31142	
28.500	      0.306552	      0.311437	
29.000	      0.306552	      0.311437	
29.500	      0.306355	      0.311454	
30.000	      0.306147	       0.31147	
30.500	      0.306147	       0.31147	
31.000	      0.305925	      0.311486	
31.500	      0.305689	      0.311502	
32.000	      0.305437	      0.311517	
32.500	      0.305437	      0.311517	
33.000	      0.305167	      0.311532	
33.500	      0.304876	      0.311547	
34.000	      0.304876	      0.311547	
34.500	      0.304563	      0.311561	
35.000	      0.304223	      0.311575	
35.500	      0.304223	      0.311575	
36.000	      0.303854	      0.311588	
36.500	      0.303449	      0.311602	
37.000	      0.303005	      0.311615	
37.500	      0.303005	      0.311615	
38.000	      0.302514	      0.311627	
38.500	      0.301968	       0.31164	
39.000	      0.301968	       0.31164	
39.500	      0.301357	      0.311652	
40.000	      0.300666	      0.311664	
40.500	      0.299879	      0.311675	
41.000	      0.299879	      0.311675	
41.500	      0.298974	      0.311687	
42.000	      0.297922	      0.311698	
42.500	      0.297922	      0.311698	
43.000	      0.296683	      0.311708	
43.500	      0.295205	      0.311719	
44.000	      0.293411	      0.311729	
44.500	      0.293411	      0.311729	
45.000	      0.291194	      0.311739	
45.500	      0.288398	      0.311749	
46.000	      0.288398	      0.311749	
46.500	      0.284779	      0.311758	
47.000	      0.279955	      0.311767	
47.500	       0.27329	      0.311776	
48.000	       0.27329	      0.311776	
48.500	      0.263655	      0.311785	
49.000	      0.248903	      0.311794	
49.500	      0.248903	      0.311794	
50.000	      0.224504	      0.311802	
50.500	      0.179491	       0.31181	
51.000	     0.0811078	      0.311818	
51.500	     0.0811078	      0.311818	
52.000	      0.211162	      0.311825	
52.500	       2.35276	      0.311833	
53.000	       2.35276	      0.311833	
53.500	       27.3994	       0.31184	
54.000	       2.35347	      0.311847	
54.500	      0.212572	      0.311854	
55.000	      0.212572	      0.311854	
55.500	     0.0789883	       0.31186	
56.000	      0.176656	      0.311867	
56.500	      0.176656	      0.311867	
57.000	      0.220947	      0.311873	
57.500	      0.244614	      0.311879	
58.000	      0.244614	      0.311879	
58.500	      0.258623	      0.311884	
59.000	        0.2675	       0.31189	
59.500	      0.273393	      0.311895	
60.000	      0.273393	      0.311895	
60.500	      0.277426	        0.3119	
61.000	      0.280234	      0.311905	
61.500	      0.280234	      0.311905	
62.000	      0.282197	       0.31191	
62.500	      0.283553	      0.311915	
63.000	      0.284459	      0.311919	
63.500	      0.284459	      0.311919	
64.000	      0.285018	      0.311923	
64.500	      0.285301	      0.311927	
65.000	      0.285301	      0.311927	
65.500	      0.285359	      0.311931	
66.000	      0.285227	      0.311935	
66.500	       0.28493	      0.311938	
67.000	       0.28493	      0.311938	
67.500	      0.284484	      0.311942	
68.000	      0.283903	      0.311945	
68.500	      0.283903	      0.311945	
69.000	      0.283193	      0.311948	
69.500	      0.282358	      0.311951	
70.000	        0.2814	      0.311953	
70.500	        0.2814	      0.311953	
71.000	      0.280318	      0.311956	
71.500	      0.279109	      0.311958	
72.000	      0.279109	      0.311958	
72.500	      0.277767	       0.31196	
73.000	      0.276285	      0.311962	
73.500	      0.274654	      0.311964	
74.000	      0.274654	      0.311964	
74.500	      0.272862	      0.311965	
75.000	      0.270896	      0.311967	
75.500	      0.270896	      0.311967	
76.000	       0.26874	      0.311968	
76.500	      0.266374	      0.311969	
77.000	      0.263776	       0.31197	
77.500	      0.263776	       0.31197	
78.000	       0.26092	      0.311971	
78.500	      0.257775	      0.311971	
79.000	      0.257775	      0.311971	
79.500	      0.254305	      0.311971	
80.000	      0.250468	      0.311972	
80.500	      0.250468	      0.311972	
81.000	      0.246214	      0.311972	
81.500	      0.241483	      0.311972	
82.000	      0.236205	      0.311971	
82.500	      0.236205	      0.311971	
83.000	      0.230294	      0.311971	
83.500	       0.22365	       0.31197	
84.000	       0.22365	       0.31197	
84.500	      0.216148	       0.31197	
85.000	      0.207636	      0.311969	
85.500	      0.197927	      0.311968	
86.000	      0.197927	      0.311968	
86.500	      0.186789	      0.311966	
87.000	      0.173929	      0.311965	
87.500	      0.173929	      0.311965	
88.000	      0.158976	      0.311963	
88.500	      0.141453	      0.311961	
89.000	      0.120736	      0.311959	
89.500	      0.120736	      0.311959	
90.000	     0.0960029	      0.311957	
90.500	     0.0661464	      0.311955	
91.000	     0.0661464	      0.311955	
91.500	     0.0296497	      0.311952	
92.000	     0.0156106	       0.31195	
92.500	     0.0726805	      0.311947	
93.000	     0.0726805	      0.311947	
93.500	      0.146056	      0.311944	
94.000	      0.242596	      0.311941	
94.500	      0.242596	      0.311941	
95.000	      0.373193	      0.311937	
95.500	      0.555989	      0.311934	
96.000	      0.823062	       0.31193	
96.500	      0.823062	       0.31193	
97.000	       1.23559	      0.311926	
97.500	       1.92252	      0.311922	
98.000	       1.92252	      0.311922	
98.500	       3.19625	      0.311918	
99.000	       5.98963	      0.311914	
99.500	       14.3047	      0.311909	
100.000	       14.3047	      0.311909	
100.500	       75.2895	      0.311904	
101.000	       772.082	      0.311899	
101.500	       772.082	      0.311899	
102.000	       75.2894	      0.311894	
102.500	       14.3046	      0.311889	
103.000	       14.3046	      0.311889	
103.500	       5.98956	      0.311883	
104.000	       3.19615	      0.311877	
104.500	        1.9224	      0.311871	
105.000	        1.9224	      0.311871	
105.500	       1.23544	      0.311865	
106.000	      0.822885	      0.311859	
106.500	      0.822885	      0.311859	
107.000	      0.555786	      0.311852	
107.500	      0.372963	      0.311846	
108.000	      0.242338	      0.311839	
108.500	      0.242338	      0.311839	
109.000	      0.145769	      0.311831	
109.500	     0.0723646	      0.311824	
110.000	     0.0723646	      0.311824	
110.500	     0.0152645	      0.311816	
111.000	      0.030027	      0.311809	
111.500	      0.066556	      0.311801	
112.000	      0.066556	      0.311801	
112.500	      0.096446	      0.311792	
113.000	      0.121214	      0.311784	
113.500	      0.121214	      0.311784	
114.000	      0.141967	      0.311775	
114.500	      0.159529	      0.311766	
115.000	      0.174522	      0.311757	
115.500	      0.174522	      0.311757	
116.000	      0.187423	      0.311748	
116.500	      0.198605	      0.311738	
117.000	      0.198605	      0.311738	
117.500	      0.208361	      0.311728	
118.000	      0.216922	      0.311718	
118.500	      0.224476	      0.311708	
119.000	      0.224476	      0.311708	
119.500	      0.231176	      0.311697	
120.000	      0.237145	      0.311686	
120.500	      0.237145	      0.311686	
121.000	      0.242487	      0.311675	
121.500	      0.247285	      0.311663	
122.000	      0.251612	      0.311652	
122.500	      0.251612	      0.311652	
123.000	      0.255527	       0.31164	
123.500	      0.259081	      0.311627	
124.000	      0.259081	      0.311627	
124.500	      0.262316	      0.311615	
125.000	      0.265271	      0.311602	
125.500	      0.265271	      0.311602	
126.000	      0.267976	      0.311589	
126.500	      0.270459	      0.311575	
127.000	      0.272743	      0.311562	
127.500	      0.272743	      0.311562	
128.000	       0.27485	      0.311548	
128.500	      0.276796	      0.311533	
129.000	      0.276796	      0.311533	
129.500	      0.278599	      0.311519	
130.000	      0.280271	      0.311504	
130.500	      0.281826	      0.311488	
131.000	      0.281826	      0.311488	
131.500	      0.283273	      0.311473	
132.000	      0.284623	      0.311457	
132.500	      0.284623	      0.311457	
133.000	      0.285884	       0.31144	
133.500	      0.287063	      0.311423	
134.000	      0.288168	      0.311406	
134.500	      0.288168	      0.311406	
135.000	      0.289205	      0.311389	
135.500	      0.290179	      0.311371	
136.000	      0.290179	      0.311371	
136.500	      0.291095	      0.311353	
137.000	      0.291958	      0.311334	
137.500	      0.292772	      0.311315	
138.000	      0.292772	      0.311315	
138.500	       0.29354	      0.311296	
139.000	      0.294266	      0.311276	
139.500	      0.294266	      0.311276	
140.000	      0.294952	      0.311255	
140.500	      0.295602	      0.311235	
141.000	      0.296218	      0.311213	
141.500	      0.296218	      0.311213	
142.000	      0.296803	      0.311192	
142.500	      0.297358	       0.31117	
143.000	      0.297358	       0.31117	
143.500	      0.297886	      0.311147	
144.000	      0.298388	      0.311124	
144.500	      0.298865	        0.3111	
145.000	      0.298865	        0.3111	
145.500	      0.299321	      0.311076	
146.000	      0.299755	      0.311052	
146.500	      0.299755	      0.311052	
147.000	      0.300169	      0.311026	
147.500	      0.300564	      0.311001	
148.000	      0.300564	      0.311001	
148.500	      0.300942	      0.310974	
149.000	      0.301303	      0.310947	
149.500	      0.301649	       0.31092	
150.000	      0.301649	       0.31092	
150.500	       0.30198	      0.310892	
151.000	      0.302297	      0.310863	
151.500	      0.302297	      0.310863	
152.000	      0.302601	      0.310834	
152.500	      0.302893	      0.310804	
153.000	      0.303172	      0.310773	
153.500	      0.303172	      0.310773	
154.000	      0.303441	      0.310742	
154.500	      0.303699	       0.31071	
155.000	      0.303699	       0.31071	
155.500	      0.303947	      0.310677	
156.000	      0.304185	      0.310644	
156.500	      0.304415	      0.310609	
157.000	      0.304415	      0.310609	
157.500	      0.304636	      0.310574	
158.000	      0.304849	      0.310538	
158.500	      0.304849	      0.310538	
159.000	      0.305054	      0.310502	
159.500	      0.305251	      0.310464	
160.000	      0.305442	      0.310426	
160.500	      0.305442	      0.310426	
161.000	      0.305626	      0.310387	
161.500	      0.305803	      0.310346	
162.000	      0.305803	      0.310346	
162.500	      0.305974	      0.310305	
163.000	       0.30614	      0.310263	
163.500	        0.3063	       0.31022	
164.000	        0.3063	       0.31022	
164.500	      0.306454	      0.310176	
165.000	      0.306604	      0.310131	
165.500	      0.306604	      0.310131	
166.000	      0.306748	      0.310084	
166.500	      0.306888	      0.310037	
167.000	      0.307023	      0.309988	
167.500	      0.307023	      0.309988	
168.000	      0.307155	      0.309939	
168.500	      0.307282	      0.309888	
169.000	      0.307282	      0.309888	
169.500	      0.307405	      0.309835	
170.000	      0.307524	      0.309782	
170.500	      0.307524	      0.309782	
171.000	      0.307639	      0.309727	
171.500	      0.307752	      0.309671	
172.000	       0.30786	      0.309613	
172.500	       0.30786	      0.309613	
173.000	      0.307966	      0.309554	
173.500	      0.308068	      0.309493	
174.000	      0.308068	      0.309493	
174.500	      0.308168	      0.309431	
175.000	      0.308264	      0.309367	
175.500	      0.308358	      0.309301	
176.000	      0.308358	      0.309301	
176.500	      0.308449	      0.309234	
177.000	      0.308538	      0.309164	
177.500	      0.308538	      0.309164	
178.000	      0.308624	      0.309093	
178.500	      0.308708	       0.30902	
179.000	      0.308789	      0.308945	
179.500	      0.308789	      0.308945	
180.000	      0.308868	      0.308868	
