
TracePro Release: 3 2 0 
Polar Candela Distribution Data for 
Data covers +/- 180.000 degrees from Normal
Data for Missed Rays
Data generated at 09:40:47 June 25, 2025

	   0.0	 180.0
0.000	       0.21275	       0.21275	
0.500	      0.209865	      0.215576	
1.000	      0.209865	      0.215576	
1.500	      0.206712	       0.21848	
2.000	      0.202611	        0.2216	
2.500	      0.189918	      0.225121	
3.000	      0.189918	      0.225121	
3.500	      0.325467	      0.229315	
4.000	      0.186557	       0.23462	
4.500	      0.186557	       0.23462	
5.000	      0.216688	      0.241793	
5.500	      0.170165	      0.252242	
6.000	      0.396195	      0.268798	
6.500	      0.396195	      0.268798	
7.000	      0.143121	      0.295902	
7.500	      0.377276	      0.417658	
8.000	      0.377276	      0.417658	
8.500	      0.130078	      0.562313	
9.000	      0.449465	       2.02422	
9.500	      0.607973	       18.2291	
10.000	      0.607973	       18.2291	
10.500	      0.187626	       2.02531	
11.000	     0.0814104	      0.567756	
11.500	     0.0814104	      0.567756	
12.000	      0.684537	      0.368991	
12.500	      0.545107	      0.302076	
13.000	      0.545107	      0.302076	
13.500	      0.525883	      0.271351	
14.000	      0.940075	      0.254506	
14.500	      0.810875	      0.244054	
15.000	      0.810875	      0.244054	
15.500	      0.782893	      0.236888	
16.000	      0.144826	       0.23151	
16.500	      0.144826	       0.23151	
17.000	      0.381563	      0.227104	
17.500	      0.210716	      0.223175	
18.000	       1.23343	      0.219374	
18.500	       1.23343	      0.219374	
19.000	       1.40584	      0.215419	
19.500	       3.44612	      0.211037	
20.000	       3.44612	      0.211037	
20.500	       7.02933	      0.205916	
21.000	       39.5295	      0.199661	
21.500	        393.27	       0.19173	
22.000	        393.27	       0.19173	
22.500	       39.1015	      0.181439	
23.000	       4.17227	      0.170013	
23.500	       4.17227	      0.170013	
24.000	       5.87558	     0.0986369	
24.500	      0.642227	      0.113604	
25.000	       3.45137	      0.044732	
25.500	       3.45137	      0.044732	
26.000	       1.42692	     0.0893682	
26.500	       4.58365	       0.34132	
27.000	       4.58365	       0.34132	
27.500	       3.57166	        0.7964	
28.000	       2.38601	       5.96237	
28.500	       1.22657	        62.822	
29.000	       1.22657	        62.822	
29.500	      0.163545	       8.08848	
30.000	       1.44943	       3.47052	
30.500	       1.44943	       3.47052	
31.000	       3.25122	       3.67693	
31.500	       3.62196	       2.57165	
32.000	       1.29963	       5.74599	
32.500	       1.29963	       5.74599	
33.000	      0.891904	       2.97586	
33.500	        3.1228	        3.2654	
34.000	        3.1228	        3.2654	
34.500	       1.16634	       2.93251	
35.000	      0.307455	       2.12427	
35.500	      0.307455	       2.12427	
36.000	       4.92879	       3.39274	
36.500	       1.65981	       1.71152	
37.000	       1.26869	        2.7519	
37.500	       1.26869	        2.7519	
38.000	       2.62926	       0.76811	
38.500	       3.74863	      0.774799	
39.000	       3.74863	      0.774799	
39.500	      0.966431	      0.337611	
40.000	       5.30781	       0.72149	
40.500	       2.05534	     0.0394833	
41.000	       2.05534	     0.0394833	
41.500	       2.47747	      0.344017	
42.000	       2.18092	      0.176223	
42.500	       2.18092	      0.176223	
43.000	      0.468231	      0.275794	
43.500	      0.884677	      0.286771	
44.000	       2.15858	      0.275951	
44.500	       2.15858	      0.275951	
45.000	      0.524497	      0.236558	
45.500	       2.68243	      0.231932	
46.000	       2.68243	      0.231932	
46.500	       2.06011	      0.230846	
47.000	       1.76866	       0.23067	
47.500	        1.7032	      0.230802	
48.000	        1.7032	      0.230802	
48.500	       1.60438	       0.23105	
49.000	       2.68446	      0.231339	
49.500	       2.68446	      0.231339	
50.000	      0.461786	      0.231637	
50.500	       0.10167	       0.23193	
51.000	       1.35313	      0.232211	
51.500	       1.35313	      0.232211	
52.000	     0.0461676	      0.232477	
52.500	      0.836052	      0.232727	
53.000	      0.836052	      0.232727	
53.500	      0.081284	      0.232962	
54.000	       1.49606	      0.233183	
54.500	       2.12878	      0.233389	
55.000	       2.12878	      0.233389	
55.500	       1.39726	      0.233583	
56.000	         1.577	      0.233765	
56.500	         1.577	      0.233765	
57.000	       1.44998	      0.233936	
57.500	      0.127527	      0.234096	
58.000	      0.127527	      0.234096	
58.500	       3.10469	      0.234248	
59.000	       3.77477	       0.23439	
59.500	       3.81356	      0.234525	
60.000	       3.81356	      0.234525	
60.500	       1.25624	      0.234652	
61.000	       2.97518	      0.234773	
61.500	       2.97518	      0.234773	
62.000	        2.3873	      0.234887	
62.500	      0.511934	      0.234995	
63.000	      0.798519	      0.235098	
63.500	      0.798519	      0.235098	
64.000	       2.18077	      0.235196	
64.500	       2.18823	       0.23529	
65.000	       2.18823	       0.23529	
65.500	        3.2127	      0.235378	
66.000	       2.73345	      0.235463	
66.500	       1.55258	      0.235544	
67.000	       1.55258	      0.235544	
67.500	      0.856345	      0.235622	
68.000	      0.842666	      0.235696	
68.500	      0.842666	      0.235696	
69.000	       2.27091	      0.235767	
69.500	       1.41832	      0.235835	
70.000	      0.125564	        0.2359	
70.500	      0.125564	        0.2359	
71.000	       1.91638	      0.235962	
71.500	      0.920599	      0.236023	
72.000	      0.920599	      0.236023	
72.500	       1.67556	       0.23608	
73.000	       1.52243	      0.236136	
73.500	       1.59168	      0.236189	
74.000	       1.59168	      0.236189	
74.500	      0.771498	      0.236241	
75.000	      0.724101	       0.23629	
75.500	      0.724101	       0.23629	
76.000	      0.168192	      0.236338	
76.500	     0.0473678	      0.236384	
77.000	      0.491379	      0.236429	
77.500	      0.491379	      0.236429	
78.000	      0.021876	      0.236472	
78.500	       1.95323	      0.236513	
79.000	       1.95323	      0.236513	
79.500	       2.17563	      0.236554	
80.000	       17.2561	      0.236592	
80.500	       17.2561	      0.236592	
81.000	       170.671	       0.23663	
81.500	       16.4446	      0.236666	
82.000	       2.98802	      0.236701	
82.500	       2.98802	      0.236701	
83.000	       1.15427	      0.236736	
83.500	      0.538352	      0.236769	
84.000	      0.538352	      0.236769	
84.500	      0.257501	      0.236801	
85.000	       0.10601	      0.236831	
85.500	     0.0150066	      0.236862	
86.000	     0.0150066	      0.236862	
86.500	     0.0439359	      0.236891	
87.000	     0.0843022	      0.236919	
87.500	     0.0843022	      0.236919	
88.000	      0.113162	      0.236946	
88.500	      0.134515	      0.236973	
89.000	       0.15076	      0.236999	
89.500	       0.15076	      0.236999	
90.000	       0.16341	      0.237024	
90.500	      0.173455	      0.237048	
91.000	      0.173455	      0.237048	
91.500	      0.181567	      0.237072	
92.000	      0.188214	      0.237095	
92.500	       0.19373	      0.237117	
93.000	       0.19373	      0.237117	
93.500	       0.19836	      0.237139	
94.000	      0.202285	       0.23716	
94.500	      0.202285	       0.23716	
95.000	      0.205642	      0.237181	
95.500	      0.208536	      0.237201	
96.000	       0.21105	       0.23722	
96.500	       0.21105	       0.23722	
97.000	      0.213248	      0.237239	
97.500	      0.215181	      0.237257	
98.000	      0.215181	      0.237257	
98.500	      0.216892	      0.237275	
99.000	      0.218412	      0.237293	
99.500	       0.21977	      0.237309	
100.000	       0.21977	      0.237309	
100.500	      0.220989	      0.237326	
101.000	      0.222087	      0.237342	
101.500	      0.222087	      0.237342	
102.000	       0.22308	      0.237357	
102.500	      0.223981	      0.237373	
103.000	      0.223981	      0.237373	
103.500	      0.224801	      0.237387	
104.000	       0.22555	      0.237402	
104.500	      0.226237	      0.237416	
105.000	      0.226237	      0.237416	
105.500	      0.226867	      0.237429	
106.000	      0.227447	      0.237442	
106.500	      0.227447	      0.237442	
107.000	      0.227983	      0.237455	
107.500	      0.228479	      0.237468	
108.000	      0.228939	       0.23748	
108.500	      0.228939	       0.23748	
109.000	      0.229366	      0.237491	
109.500	      0.229764	      0.237503	
110.000	      0.229764	      0.237503	
110.500	      0.230135	      0.237514	
111.000	      0.230482	      0.237525	
111.500	      0.230807	      0.237535	
112.000	      0.230807	      0.237535	
112.500	      0.231111	      0.237546	
113.000	      0.231397	      0.237555	
113.500	      0.231397	      0.237555	
114.000	      0.231665	      0.237565	
114.500	      0.231918	      0.237574	
115.000	      0.232157	      0.237583	
115.500	      0.232157	      0.237583	
116.000	      0.232382	      0.237592	
116.500	      0.232595	      0.237601	
117.000	      0.232595	      0.237601	
117.500	      0.232797	      0.237609	
118.000	      0.232988	      0.237617	
118.500	      0.233169	      0.237625	
119.000	      0.233169	      0.237625	
119.500	      0.233341	      0.237632	
120.000	      0.233505	       0.23764	
120.500	      0.233505	       0.23764	
121.000	       0.23366	      0.237647	
121.500	      0.233809	      0.237653	
122.000	       0.23395	       0.23766	
122.500	       0.23395	       0.23766	
123.000	      0.234085	      0.237666	
123.500	      0.234213	      0.237672	
124.000	      0.234213	      0.237672	
124.500	      0.234336	      0.237678	
125.000	      0.234454	      0.237684	
125.500	      0.234454	      0.237684	
126.000	      0.234566	      0.237689	
126.500	      0.234674	      0.237694	
127.000	      0.234777	      0.237699	
127.500	      0.234777	      0.237699	
128.000	      0.234876	      0.237704	
128.500	      0.234971	      0.237709	
129.000	      0.234971	      0.237709	
129.500	      0.235063	      0.237713	
130.000	       0.23515	      0.237717	
130.500	      0.235235	      0.237721	
131.000	      0.235235	      0.237721	
131.500	      0.235316	      0.237725	
132.000	      0.235394	      0.237729	
132.500	      0.235394	      0.237729	
133.000	      0.235469	      0.237732	
133.500	      0.235541	      0.237735	
134.000	      0.235611	      0.237738	
134.500	      0.235611	      0.237738	
135.000	      0.235678	      0.237741	
135.500	      0.235743	      0.237744	
136.000	      0.235743	      0.237744	
136.500	      0.235806	      0.237746	
137.000	      0.235866	      0.237748	
137.500	      0.235925	       0.23775	
138.000	      0.235925	       0.23775	
138.500	      0.235981	      0.237752	
139.000	      0.236036	      0.237754	
139.500	      0.236036	      0.237754	
140.000	      0.236089	      0.237756	
140.500	       0.23614	      0.237757	
141.000	      0.236189	      0.237758	
141.500	      0.236189	      0.237758	
142.000	      0.236237	      0.237759	
142.500	      0.236283	       0.23776	
143.000	      0.236283	       0.23776	
143.500	      0.236328	       0.23776	
144.000	      0.236372	      0.237761	
144.500	      0.236414	      0.237761	
145.000	      0.236414	      0.237761	
145.500	      0.236455	      0.237761	
146.000	      0.236495	      0.237761	
146.500	      0.236495	      0.237761	
147.000	      0.236533	      0.237761	
147.500	       0.23657	       0.23776	
148.000	       0.23657	       0.23776	
148.500	      0.236607	       0.23776	
149.000	      0.236642	      0.237759	
149.500	      0.236676	      0.237758	
150.000	      0.236676	      0.237758	
150.500	      0.236709	      0.237757	
151.000	      0.236742	      0.237755	
151.500	      0.236742	      0.237755	
152.000	      0.236773	      0.237754	
152.500	      0.236803	      0.237752	
153.000	      0.236833	       0.23775	
153.500	      0.236833	       0.23775	
154.000	      0.236862	      0.237748	
154.500	       0.23689	      0.237746	
155.000	       0.23689	      0.237746	
155.500	      0.236917	      0.237744	
156.000	      0.236944	      0.237741	
156.500	      0.236969	      0.237738	
157.000	      0.236969	      0.237738	
157.500	      0.236994	      0.237735	
158.000	      0.237019	      0.237732	
158.500	      0.237019	      0.237732	
159.000	      0.237043	      0.237729	
159.500	      0.237066	      0.237725	
160.000	      0.237088	      0.237721	
160.500	      0.237088	      0.237721	
161.000	       0.23711	      0.237717	
161.500	      0.237131	      0.237713	
162.000	      0.237131	      0.237713	
162.500	      0.237152	      0.237709	
163.000	      0.237172	      0.237704	
163.500	      0.237192	      0.237699	
164.000	      0.237192	      0.237699	
164.500	      0.237211	      0.237694	
165.000	       0.23723	      0.237689	
165.500	       0.23723	      0.237689	
166.000	      0.237248	      0.237684	
166.500	      0.237266	      0.237678	
167.000	      0.237283	      0.237672	
167.500	      0.237283	      0.237672	
168.000	        0.2373	      0.237666	
168.500	      0.237316	       0.23766	
169.000	      0.237316	       0.23766	
169.500	      0.237332	      0.237654	
170.000	      0.237348	      0.237647	
170.500	      0.237348	      0.237647	
171.000	      0.237363	       0.23764	
171.500	      0.237378	      0.237633	
172.000	      0.237392	      0.237625	
172.500	      0.237392	      0.237625	
173.000	      0.237406	      0.237618	
173.500	       0.23742	       0.23761	
174.000	       0.23742	       0.23761	
174.500	      0.237433	      0.237602	
175.000	      0.237446	      0.237593	
175.500	      0.237458	      0.237584	
176.000	      0.237458	      0.237584	
176.500	       0.23747	      0.237575	
177.000	      0.237482	      0.237566	
177.500	      0.237482	      0.237566	
178.000	      0.237494	      0.237557	
178.500	      0.237505	      0.237547	
179.000	      0.237516	      0.237537	
179.500	      0.237516	      0.237537	
180.000	      0.237527	      0.237527	
