
TracePro Release: 3 2 0 
Polar Candela Distribution Data for 
Data covers +/- 180.000 degrees from Normal
Data for Missed Rays
Data generated at 09:40:48 June 25, 2025

	   0.0	 180.0
0.000	      0.110831	      0.110831	
0.500	      0.111566	      0.110511	
1.000	      0.111566	      0.110511	
1.500	      0.113771	      0.110365	
2.000	      0.129932	      0.110312	
2.500	     0.0946819	      0.110323	
3.000	     0.0946819	      0.110323	
3.500	      0.129831	      0.110389	
4.000	      0.113457	      0.110509	
4.500	      0.113457	      0.110509	
5.000	      0.110723	      0.110695	
5.500	      0.108562	      0.110976	
6.000	       0.10344	      0.111416	
6.500	       0.10344	      0.111416	
7.000	     0.0658722	      0.112173	
7.500	       0.59214	      0.113731	
8.000	       0.59214	      0.113731	
8.500	     0.0669715	      0.118187	
9.000	      0.105723	      0.150401	
9.500	      0.112245	      0.296997	
10.000	      0.112245	      0.296997	
10.500	      0.116343	      0.149947	
11.000	      0.122787	      0.116637	
11.500	      0.122787	      0.116637	
12.000	      0.159137	      0.108291	
12.500	      0.350627	     0.0754352	
13.000	      0.350627	     0.0754352	
13.500	       0.50182	      0.517168	
14.000	      0.552105	     0.0754048	
14.500	      0.183019	      0.107584	
15.000	      0.183019	      0.107584	
15.500	      0.135139	      0.112438	
16.000	      0.131763	       0.11453	
16.500	      0.131763	       0.11453	
17.000	      0.136083	      0.115934	
17.500	      0.169632	      0.117124	
18.000	      0.271267	      0.118241	
18.500	      0.271267	      0.118241	
19.000	      0.175816	      0.119296	
19.500	      0.148321	       0.12016	
20.000	      0.148321	       0.12016	
20.500	      0.148788	      0.120314	
21.000	      0.139512	      0.115978	
21.500	       0.48061	      0.160179	
22.000	       0.48061	      0.160179	
22.500	      0.377744	     0.0467948	
23.000	      0.241372	      0.953125	
23.500	      0.241372	      0.953125	
24.000	      0.229768	   0.000903342	
24.500	      0.300237	        1.0396	
25.000	       0.44653	      0.549879	
25.500	       0.44653	      0.549879	
26.000	       1.61077	      0.380006	
26.500	       0.30274	        1.4942	
27.000	       0.30274	        1.4942	
27.500	      0.942802	      0.487743	
28.000	       2.02493	        1.3851	
28.500	       10.7815	       1.82292	
29.000	       10.7815	       1.82292	
29.500	       104.385	       1.23851	
30.000	        10.843	       1.06041	
30.500	        10.843	       1.06041	
31.000	       1.88751	      0.260241	
31.500	       1.07991	       1.93248	
32.000	      0.442821	     0.0117865	
32.500	      0.442821	     0.0117865	
33.000	      0.404113	       10.4805	
33.500	      0.291369	       90.5102	
34.000	      0.291369	       90.5102	
34.500	      0.492021	       9.31342	
35.000	      0.482179	       1.95884	
35.500	      0.482179	       1.95884	
36.000	       1.00466	       1.81745	
36.500	     0.0632526	     0.0662204	
37.000	      0.561936	       2.15088	
37.500	      0.561936	       2.15088	
38.000	     0.0751788	      0.214014	
38.500	      0.442408	      0.261489	
39.000	      0.442408	      0.261489	
39.500	     0.0299415	     0.0248322	
40.000	      0.133371	      0.464181	
40.500	     0.0494482	      0.141587	
41.000	     0.0494482	      0.141587	
41.500	      0.196061	       0.22548	
42.000	     0.0514329	      0.140238	
42.500	     0.0514329	      0.140238	
43.000	      0.124533	      0.195237	
43.500	     0.0528864	     0.0773011	
44.000	      0.176341	      0.145244	
44.500	      0.176341	      0.145244	
45.000	      0.053176	     0.0742942	
45.500	       0.11593	      0.201301	
46.000	       0.11593	      0.201301	
46.500	      0.117519	      0.136768	
47.000	      0.164816	      0.208064	
47.500	       0.51298	      0.754657	
48.000	       0.51298	      0.754657	
48.500	      0.294277	      0.205285	
49.000	      0.372293	      0.134794	
49.500	      0.372293	      0.134794	
50.000	      0.147458	      0.124201	
50.500	      0.108648	      0.120003	
51.000	      0.104355	      0.117643	
51.500	      0.104355	      0.117643	
52.000	      0.109257	      0.116048	
52.500	      0.164359	      0.114848	
53.000	      0.164359	      0.114848	
53.500	      0.598192	      0.113888	
54.000	      0.225826	      0.113087	
54.500	      0.643751	      0.112402	
55.000	      0.643751	      0.112402	
55.500	      0.157892	      0.111806	
56.000	     0.0939747	      0.111281	
56.500	     0.0939747	      0.111281	
57.000	     0.0813259	      0.110815	
57.500	     0.0732714	      0.110402	
58.000	     0.0732714	      0.110402	
58.500	     0.0631075	      0.110037	
59.000	     0.0211554	      0.109723	
59.500	      0.517395	      0.109468	
60.000	      0.517395	      0.109468	
60.500	     0.0375002	      0.109303	
61.000	      0.846791	      0.109317	
61.500	      0.846791	      0.109317	
62.000	       1.39339	      0.109883	
62.500	       1.18862	      0.115153	
63.000	      0.108295	     0.0425374	
63.500	      0.108295	     0.0425374	
64.000	      0.882271	      0.120643	
64.500	       1.00015	     0.0459877	
65.000	       1.00015	     0.0459877	
65.500	      0.909523	      0.119539	
66.000	      0.986713	     0.0471207	
66.500	      0.836893	      0.112285	
67.000	      0.836893	      0.112285	
67.500	       2.28748	      0.102495	
68.000	        1.7164	      0.165245	
68.500	        1.7164	      0.165245	
69.000	       0.93956	      0.101788	
69.500	      0.467526	      0.110334	
70.000	      0.187399	       0.05205	
70.500	      0.187399	       0.05205	
71.000	       1.00287	      0.114474	
71.500	       5.85233	     0.0491406	
72.000	       5.85233	     0.0491406	
72.500	       2.53655	       0.16116	
73.000	       5.02398	      0.100662	
73.500	       6.33443	      0.103769	
74.000	       6.33443	      0.103769	
74.500	       3.74836	      0.103803	
75.000	       5.59407	      0.103619	
75.500	       5.59407	      0.103619	
76.000	        13.911	      0.103582	
76.500	      0.110499	      0.106204	
77.000	       51.5488	     0.0537262	
77.500	       51.5488	     0.0537262	
78.000	       449.615	      0.149057	
78.500	       47.4499	     0.0977087	
79.000	       47.4499	     0.0977087	
79.500	       6.99689	     0.0999399	
80.000	       3.93295	     0.0994377	
80.500	       3.93295	     0.0994377	
81.000	       1.30649	     0.0985715	
81.500	       2.11954	     0.0974707	
82.000	      0.170229	      0.096114	
82.500	      0.170229	      0.096114	
83.000	       1.29521	     0.0944343	
83.500	      0.183698	     0.0923245	
84.000	      0.183698	     0.0923245	
84.500	      0.689851	     0.0896228	
85.000	      0.195315	     0.0860808	
85.500	      0.542029	      0.081303	
86.000	      0.542029	      0.081303	
86.500	      0.194475	     0.0746307	
87.000	      0.277844	     0.0648983	
87.500	      0.277844	     0.0648983	
88.000	       0.10257	     0.0498828	
88.500	      0.288064	      0.024897	
89.000	      0.255609	     0.0214176	
89.500	      0.255609	     0.0214176	
90.000	     0.0685397	      0.122994	
90.500	     0.0100053	        0.4255	
91.000	     0.0100053	        0.4255	
91.500	     0.0184589	       2.64678	
92.000	     0.0271043	       28.2628	
92.500	     0.0345315	       2.88184	
93.000	     0.0345315	       2.88184	
93.500	     0.0409436	      0.319437	
94.000	     0.0465225	      0.128089	
94.500	     0.0465225	      0.128089	
95.000	     0.0514098	        0.0219	
95.500	     0.0557168	     0.0246314	
96.000	     0.0595325	     0.0495964	
96.500	     0.0595325	     0.0495964	
97.000	     0.0629292	     0.0645587	
97.500	     0.0659662	     0.0742328	
98.000	     0.0659662	     0.0742328	
98.500	     0.0686925	     0.0808467	
99.000	     0.0711492	     0.0855663	
99.500	     0.0733705	     0.0890506	
100.000	     0.0733705	     0.0890506	
100.500	     0.0753856	     0.0916949	
101.000	     0.0772191	     0.0937482	
101.500	     0.0772191	     0.0937482	
102.000	     0.0788922	     0.0953736	
102.500	     0.0804229	     0.0966815	
103.000	     0.0804229	     0.0966815	
103.500	      0.081827	     0.0977491	
104.000	     0.0831179	     0.0986313	
104.500	     0.0843075	     0.0993682	
105.000	     0.0843075	     0.0993682	
105.500	      0.085406	     0.0999898	
106.000	     0.0864225	      0.100518	
106.500	     0.0864225	      0.100518	
107.000	     0.0873649	      0.100972	
107.500	     0.0882401	      0.101363	
108.000	     0.0890545	      0.101702	
108.500	     0.0890545	      0.101702	
109.000	     0.0898134	      0.101999	
109.500	     0.0905217	      0.102259	
110.000	     0.0905217	      0.102259	
110.500	     0.0911839	      0.102489	
111.000	     0.0918038	      0.102693	
111.500	      0.092385	      0.102873	
112.000	      0.092385	      0.102873	
112.500	     0.0929305	      0.103035	
113.000	     0.0934432	      0.103179	
113.500	     0.0934432	      0.103179	
114.000	     0.0939257	      0.103309	
114.500	     0.0943803	      0.103426	
115.000	      0.094809	      0.103531	
115.500	      0.094809	      0.103531	
116.000	     0.0952139	      0.103627	
116.500	     0.0955965	      0.103714	
117.000	     0.0955965	      0.103714	
117.500	     0.0959585	      0.103792	
118.000	     0.0963014	      0.103864	
118.500	     0.0966264	      0.103929	
119.000	     0.0966264	      0.103929	
119.500	     0.0969348	      0.103989	
120.000	     0.0972276	      0.104043	
120.500	     0.0972276	      0.104043	
121.000	      0.097506	      0.104093	
121.500	     0.0977707	      0.104139	
122.000	     0.0980227	      0.104181	
122.500	     0.0980227	      0.104181	
123.000	     0.0982628	       0.10422	
123.500	     0.0984918	      0.104255	
124.000	     0.0984918	      0.104255	
124.500	     0.0987101	      0.104288	
125.000	     0.0989186	      0.104318	
125.500	     0.0989186	      0.104318	
126.000	     0.0991178	      0.104345	
126.500	     0.0993083	       0.10437	
127.000	     0.0994904	      0.104394	
127.500	     0.0994904	      0.104394	
128.000	     0.0996648	      0.104415	
128.500	     0.0998318	      0.104435	
129.000	     0.0998318	      0.104435	
129.500	     0.0999918	      0.104453	
130.000	      0.100145	      0.104469	
130.500	      0.100292	      0.104484	
131.000	      0.100292	      0.104484	
131.500	      0.100434	      0.104498	
132.000	       0.10057	      0.104511	
132.500	       0.10057	      0.104511	
133.000	        0.1007	      0.104522	
133.500	      0.100825	      0.104533	
134.000	      0.100946	      0.104542	
134.500	      0.100946	      0.104542	
135.000	      0.101062	      0.104551	
135.500	      0.101174	      0.104559	
136.000	      0.101174	      0.104559	
136.500	      0.101281	      0.104565	
137.000	      0.101385	      0.104572	
137.500	      0.101485	      0.104577	
138.000	      0.101485	      0.104577	
138.500	      0.101581	      0.104582	
139.000	      0.101674	      0.104586	
139.500	      0.101674	      0.104586	
140.000	      0.101764	      0.104589	
140.500	       0.10185	      0.104592	
141.000	      0.101934	      0.104594	
141.500	      0.101934	      0.104594	
142.000	      0.102015	      0.104596	
142.500	      0.102093	      0.104597	
143.000	      0.102093	      0.104597	
143.500	      0.102169	      0.104597	
144.000	      0.102242	      0.104597	
144.500	      0.102312	      0.104597	
145.000	      0.102312	      0.104597	
145.500	      0.102381	      0.104596	
146.000	      0.102447	      0.104595	
146.500	      0.102447	      0.104595	
147.000	      0.102511	      0.104594	
147.500	      0.102573	      0.104592	
148.000	      0.102573	      0.104592	
148.500	      0.102634	      0.104589	
149.000	      0.102692	      0.104587	
149.500	      0.102749	      0.104583	
150.000	      0.102749	      0.104583	
150.500	      0.102804	       0.10458	
151.000	      0.102857	      0.104576	
151.500	      0.102857	      0.104576	
152.000	      0.102909	      0.104572	
152.500	      0.102959	      0.104567	
153.000	      0.103007	      0.104563	
153.500	      0.103007	      0.104563	
154.000	      0.103055	      0.104558	
154.500	      0.103101	      0.104552	
155.000	      0.103101	      0.104552	
155.500	      0.103145	      0.104546	
156.000	      0.103189	       0.10454	
156.500	      0.103231	      0.104534	
157.000	      0.103231	      0.104534	
157.500	      0.103272	      0.104527	
158.000	      0.103312	       0.10452	
158.500	      0.103312	       0.10452	
159.000	       0.10335	      0.104513	
159.500	      0.103388	      0.104505	
160.000	      0.103425	      0.104497	
160.500	      0.103425	      0.104497	
161.000	       0.10346	      0.104489	
161.500	      0.103495	       0.10448	
162.000	      0.103495	       0.10448	
162.500	      0.103529	      0.104472	
163.000	      0.103562	      0.104462	
163.500	      0.103594	      0.104453	
164.000	      0.103594	      0.104453	
164.500	      0.103625	      0.104443	
165.000	      0.103656	      0.104433	
165.500	      0.103656	      0.104433	
166.000	      0.103685	      0.104423	
166.500	      0.103714	      0.104412	
167.000	      0.103742	      0.104401	
167.500	      0.103742	      0.104401	
168.000	       0.10377	       0.10439	
168.500	      0.103797	      0.104378	
169.000	      0.103797	      0.104378	
169.500	      0.103823	      0.104367	
170.000	      0.103848	      0.104354	
170.500	      0.103848	      0.104354	
171.000	      0.103873	      0.104342	
171.500	      0.103897	      0.104329	
172.000	      0.103921	      0.104315	
172.500	      0.103921	      0.104315	
173.000	      0.103944	      0.104302	
173.500	      0.103966	      0.104288	
174.000	      0.103966	      0.104288	
174.500	      0.103988	      0.104273	
175.000	      0.104009	      0.104259	
175.500	       0.10403	      0.104244	
176.000	       0.10403	      0.104244	
176.500	       0.10405	      0.104228	
177.000	       0.10407	      0.104212	
177.500	       0.10407	      0.104212	
178.000	       0.10409	      0.104196	
178.500	      0.104108	      0.104179	
179.000	      0.104127	      0.104162	
179.500	      0.104127	      0.104162	
180.000	      0.104145	      0.104145	
