
TracePro Release: 3 2 0 
Polar Candela Distribution Data for 
Data covers +/- 180.000 degrees from Normal
Data for Missed Rays
Data generated at 09:29:41 June 30, 2025

	   0.0	 180.0
0.000	      0.281992	      0.281992	
0.500	        0.2793	      0.284352	
1.000	        0.2793	      0.284352	
1.500	      0.276217	      0.286427	
2.000	      0.272667	      0.288257	
2.500	      0.268558	      0.289872	
3.000	      0.268558	      0.289872	
3.500	       0.26377	      0.291299	
4.000	       0.25815	      0.292558	
4.500	       0.25815	      0.292558	
5.000	      0.251499	      0.293666	
5.500	      0.243551	      0.294634	
6.000	       0.23395	      0.295471	
6.500	       0.23395	      0.295471	
7.000	      0.222209	       0.29618	
7.500	      0.207644	      0.296754	
8.000	      0.207644	      0.296754	
8.500	      0.189275	      0.297166	
9.000	      0.165655	      0.297326	
9.500	      0.134577	      0.296835	
10.000	      0.134577	      0.296835	
10.500	     0.0925341	      0.291001	
11.000	     0.0336881	      0.375404	
11.500	     0.0336881	      0.375404	
12.000	     0.0522856	      0.291125	
12.500	      0.185078	       0.29706	
13.000	      0.185078	       0.29706	
13.500	      0.406194	      0.297604	
14.000	       0.81618	       0.29742	
14.500	       1.71529	      0.296867	
15.000	       1.71529	      0.296867	
15.500	       4.39162	      0.295985	
16.000	       24.0204	      0.294729	
16.500	       24.0204	      0.294729	
17.000	       248.718	      0.293001	
17.500	       24.0205	      0.290644	
18.000	       4.39171	      0.287411	
18.500	       4.39171	      0.287411	
19.000	       1.71543	      0.282903	
19.500	      0.816371	      0.276455	
20.000	      0.816371	      0.276455	
20.500	      0.406432	      0.266889	
21.000	      0.185363	      0.251953	
21.500	     0.0526178	      0.226903	
22.000	     0.0526178	      0.226903	
22.500	     0.0333096	       0.18024	
23.000	     0.0921098	      0.077626	
23.500	     0.0921098	      0.077626	
24.000	      0.134107	      0.228252	
24.500	      0.165141	       2.47293	
25.000	      0.188718	       28.7192	
25.500	      0.188718	       28.7192	
26.000	      0.207044	       2.47257	
26.500	      0.221568	       0.22754	
27.000	      0.221568	       0.22754	
27.500	      0.233269	     0.0786963	
28.000	      0.242831	      0.181672	
28.500	      0.250742	      0.228703	
29.000	      0.250742	      0.228703	
29.500	      0.257359	      0.254127	
30.000	      0.262946	      0.269444	
30.500	      0.262946	      0.269444	
31.000	      0.267703	      0.279402	
31.500	      0.271786	      0.286252	
32.000	      0.275312	      0.291175	
32.500	      0.275312	      0.291175	
33.000	      0.278376	       0.29484	
33.500	      0.281053	      0.297648	
34.000	      0.281053	      0.297648	
34.500	      0.283403	      0.299852	
35.000	      0.285475	      0.301617	
35.500	      0.285475	      0.301617	
36.000	      0.287309	      0.303056	
36.500	      0.288937	      0.304247	
37.000	      0.290387	      0.305246	
37.500	      0.290387	      0.305246	
38.000	      0.291682	      0.306094	
38.500	      0.292841	      0.306821	
39.000	      0.292841	      0.306821	
39.500	       0.29388	      0.307451	
40.000	      0.294812	      0.308001	
40.500	       0.29565	      0.308485	
41.000	       0.29565	      0.308485	
41.500	      0.296404	      0.308914	
42.000	      0.297081	      0.309296	
42.500	      0.297081	      0.309296	
43.000	      0.297689	      0.309639	
43.500	      0.298236	      0.309949	
44.000	      0.298726	       0.31023	
44.500	      0.298726	       0.31023	
45.000	      0.299164	      0.310485	
45.500	      0.299554	      0.310718	
46.000	      0.299554	      0.310718	
46.500	      0.299901	      0.310933	
47.000	      0.300206	       0.31113	
47.500	      0.300474	      0.311312	
48.000	      0.300474	      0.311312	
48.500	      0.300706	      0.311481	
49.000	      0.300905	      0.311638	
49.500	      0.300905	      0.311638	
50.000	      0.301072	      0.311785	
50.500	      0.301209	      0.311921	
51.000	      0.301317	      0.312049	
51.500	      0.301317	      0.312049	
52.000	      0.301398	      0.312169	
52.500	      0.301452	      0.312282	
53.000	      0.301452	      0.312282	
53.500	      0.301479	      0.312389	
54.000	      0.301482	      0.312489	
54.500	      0.301459	      0.312584	
55.000	      0.301459	      0.312584	
55.500	      0.301412	      0.312674	
56.000	       0.30134	      0.312759	
56.500	       0.30134	      0.312759	
57.000	      0.301243	       0.31284	
57.500	      0.301122	      0.312916	
58.000	      0.301122	      0.312916	
58.500	      0.300975	      0.312989	
59.000	      0.300804	      0.313059	
59.500	      0.300606	      0.313125	
60.000	      0.300606	      0.313125	
60.500	      0.300382	      0.313189	
61.000	       0.30013	      0.313249	
61.500	       0.30013	      0.313249	
62.000	      0.299849	      0.313307	
62.500	      0.299539	      0.313363	
63.000	      0.299198	      0.313416	
63.500	      0.299198	      0.313416	
64.000	      0.298825	      0.313467	
64.500	      0.298417	      0.313516	
65.000	      0.298417	      0.313516	
65.500	      0.297972	      0.313563	
66.000	      0.297489	      0.313608	
66.500	      0.296966	      0.313651	
67.000	      0.296966	      0.313651	
67.500	      0.296398	      0.313692	
68.000	      0.295783	      0.313732	
68.500	      0.295783	      0.313732	
69.000	      0.295117	      0.313771	
69.500	      0.294397	      0.313808	
70.000	      0.293617	      0.313844	
70.500	      0.293617	      0.313844	
71.000	      0.292774	      0.313878	
71.500	       0.29186	      0.313911	
72.000	       0.29186	      0.313911	
72.500	       0.29087	      0.313943	
73.000	      0.289796	      0.313974	
73.500	       0.28863	      0.314004	
74.000	       0.28863	      0.314004	
74.500	      0.287363	      0.314033	
75.000	      0.285984	      0.314061	
75.500	      0.285984	      0.314061	
76.000	       0.28448	      0.314087	
76.500	      0.282838	      0.314113	
77.000	      0.281042	      0.314138	
77.500	      0.281042	      0.314138	
78.000	      0.279072	      0.314162	
78.500	      0.276908	      0.314186	
79.000	      0.276908	      0.314186	
79.500	      0.274523	      0.314208	
80.000	      0.271889	       0.31423	
80.500	      0.271889	       0.31423	
81.000	      0.268971	      0.314251	
81.500	      0.265727	      0.314271	
82.000	      0.262109	      0.314291	
82.500	      0.262109	      0.314291	
83.000	      0.258059	       0.31431	
83.500	      0.253506	      0.314328	
84.000	      0.253506	      0.314328	
84.500	      0.248365	      0.314345	
85.000	      0.242531	      0.314362	
85.500	      0.235877	      0.314379	
86.000	      0.235877	      0.314379	
86.500	      0.228243	      0.314395	
87.000	      0.219427	       0.31441	
87.500	      0.219427	       0.31441	
88.000	      0.209174	      0.314425	
88.500	      0.197157	      0.314439	
89.000	      0.182949	      0.314453	
89.500	      0.182949	      0.314453	
90.000	      0.165983	      0.314466	
90.500	        0.1455	      0.314479	
91.000	        0.1455	      0.314479	
91.500	       0.12046	      0.314491	
92.000	      0.089403	      0.314503	
92.500	     0.0502393	      0.314514	
93.000	     0.0502393	      0.314514	
93.500	   0.000117578	      0.314525	
94.000	     0.0663769	      0.314535	
94.500	     0.0663769	      0.314535	
95.000	      0.156015	      0.314545	
95.500	      0.281487	      0.314555	
96.000	      0.464813	      0.314564	
96.500	      0.464813	      0.314564	
97.000	      0.747989	      0.314572	
97.500	       1.21954	      0.314581	
98.000	       1.21954	      0.314581	
98.500	       2.09391	      0.314589	
99.000	       4.01149	      0.314596	
99.500	       9.71954	      0.314603	
100.000	       9.71954	      0.314603	
100.500	       51.5841	       0.31461	
101.000	       530.116	      0.314617	
101.500	       530.116	      0.314617	
102.000	       51.5841	      0.314623	
102.500	       9.71946	      0.314629	
103.000	       9.71946	      0.314629	
103.500	       4.01136	      0.314634	
104.000	       2.09375	      0.314639	
104.500	       1.21933	      0.314644	
105.000	       1.21933	      0.314644	
105.500	      0.747738	      0.314648	
106.000	       0.46452	      0.314652	
106.500	       0.46452	      0.314652	
107.000	      0.281152	      0.314656	
107.500	      0.155637	      0.314659	
108.000	     0.0659557	      0.314662	
108.500	     0.0659557	      0.314662	
109.000	   0.000347067	      0.314665	
109.500	     0.0507479	      0.314668	
110.000	     0.0507479	      0.314668	
110.500	     0.0899559	       0.31467	
111.000	      0.121057	      0.314671	
111.500	      0.146143	      0.314673	
112.000	      0.146143	      0.314673	
112.500	      0.166672	      0.314674	
113.000	      0.183684	      0.314675	
113.500	      0.183684	      0.314675	
114.000	       0.19794	      0.314676	
114.500	      0.210005	      0.314676	
115.000	      0.220306	      0.314676	
115.500	      0.220306	      0.314676	
116.000	      0.229171	      0.314675	
116.500	      0.236856	      0.314675	
117.000	      0.236856	      0.314675	
117.500	      0.243561	      0.314674	
118.000	      0.249447	      0.314673	
118.500	      0.254641	      0.314671	
119.000	      0.254641	      0.314671	
119.500	      0.259248	      0.314669	
120.000	      0.263354	      0.314667	
120.500	      0.263354	      0.314667	
121.000	      0.267028	      0.314665	
121.500	       0.27033	      0.314662	
122.000	      0.273308	      0.314659	
122.500	      0.273308	      0.314659	
123.000	      0.276002	      0.314656	
123.500	      0.278449	      0.314652	
124.000	      0.278449	      0.314652	
124.500	      0.280677	      0.314648	
125.000	      0.282713	      0.314644	
125.500	      0.282713	      0.314644	
126.000	      0.284576	      0.314639	
126.500	      0.286287	      0.314634	
127.000	      0.287862	      0.314629	
127.500	      0.287862	      0.314629	
128.000	      0.289315	      0.314624	
128.500	      0.290657	      0.314618	
129.000	      0.290657	      0.314618	
129.500	      0.291901	      0.314612	
130.000	      0.293055	      0.314606	
130.500	      0.294128	      0.314599	
131.000	      0.294128	      0.314599	
131.500	      0.295127	      0.314592	
132.000	       0.29606	      0.314584	
132.500	       0.29606	      0.314584	
133.000	      0.296931	      0.314577	
133.500	      0.297746	      0.314569	
134.000	       0.29851	       0.31456	
134.500	       0.29851	       0.31456	
135.000	      0.299227	      0.314551	
135.500	      0.299901	      0.314542	
136.000	      0.299901	      0.314542	
136.500	      0.300535	      0.314533	
137.000	      0.301132	      0.314523	
137.500	      0.301695	      0.314513	
138.000	      0.301695	      0.314513	
138.500	      0.302227	      0.314503	
139.000	       0.30273	      0.314492	
139.500	       0.30273	      0.314492	
140.000	      0.303206	      0.314481	
140.500	      0.303657	      0.314469	
141.000	      0.304084	      0.314457	
141.500	      0.304084	      0.314457	
142.000	       0.30449	      0.314445	
142.500	      0.304875	      0.314432	
143.000	      0.304875	      0.314432	
143.500	      0.305241	      0.314419	
144.000	       0.30559	      0.314405	
144.500	      0.305922	      0.314391	
145.000	      0.305922	      0.314391	
145.500	      0.306238	      0.314377	
146.000	       0.30654	      0.314362	
146.500	       0.30654	      0.314362	
147.000	      0.306828	      0.314347	
147.500	      0.307103	      0.314331	
148.000	      0.307103	      0.314331	
148.500	      0.307366	      0.314315	
149.000	      0.307617	      0.314298	
149.500	      0.307858	      0.314281	
150.000	      0.307858	      0.314281	
150.500	      0.308088	      0.314264	
151.000	      0.308309	      0.314246	
151.500	      0.308309	      0.314246	
152.000	      0.308521	      0.314227	
152.500	      0.308724	      0.314208	
153.000	      0.308919	      0.314188	
153.500	      0.308919	      0.314188	
154.000	      0.309107	      0.314168	
154.500	      0.309287	      0.314148	
155.000	      0.309287	      0.314148	
155.500	       0.30946	      0.314127	
156.000	      0.309626	      0.314105	
156.500	      0.309786	      0.314082	
157.000	      0.309786	      0.314082	
157.500	       0.30994	      0.314059	
158.000	      0.310089	      0.314036	
158.500	      0.310089	      0.314036	
159.000	      0.310232	      0.314012	
159.500	       0.31037	      0.313987	
160.000	      0.310503	      0.313961	
160.500	      0.310503	      0.313961	
161.000	      0.310632	      0.313935	
161.500	      0.310756	      0.313909	
162.000	      0.310756	      0.313909	
162.500	      0.310875	      0.313881	
163.000	      0.310991	      0.313853	
163.500	      0.311103	      0.313824	
164.000	      0.311103	      0.313824	
164.500	      0.311211	      0.313794	
165.000	      0.311315	      0.313764	
165.500	      0.311315	      0.313764	
166.000	      0.311416	      0.313732	
166.500	      0.311514	        0.3137	
167.000	      0.311608	      0.313667	
167.500	      0.311608	      0.313667	
168.000	        0.3117	      0.313633	
168.500	      0.311789	      0.313598	
169.000	      0.311789	      0.313598	
169.500	      0.311875	      0.313563	
170.000	      0.311958	      0.313526	
170.500	      0.311958	      0.313526	
171.000	      0.312039	      0.313488	
171.500	      0.312117	       0.31345	
172.000	      0.312193	       0.31341	
172.500	      0.312193	       0.31341	
173.000	      0.312267	      0.313369	
173.500	      0.312338	      0.313328	
174.000	      0.312338	      0.313328	
174.500	      0.312408	      0.313285	
175.000	      0.312475	      0.313241	
175.500	       0.31254	      0.313195	
176.000	       0.31254	      0.313195	
176.500	      0.312604	      0.313149	
177.000	      0.312665	      0.313101	
177.500	      0.312665	      0.313101	
178.000	      0.312725	      0.313051	
178.500	      0.312784	      0.313001	
179.000	       0.31284	      0.312949	
179.500	       0.31284	      0.312949	
180.000	      0.312895	      0.312895	
