
TracePro Release: 3 2 0 
Polar Candela Distribution Data for 
Data covers +/- 180.000 degrees from Normal
Data for Missed Rays
Data generated at 09:37:57 June 25, 2025

	   0.0	 180.0
0.000	      0.288228	      0.288228	
0.500	      0.288111	      0.288365	
1.000	      0.288111	      0.288365	
1.500	      0.288007	      0.288542	
2.000	      0.287911	      0.288792	
2.500	      0.287819	      0.289203	
3.000	      0.287819	      0.289203	
3.500	      0.287729	      0.290032	
4.000	       0.28764	      0.292388	
4.500	       0.28764	      0.292388	
5.000	      0.287552	      0.309316	
5.500	      0.287463	     0.0748895	
6.000	      0.287372	      0.309416	
6.500	      0.287372	      0.309416	
7.000	      0.287281	      0.292588	
7.500	      0.287188	      0.290332	
8.000	      0.287188	      0.290332	
8.500	      0.287092	      0.289602	
9.000	      0.286995	       0.28929	
9.500	      0.286895	      0.289138	
10.000	      0.286895	      0.289138	
10.500	      0.286792	      0.289059	
11.000	      0.286687	      0.289016	
11.500	      0.286687	      0.289016	
12.000	      0.286578	      0.288991	
12.500	      0.286467	      0.288975	
13.000	      0.286467	      0.288975	
13.500	      0.286352	      0.288959	
14.000	      0.286233	      0.288935	
14.500	      0.286111	      0.288894	
15.000	      0.286111	      0.288894	
15.500	      0.285984	      0.288816	
16.000	      0.285854	      0.288656	
16.500	      0.285854	      0.288656	
17.000	      0.285719	      0.288283	
17.500	      0.285579	      0.287134	
18.000	      0.285435	      0.278525	
18.500	      0.285435	      0.278525	
19.000	      0.285286	      0.399118	
19.500	      0.285131	      0.279309	
20.000	      0.285131	      0.279309	
20.500	       0.28497	      0.294613	
21.000	      0.284803	      0.178036	
21.500	       0.28463	      0.392654	
22.000	       0.28463	      0.392654	
22.500	       0.28445	      0.265071	
23.000	      0.284262	      0.480768	
23.500	      0.284262	      0.480768	
24.000	      0.284067	        0.1827	
24.500	      0.283863	      0.294031	
25.000	      0.283651	      0.288894	
25.500	      0.283651	      0.288894	
26.000	      0.283428	      0.287863	
26.500	      0.283195	      0.281977	
27.000	      0.283195	      0.281977	
27.500	       0.28295	      0.363919	
28.000	      0.282691	      0.281976	
28.500	      0.282418	      0.287788	
29.000	      0.282418	      0.287788	
29.500	      0.282128	      0.288355	
30.000	      0.281817	      0.287889	
30.500	      0.281817	      0.287889	
31.000	      0.281482	      0.282866	
31.500	      0.281116	      0.351288	
32.000	       0.28071	      0.277618	
32.500	       0.28071	      0.277618	
33.000	      0.280248	      0.348888	
33.500	      0.279704	      0.283358	
34.000	      0.279704	      0.283358	
34.500	      0.279028	      0.288392	
35.000	      0.278116	      0.289179	
35.500	      0.278116	      0.289179	
36.000	      0.276715	      0.289484	
36.500	      0.274076	      0.289646	
37.000	       0.26699	      0.289748	
37.500	       0.26699	      0.289748	
38.000	      0.217644	       0.28982	
38.500	      0.896725	      0.289874	
39.000	      0.896725	      0.289874	
39.500	      0.216694	      0.289919	
40.000	       0.26509	      0.289957	
40.500	      0.271223	      0.289989	
41.000	      0.271223	      0.289989	
41.500	      0.272909	      0.290018	
42.000	       0.27337	      0.290045	
42.500	       0.27337	      0.290045	
43.000	      0.273393	      0.290069	
43.500	      0.273346	      0.290092	
44.000	      0.273779	      0.290114	
44.500	      0.273779	      0.290114	
45.000	      0.277158	      0.290134	
45.500	      0.321605	      0.290153	
46.000	      0.321605	      0.290153	
46.500	      0.579638	      0.290171	
47.000	       1.94281	      0.290189	
47.500	       1.42913	      0.290206	
48.000	       1.42913	      0.290206	
48.500	        1.1235	      0.290222	
49.000	      0.135486	      0.290238	
49.500	      0.135486	      0.290238	
50.000	       1.01191	      0.290253	
50.500	       0.12608	      0.290268	
51.000	       1.09633	      0.290282	
51.500	       1.09633	      0.290282	
52.000	      0.598678	      0.290296	
52.500	      0.314513	      0.290309	
53.000	      0.314513	      0.290309	
53.500	      0.257931	      0.290322	
54.000	       0.24177	      0.290335	
54.500	      0.173297	      0.290347	
55.000	      0.173297	      0.290347	
55.500	       1.03771	      0.290359	
56.000	     0.0972144	      0.290371	
56.500	     0.0972144	      0.290371	
57.000	       1.03623	      0.290383	
57.500	      0.116448	      0.290394	
58.000	      0.116448	      0.290394	
58.500	       1.19633	      0.290404	
59.000	       1.45036	      0.290415	
59.500	       0.45329	      0.290425	
60.000	       0.45329	      0.290425	
60.500	      0.558949	      0.290435	
61.000	      0.356299	      0.290445	
61.500	      0.356299	      0.290445	
62.000	      0.795029	      0.290454	
62.500	       2.88024	      0.290463	
63.000	       1.86187	      0.290472	
63.500	       1.86187	      0.290472	
64.000	       2.91039	      0.290481	
64.500	       1.88924	      0.290489	
65.000	       1.88924	      0.290489	
65.500	       2.79306	      0.290498	
66.000	    0.00543936	      0.290506	
66.500	      0.295515	      0.290513	
67.000	      0.295515	      0.290513	
67.500	       1.54533	      0.290521	
68.000	       1.27656	      0.290528	
68.500	       1.27656	      0.290528	
69.000	       1.67958	      0.290536	
69.500	       2.14705	      0.290542	
70.000	       2.62782	      0.290549	
70.500	       2.62782	      0.290549	
71.000	       2.14512	      0.290556	
71.500	       2.82663	      0.290562	
72.000	       2.82663	      0.290562	
72.500	       3.70222	      0.290568	
73.000	       1.98229	      0.290574	
73.500	       1.20152	       0.29058	
74.000	       1.20152	       0.29058	
74.500	       4.64907	      0.290586	
75.000	       3.55108	      0.290591	
75.500	       3.55108	      0.290591	
76.000	       2.51541	      0.290596	
76.500	       2.11433	      0.290601	
77.000	       3.26973	      0.290606	
77.500	       3.26973	      0.290606	
78.000	       5.73415	      0.290611	
78.500	       5.19297	      0.290615	
79.000	       5.19297	      0.290615	
79.500	      0.747144	      0.290619	
80.000	       10.2767	      0.290624	
80.500	       10.2767	      0.290624	
81.000	       11.2473	      0.290628	
81.500	       78.4311	      0.290631	
82.000	       744.428	      0.290635	
82.500	       744.428	      0.290635	
83.000	       72.4491	      0.290638	
83.500	       13.7502	      0.290642	
84.000	       13.7502	      0.290642	
84.500	       5.75822	      0.290645	
85.000	       3.07547	      0.290648	
85.500	       1.85279	      0.290651	
86.000	       1.85279	      0.290651	
86.500	       1.19358	      0.290653	
87.000	      0.797772	      0.290656	
87.500	      0.797772	      0.290656	
88.000	       0.54155	      0.290658	
88.500	      0.366187	       0.29066	
89.000	      0.240899	      0.290662	
89.500	      0.240899	      0.290662	
90.000	      0.148278	      0.290664	
90.500	     0.0778758	      0.290666	
91.000	     0.0778758	      0.290666	
91.500	     0.0231116	      0.290667	
92.000	     0.0203268	      0.290669	
92.500	     0.0553613	       0.29067	
93.000	     0.0553613	       0.29067	
93.500	     0.0840285	      0.290671	
94.000	      0.107783	      0.290672	
94.500	      0.107783	      0.290672	
95.000	      0.127688	      0.290673	
95.500	      0.144531	      0.290673	
96.000	       0.15891	      0.290674	
96.500	       0.15891	      0.290674	
97.000	      0.171284	      0.290674	
97.500	      0.182008	      0.290674	
98.000	      0.182008	      0.290674	
98.500	      0.191364	      0.290674	
99.000	      0.199575	      0.290674	
99.500	       0.20682	      0.290674	
100.000	       0.20682	      0.290674	
100.500	      0.213245	      0.290673	
101.000	       0.21897	      0.290673	
101.500	       0.21897	      0.290673	
102.000	      0.224092	      0.290672	
102.500	      0.228694	      0.290671	
103.000	      0.228694	      0.290671	
103.500	      0.232843	       0.29067	
104.000	      0.236597	      0.290669	
104.500	      0.240004	      0.290667	
105.000	      0.240004	      0.290667	
105.500	      0.243107	      0.290666	
106.000	       0.24594	      0.290664	
106.500	       0.24594	      0.290664	
107.000	      0.248533	      0.290662	
107.500	      0.250913	       0.29066	
108.000	      0.253103	      0.290658	
108.500	      0.253103	      0.290658	
109.000	      0.255123	      0.290656	
109.500	      0.256989	      0.290653	
110.000	      0.256989	      0.290653	
110.500	      0.258717	      0.290651	
111.000	       0.26032	      0.290648	
111.500	      0.261809	      0.290645	
112.000	      0.261809	      0.290645	
112.500	      0.263196	      0.290642	
113.000	       0.26449	      0.290638	
113.500	       0.26449	      0.290638	
114.000	      0.265698	      0.290635	
114.500	      0.266829	      0.290631	
115.000	      0.267888	      0.290628	
115.500	      0.267888	      0.290628	
116.000	      0.268881	      0.290624	
116.500	      0.269814	      0.290619	
117.000	      0.269814	      0.290619	
117.500	      0.270692	      0.290615	
118.000	      0.271518	      0.290611	
118.500	      0.272298	      0.290606	
119.000	      0.272298	      0.290606	
119.500	      0.273033	      0.290601	
120.000	      0.273728	      0.290596	
120.500	      0.273728	      0.290596	
121.000	      0.274386	      0.290591	
121.500	      0.275009	      0.290586	
122.000	      0.275599	       0.29058	
122.500	      0.275599	       0.29058	
123.000	      0.276158	      0.290575	
123.500	       0.27669	      0.290569	
124.000	       0.27669	      0.290569	
124.500	      0.277195	      0.290563	
125.000	      0.277675	      0.290557	
125.500	      0.277675	      0.290557	
126.000	      0.278133	       0.29055	
126.500	      0.278569	      0.290543	
127.000	      0.278984	      0.290537	
127.500	      0.278984	      0.290537	
128.000	       0.27938	       0.29053	
128.500	      0.279759	      0.290522	
129.000	      0.279759	      0.290522	
129.500	       0.28012	      0.290515	
130.000	      0.280466	      0.290507	
130.500	      0.280797	        0.2905	
131.000	      0.280797	        0.2905	
131.500	      0.281113	      0.290492	
132.000	      0.281417	      0.290483	
132.500	      0.281417	      0.290483	
133.000	      0.281708	      0.290475	
133.500	      0.281986	      0.290466	
134.000	      0.282254	      0.290457	
134.500	      0.282254	      0.290457	
135.000	      0.282511	      0.290448	
135.500	      0.282758	      0.290439	
136.000	      0.282758	      0.290439	
136.500	      0.282995	      0.290429	
137.000	      0.283223	      0.290419	
137.500	      0.283442	      0.290409	
138.000	      0.283442	      0.290409	
138.500	      0.283654	      0.290399	
139.000	      0.283857	      0.290389	
139.500	      0.283857	      0.290389	
140.000	      0.284053	      0.290378	
140.500	      0.284242	      0.290367	
141.000	      0.284424	      0.290355	
141.500	      0.284424	      0.290355	
142.000	        0.2846	      0.290344	
142.500	      0.284769	      0.290332	
143.000	      0.284769	      0.290332	
143.500	      0.284933	       0.29032	
144.000	      0.285091	      0.290308	
144.500	      0.285244	      0.290295	
145.000	      0.285244	      0.290295	
145.500	      0.285392	      0.290282	
146.000	      0.285534	      0.290269	
146.500	      0.285534	      0.290269	
147.000	      0.285672	      0.290255	
147.500	      0.285806	      0.290242	
148.000	      0.285806	      0.290242	
148.500	      0.285935	      0.290228	
149.000	      0.286061	      0.290213	
149.500	      0.286182	      0.290199	
150.000	      0.286182	      0.290199	
150.500	      0.286299	      0.290183	
151.000	      0.286413	      0.290168	
151.500	      0.286413	      0.290168	
152.000	      0.286524	      0.290152	
152.500	      0.286631	      0.290136	
153.000	      0.286735	       0.29012	
153.500	      0.286735	       0.29012	
154.000	      0.286836	      0.290103	
154.500	      0.286933	      0.290086	
155.000	      0.286933	      0.290086	
155.500	      0.287028	      0.290069	
156.000	       0.28712	      0.290051	
156.500	       0.28721	      0.290033	
157.000	       0.28721	      0.290033	
157.500	      0.287297	      0.290014	
158.000	      0.287382	      0.289995	
158.500	      0.287382	      0.289995	
159.000	      0.287464	      0.289976	
159.500	      0.287544	      0.289956	
160.000	      0.287621	      0.289935	
160.500	      0.287621	      0.289935	
161.000	      0.287697	      0.289915	
161.500	      0.287771	      0.289894	
162.000	      0.287771	      0.289894	
162.500	      0.287842	      0.289872	
163.000	      0.287912	       0.28985	
163.500	       0.28798	      0.289827	
164.000	       0.28798	      0.289827	
164.500	      0.288046	      0.289804	
165.000	       0.28811	      0.289781	
165.500	       0.28811	      0.289781	
166.000	      0.288173	      0.289757	
166.500	      0.288234	      0.289732	
167.000	      0.288293	      0.289707	
167.500	      0.288293	      0.289707	
168.000	      0.288351	      0.289681	
168.500	      0.288408	      0.289655	
169.000	      0.288408	      0.289655	
169.500	      0.288463	      0.289628	
170.000	      0.288516	      0.289601	
170.500	      0.288516	      0.289601	
171.000	      0.288569	      0.289573	
171.500	       0.28862	      0.289544	
172.000	       0.28867	      0.289515	
172.500	       0.28867	      0.289515	
173.000	      0.288718	      0.289485	
173.500	      0.288766	      0.289454	
174.000	      0.288766	      0.289454	
174.500	      0.288812	      0.289423	
175.000	      0.288858	      0.289391	
175.500	      0.288902	      0.289358	
176.000	      0.288902	      0.289358	
176.500	      0.288945	      0.289325	
177.000	      0.288987	      0.289291	
177.500	      0.288987	      0.289291	
178.000	      0.289028	      0.289256	
178.500	      0.289068	       0.28922	
179.000	      0.289108	      0.289183	
179.500	      0.289108	      0.289183	
180.000	      0.289146	      0.289146	
