
TracePro Release: 3 2 0 
Polar Candela Distribution Data for 
Data covers +/- 180.000 degrees from Normal
Data for Missed Rays
Data generated at 09:29:41 June 30, 2025

	   0.0	 180.0
0.000	      0.234778	      0.234778	
0.500	      0.234783	      0.234774	
1.000	      0.234783	      0.234774	
1.500	      0.234789	      0.234772	
2.000	      0.234798	      0.234772	
2.500	      0.234808	      0.234772	
3.000	      0.234808	      0.234772	
3.500	      0.234821	      0.234773	
4.000	      0.234836	      0.234776	
4.500	      0.234836	      0.234776	
5.000	      0.234854	      0.234779	
5.500	      0.234875	      0.234783	
6.000	      0.234899	      0.234788	
6.500	      0.234899	      0.234788	
7.000	      0.234927	      0.234793	
7.500	      0.234959	      0.234799	
8.000	      0.234959	      0.234799	
8.500	      0.234995	      0.234805	
9.000	      0.235037	      0.234812	
9.500	      0.235083	      0.234819	
10.000	      0.235083	      0.234819	
10.500	      0.235136	      0.234827	
11.000	      0.235195	      0.234835	
11.500	      0.235195	      0.234835	
12.000	      0.235262	      0.234843	
12.500	      0.235337	      0.234851	
13.000	      0.235337	      0.234851	
13.500	      0.235421	       0.23486	
14.000	      0.235515	      0.234869	
14.500	       0.23562	      0.234878	
15.000	       0.23562	      0.234878	
15.500	      0.235739	      0.234887	
16.000	      0.235871	      0.234896	
16.500	      0.235871	      0.234896	
17.000	      0.236019	      0.234906	
17.500	      0.236186	      0.234915	
18.000	      0.236372	      0.234925	
18.500	      0.236372	      0.234925	
19.000	      0.236582	      0.234934	
19.500	      0.236817	      0.234944	
20.000	      0.236817	      0.234944	
20.500	      0.237082	      0.234954	
21.000	       0.23738	      0.234963	
21.500	      0.237717	      0.234973	
22.000	      0.237717	      0.234973	
22.500	      0.238097	      0.234982	
23.000	      0.238528	      0.234992	
23.500	      0.238528	      0.234992	
24.000	      0.239018	      0.235002	
24.500	      0.239576	      0.235011	
25.000	      0.240212	      0.235021	
25.500	      0.240212	      0.235021	
26.000	      0.240942	       0.23503	
26.500	      0.241781	      0.235039	
27.000	      0.241781	      0.235039	
27.500	      0.242749	      0.235049	
28.000	      0.243873	      0.235058	
28.500	      0.245182	      0.235067	
29.000	      0.245182	      0.235067	
29.500	      0.246717	      0.235076	
30.000	      0.248527	      0.235085	
30.500	      0.248527	      0.235085	
31.000	      0.250677	      0.235094	
31.500	      0.253251	      0.235103	
32.000	       0.25636	      0.235111	
32.500	       0.25636	      0.235111	
33.000	      0.260154	       0.23512	
33.500	       0.26484	      0.235128	
34.000	       0.26484	      0.235128	
34.500	      0.270703	      0.235137	
35.000	      0.278159	      0.235145	
35.500	      0.278159	      0.235145	
36.000	      0.287816	      0.235153	
36.500	      0.300607	      0.235161	
37.000	       0.31801	      0.235169	
37.500	       0.31801	      0.235169	
38.000	      0.342489	      0.235177	
38.500	      0.378402	      0.235184	
39.000	      0.378402	      0.235184	
39.500	      0.434061	      0.235192	
40.000	      0.526987	      0.235199	
40.500	      0.699624	      0.235207	
41.000	      0.699624	      0.235207	
41.500	       1.07873	      0.235214	
42.000	       2.20807	      0.235221	
42.500	       2.20807	      0.235221	
43.000	        10.494	      0.235228	
43.500	       104.645	      0.235235	
44.000	       10.4929	      0.235242	
44.500	       10.4929	      0.235242	
45.000	       2.20587	      0.235248	
45.500	       1.07542	      0.235255	
46.000	       1.07542	      0.235255	
46.500	      0.695193	      0.235261	
47.000	      0.521417	      0.235268	
47.500	      0.427332	      0.235274	
48.000	      0.427332	      0.235274	
48.500	      0.370488	       0.23528	
49.000	      0.333358	      0.235286	
49.500	      0.333358	      0.235286	
50.000	      0.307627	      0.235291	
50.500	      0.288931	      0.235297	
51.000	      0.274799	      0.235303	
51.500	      0.274799	      0.235303	
52.000	      0.263747	      0.235308	
52.500	      0.254836	      0.235314	
53.000	      0.254836	      0.235314	
53.500	      0.247448	      0.235319	
54.000	      0.241161	      0.235324	
54.500	      0.235678	      0.235329	
55.000	      0.235678	      0.235329	
55.500	      0.230783	      0.235334	
56.000	      0.226314	      0.235338	
56.500	      0.226314	      0.235338	
57.000	      0.222147	      0.235343	
57.500	      0.218182	      0.235348	
58.000	      0.218182	      0.235348	
58.500	      0.214338	      0.235352	
59.000	      0.210546	      0.235356	
59.500	      0.206745	      0.235361	
60.000	      0.206745	      0.235361	
60.500	      0.202876	      0.235365	
61.000	      0.198887	      0.235369	
61.500	      0.198887	      0.235369	
62.000	      0.194723	      0.235372	
62.500	      0.190327	      0.235376	
63.000	      0.185638	       0.23538	
63.500	      0.185638	       0.23538	
64.000	      0.180591	      0.235383	
64.500	      0.175111	      0.235387	
65.000	      0.175111	      0.235387	
65.500	      0.169111	       0.23539	
66.000	       0.16249	      0.235393	
66.500	      0.155128	      0.235396	
67.000	      0.155128	      0.235396	
67.500	      0.146883	      0.235399	
68.000	      0.137576	      0.235402	
68.500	      0.137576	      0.235402	
69.000	      0.126992	      0.235405	
69.500	      0.114858	      0.235408	
70.000	      0.100831	       0.23541	
70.500	      0.100831	       0.23541	
71.000	     0.0844706	      0.235413	
71.500	     0.0652039	      0.235415	
72.000	     0.0652039	      0.235415	
72.500	      0.042274	      0.235417	
73.000	     0.0146641	      0.235419	
73.500	     0.0190181	      0.235421	
74.000	     0.0190181	      0.235421	
74.500	     0.0607208	      0.235423	
75.000	      0.113238	      0.235425	
75.500	      0.113238	      0.235425	
76.000	      0.180693	      0.235427	
76.500	      0.269377	      0.235428	
77.000	      0.389275	       0.23543	
77.500	      0.389275	       0.23543	
78.000	      0.557024	      0.235431	
78.500	      0.802034	      0.235432	
79.000	      0.802034	      0.235432	
79.500	        1.1804	      0.235434	
80.000	       1.81035	      0.235435	
80.500	       1.81035	      0.235435	
81.000	       2.97831	      0.235436	
81.500	       5.53958	      0.235436	
82.000	       13.1635	      0.235437	
82.500	       13.1635	      0.235437	
83.000	       69.0785	      0.235438	
83.500	       707.848	      0.235438	
84.000	       707.848	      0.235438	
84.500	       69.0786	      0.235439	
85.000	       13.1638	      0.235439	
85.500	       5.54007	      0.235439	
86.000	       5.54007	      0.235439	
86.500	       2.97896	       0.23544	
87.000	       1.81117	       0.23544	
87.500	       1.81117	       0.23544	
88.000	       1.18139	      0.235439	
88.500	      0.803207	      0.235439	
89.000	      0.558377	      0.235439	
89.500	      0.558377	      0.235439	
90.000	      0.390814	      0.235439	
90.500	      0.271107	      0.235438	
91.000	      0.271107	      0.235438	
91.500	      0.182622	      0.235437	
92.000	      0.115374	      0.235437	
92.500	     0.0630723	      0.235436	
93.000	     0.0630723	      0.235436	
93.500	     0.0215955	      0.235435	
94.000	     0.0118493	      0.235434	
94.500	     0.0118493	      0.235434	
95.000	     0.0392089	      0.235433	
95.500	     0.0618742	      0.235431	
96.000	     0.0808601	       0.23543	
96.500	     0.0808601	       0.23543	
97.000	     0.0969214	      0.235428	
97.500	      0.110629	      0.235427	
98.000	      0.110629	      0.235427	
98.500	      0.122421	      0.235425	
99.000	      0.132637	      0.235423	
99.500	      0.141547	      0.235421	
100.000	      0.141547	      0.235421	
100.500	      0.149363	      0.235419	
101.000	      0.156257	      0.235417	
101.500	      0.156257	      0.235417	
102.000	      0.162369	      0.235415	
102.500	      0.167812	      0.235412	
103.000	      0.167812	      0.235412	
103.500	       0.17268	       0.23541	
104.000	      0.177052	      0.235407	
104.500	      0.180992	      0.235405	
105.000	      0.180992	      0.235405	
105.500	      0.184556	      0.235402	
106.000	      0.187789	      0.235399	
106.500	      0.187789	      0.235399	
107.000	      0.190731	      0.235396	
107.500	      0.193416	      0.235392	
108.000	      0.195874	      0.235389	
108.500	      0.195874	      0.235389	
109.000	      0.198128	      0.235386	
109.500	      0.200201	      0.235382	
110.000	      0.200201	      0.235382	
110.500	      0.202112	      0.235378	
111.000	      0.203877	      0.235374	
111.500	       0.20551	       0.23537	
112.000	       0.20551	       0.23537	
112.500	      0.207025	      0.235366	
113.000	      0.208431	      0.235362	
113.500	      0.208431	      0.235362	
114.000	      0.209741	      0.235358	
114.500	      0.210961	      0.235353	
115.000	        0.2121	      0.235349	
115.500	        0.2121	      0.235349	
116.000	      0.213166	      0.235344	
116.500	      0.214163	      0.235339	
117.000	      0.214163	      0.235339	
117.500	      0.215099	      0.235334	
118.000	      0.215977	      0.235329	
118.500	      0.216802	      0.235323	
119.000	      0.216802	      0.235323	
119.500	      0.217579	      0.235318	
120.000	      0.218312	      0.235312	
120.500	      0.218312	      0.235312	
121.000	      0.219003	      0.235306	
121.500	      0.219655	      0.235301	
122.000	      0.220272	      0.235294	
122.500	      0.220272	      0.235294	
123.000	      0.220856	      0.235288	
123.500	      0.221409	      0.235282	
124.000	      0.221409	      0.235282	
124.500	      0.221933	      0.235275	
125.000	      0.222431	      0.235269	
125.500	      0.222431	      0.235269	
126.000	      0.222904	      0.235262	
126.500	      0.223353	      0.235255	
127.000	      0.223781	      0.235248	
127.500	      0.223781	      0.235248	
128.000	      0.224188	       0.23524	
128.500	      0.224576	      0.235233	
129.000	      0.224576	      0.235233	
129.500	      0.224946	      0.235225	
130.000	      0.225299	      0.235217	
130.500	      0.225636	      0.235209	
131.000	      0.225636	      0.235209	
131.500	      0.225959	      0.235201	
132.000	      0.226267	      0.235192	
132.500	      0.226267	      0.235192	
133.000	      0.226562	      0.235184	
133.500	      0.226844	      0.235175	
134.000	      0.227115	      0.235166	
134.500	      0.227115	      0.235166	
135.000	      0.227374	      0.235157	
135.500	      0.227623	      0.235147	
136.000	      0.227623	      0.235147	
136.500	      0.227861	      0.235138	
137.000	      0.228091	      0.235128	
137.500	      0.228311	      0.235118	
138.000	      0.228311	      0.235118	
138.500	      0.228522	      0.235108	
139.000	      0.228726	      0.235097	
139.500	      0.228726	      0.235097	
140.000	      0.228922	      0.235086	
140.500	       0.22911	      0.235076	
141.000	      0.229292	      0.235064	
141.500	      0.229292	      0.235064	
142.000	      0.229467	      0.235053	
142.500	      0.229635	      0.235042	
143.000	      0.229635	      0.235042	
143.500	      0.229798	       0.23503	
144.000	      0.229955	      0.235018	
144.500	      0.230106	      0.235005	
145.000	      0.230106	      0.235005	
145.500	      0.230252	      0.234993	
146.000	      0.230393	       0.23498	
146.500	      0.230393	       0.23498	
147.000	       0.23053	      0.234967	
147.500	      0.230661	      0.234953	
148.000	      0.230661	      0.234953	
148.500	      0.230789	       0.23494	
149.000	      0.230912	      0.234926	
149.500	      0.231031	      0.234911	
150.000	      0.231031	      0.234911	
150.500	      0.231147	      0.234897	
151.000	      0.231258	      0.234882	
151.500	      0.231258	      0.234882	
152.000	      0.231367	      0.234867	
152.500	      0.231471	      0.234851	
153.000	      0.231573	      0.234835	
153.500	      0.231573	      0.234835	
154.000	      0.231671	      0.234819	
154.500	      0.231767	      0.234803	
155.000	      0.231767	      0.234803	
155.500	       0.23186	      0.234786	
156.000	      0.231949	      0.234769	
156.500	      0.232037	      0.234751	
157.000	      0.232037	      0.234751	
157.500	      0.232121	      0.234734	
158.000	      0.232204	      0.234715	
158.500	      0.232204	      0.234715	
159.000	      0.232283	      0.234697	
159.500	      0.232361	      0.234678	
160.000	      0.232436	      0.234658	
160.500	      0.232436	      0.234658	
161.000	       0.23251	      0.234638	
161.500	      0.232581	      0.234618	
162.000	      0.232581	      0.234618	
162.500	       0.23265	      0.234598	
163.000	      0.232718	      0.234576	
163.500	      0.232783	      0.234555	
164.000	      0.232783	      0.234555	
164.500	      0.232847	      0.234533	
165.000	      0.232909	       0.23451	
165.500	      0.232909	       0.23451	
166.000	       0.23297	      0.234487	
166.500	      0.233028	      0.234464	
167.000	      0.233086	       0.23444	
167.500	      0.233086	       0.23444	
168.000	      0.233142	      0.234415	
168.500	      0.233196	       0.23439	
169.000	      0.233196	       0.23439	
169.500	      0.233249	      0.234365	
170.000	      0.233301	      0.234339	
170.500	      0.233301	      0.234339	
171.000	      0.233351	      0.234312	
171.500	        0.2334	      0.234284	
172.000	      0.233448	      0.234257	
172.500	      0.233448	      0.234257	
173.000	      0.233495	      0.234228	
173.500	       0.23354	      0.234199	
174.000	       0.23354	      0.234199	
174.500	      0.233585	      0.234169	
175.000	      0.233628	      0.234138	
175.500	       0.23367	      0.234107	
176.000	       0.23367	      0.234107	
176.500	      0.233712	      0.234075	
177.000	      0.233752	      0.234043	
177.500	      0.233752	      0.234043	
178.000	      0.233791	      0.234009	
178.500	       0.23383	      0.233975	
179.000	      0.233867	       0.23394	
179.500	      0.233867	       0.23394	
180.000	      0.233904	      0.233904	
