
TracePro Release: 3 2 0 
Polar Candela Distribution Data for 
Data covers +/- 180.000 degrees from Normal
Data for Missed Rays
Data generated at 09:37:53 June 25, 2025

	   0.0	 180.0
0.000	        0.2477	        0.2477	
0.500	       0.24767	      0.247729	
1.000	       0.24767	      0.247729	
1.500	      0.247639	      0.247758	
2.000	      0.247608	      0.247786	
2.500	      0.247576	      0.247814	
3.000	      0.247576	      0.247814	
3.500	      0.247543	      0.247841	
4.000	       0.24751	      0.247868	
4.500	       0.24751	      0.247868	
5.000	      0.247476	      0.247895	
5.500	      0.247441	      0.247921	
6.000	      0.247405	      0.247947	
6.500	      0.247405	      0.247947	
7.000	      0.247369	      0.247972	
7.500	      0.247331	      0.247998	
8.000	      0.247331	      0.247998	
8.500	      0.247293	      0.248023	
9.000	      0.247254	      0.248049	
9.500	      0.247214	      0.248075	
10.000	      0.247214	      0.248075	
10.500	      0.247173	      0.248102	
11.000	       0.24713	      0.248131	
11.500	       0.24713	      0.248131	
12.000	      0.247087	      0.248161	
12.500	      0.247043	      0.248196	
13.000	      0.247043	      0.248196	
13.500	      0.246998	      0.248237	
14.000	      0.246951	      0.248288	
14.500	      0.246903	      0.248354	
15.000	      0.246903	      0.248354	
15.500	      0.246854	      0.248393	
16.000	      0.246804	      0.246593	
16.500	      0.246804	      0.246593	
17.000	      0.246752	      0.311058	
17.500	      0.246699	   0.000162763	
18.000	      0.246644	      0.498398	
18.500	      0.246644	      0.498398	
19.000	      0.246588	      0.128567	
19.500	       0.24653	       0.45215	
20.000	       0.24653	       0.45215	
20.500	      0.246471	    0.00821868	
21.000	      0.246409	       0.31832	
21.500	      0.246345	      0.154322	
22.000	      0.246345	      0.154322	
22.500	      0.246279	      0.300633	
23.000	       0.24621	      0.246002	
23.500	       0.24621	      0.246002	
24.000	      0.246136	      0.248424	
24.500	      0.246058	      0.248544	
25.000	      0.245972	      0.248544	
25.500	      0.245972	      0.248544	
26.000	      0.245871	      0.248534	
26.500	       0.24574	      0.248527	
27.000	       0.24574	      0.248527	
27.500	      0.245528	      0.248524	
28.000	      0.245011	      0.248525	
28.500	      0.241459	      0.248528	
29.000	      0.241459	      0.248528	
29.500	      0.290991	      0.248532	
30.000	      0.242018	      0.248538	
30.500	      0.242018	      0.248538	
31.000	      0.249206	      0.248545	
31.500	       0.20015	      0.248552	
32.000	      0.253611	       0.24856	
32.500	      0.253611	       0.24856	
33.000	      0.199638	      0.248568	
33.500	      0.248669	      0.248577	
34.000	      0.248669	      0.248577	
34.500	      0.241019	      0.248585	
35.000	      0.290284	      0.248593	
35.500	      0.290284	      0.248593	
36.000	      0.235914	      0.248602	
36.500	      0.289898	       0.24861	
37.000	      0.239645	      0.248618	
37.500	      0.239645	      0.248618	
38.000	      0.243269	      0.248626	
38.500	      0.243613	      0.248634	
39.000	      0.243613	      0.248634	
39.500	      0.243359	      0.248642	
40.000	      0.240174	       0.24865	
40.500	      0.294702	      0.248658	
41.000	      0.294702	      0.248658	
41.500	      0.192817	      0.248665	
42.000	      0.247458	      0.248672	
42.500	      0.247458	      0.248672	
43.000	      0.244658	       0.24868	
43.500	      0.247869	      0.248687	
44.000	      0.196582	      0.248694	
44.500	      0.196582	      0.248694	
45.000	      0.247575	        0.2487	
45.500	      0.244127	      0.248707	
46.000	      0.244127	      0.248707	
46.500	      0.246967	      0.248714	
47.000	      0.195081	       0.24872	
47.500	      0.245026	      0.248726	
48.000	      0.245026	      0.248726	
48.500	      0.234003	      0.248732	
49.000	      0.331687	      0.248738	
49.500	      0.331687	      0.248738	
50.000	      0.232842	      0.248744	
50.500	      0.239601	      0.248749	
51.000	      0.240273	      0.248755	
51.500	      0.240273	      0.248755	
52.000	      0.240316	       0.24876	
52.500	      0.240188	      0.248765	
53.000	      0.240188	      0.248765	
53.500	      0.239999	       0.24877	
54.000	      0.239799	      0.248775	
54.500	      0.239648	      0.248779	
55.000	      0.239648	      0.248779	
55.500	      0.239759	      0.248784	
56.000	      0.242815	      0.248788	
56.500	      0.242815	      0.248788	
57.000	      0.187928	      0.248792	
57.500	      0.294182	      0.248796	
58.000	      0.294182	      0.248796	
58.500	      0.187708	        0.2488	
59.000	      0.245298	      0.248804	
59.500	      0.187101	      0.248808	
60.000	      0.187101	      0.248808	
60.500	      0.290666	      0.248811	
61.000	      0.186279	      0.248814	
61.500	      0.186279	      0.248814	
62.000	      0.243976	      0.248818	
62.500	      0.189026	      0.248821	
63.000	      0.243157	      0.248824	
63.500	      0.243157	      0.248824	
64.000	      0.187548	      0.248826	
64.500	      0.241199	      0.248829	
65.000	      0.241199	      0.248829	
65.500	      0.184794	      0.248832	
66.000	      0.234428	      0.248834	
66.500	      0.229075	      0.248836	
67.000	      0.229075	      0.248836	
67.500	      0.226763	      0.248838	
68.000	      0.224618	       0.24884	
68.500	      0.224618	       0.24884	
69.000	      0.224918	      0.248842	
69.500	      0.168806	      0.248844	
70.000	      0.217837	      0.248846	
70.500	      0.217837	      0.248846	
71.000	      0.090412	      0.248847	
71.500	      0.131012	      0.248848	
72.000	      0.131012	      0.248848	
72.500	      0.360816	       0.24885	
73.000	        7.2476	      0.248851	
73.500	       7.03193	      0.248852	
74.000	       7.03193	      0.248852	
74.500	       10.3257	      0.248852	
75.000	       7.91217	      0.248853	
75.500	       7.91217	      0.248853	
76.000	       9.80242	      0.248854	
76.500	       10.1847	      0.248854	
77.000	       9.23107	      0.248854	
77.500	       9.23107	      0.248854	
78.000	        9.0161	      0.248855	
78.500	       6.41842	      0.248855	
79.000	       6.41842	      0.248855	
79.500	       6.13719	      0.248855	
80.000	       5.91466	      0.248854	
80.500	       5.91466	      0.248854	
81.000	       11.7432	      0.248854	
81.500	       4.16255	      0.248853	
82.000	       6.34173	      0.248853	
82.500	       6.34173	      0.248853	
83.000	       8.24465	      0.248852	
83.500	       1.39417	      0.248851	
84.000	       1.39417	      0.248851	
84.500	       1.91332	       0.24885	
85.000	        2.0763	      0.248849	
85.500	       5.57291	      0.248848	
86.000	       5.57291	      0.248848	
86.500	        4.7329	      0.248846	
87.000	       3.87297	      0.248845	
87.500	       3.87297	      0.248845	
88.000	       2.04627	      0.248843	
88.500	       3.95114	      0.248842	
89.000	       5.37281	       0.24884	
89.500	       5.37281	       0.24884	
90.000	        3.0729	      0.248838	
90.500	       2.04894	      0.248835	
91.000	       2.04894	      0.248835	
91.500	       3.64446	      0.248833	
92.000	       3.02254	      0.248831	
92.500	        3.7267	      0.248828	
93.000	        3.7267	      0.248828	
93.500	       3.69495	      0.248825	
94.000	       1.26731	      0.248822	
94.500	       1.26731	      0.248822	
95.000	       4.47093	      0.248819	
95.500	      0.956338	      0.248816	
96.000	       3.20873	      0.248813	
96.500	       3.20873	      0.248813	
97.000	     0.0613473	       0.24881	
97.500	       2.66596	      0.248806	
98.000	       2.66596	      0.248806	
98.500	      0.115491	      0.248802	
99.000	       6.19656	      0.248798	
99.500	       9.29014	      0.248794	
100.000	       9.29014	      0.248794	
100.500	        64.334	       0.24879	
101.000	        641.08	      0.248786	
101.500	        641.08	      0.248786	
102.000	        62.502	      0.248781	
102.500	       11.8816	      0.248777	
103.000	       11.8816	      0.248777	
103.500	       4.98053	      0.248772	
104.000	       2.66214	      0.248767	
104.500	       1.60497	      0.248762	
105.000	       1.60497	      0.248762	
105.500	       1.03482	      0.248757	
106.000	      0.692426	      0.248751	
106.500	      0.692426	      0.248751	
107.000	      0.470758	      0.248746	
107.500	      0.319039	       0.24874	
108.000	      0.210647	      0.248734	
108.500	      0.210647	      0.248734	
109.000	       0.13052	      0.248728	
109.500	     0.0696193	      0.248722	
110.000	     0.0696193	      0.248722	
110.500	     0.0222504	      0.248716	
111.000	     0.0153184	      0.248709	
111.500	     0.0456154	      0.248702	
112.000	     0.0456154	      0.248702	
112.500	     0.0704033	      0.248695	
113.000	     0.0909411	      0.248688	
113.500	     0.0909411	      0.248688	
114.000	      0.108148	      0.248681	
114.500	      0.122706	      0.248673	
115.000	      0.135134	      0.248666	
115.500	      0.135134	      0.248666	
116.000	      0.145827	      0.248658	
116.500	      0.155093	       0.24865	
117.000	      0.155093	       0.24865	
117.500	      0.163176	      0.248642	
118.000	      0.170269	      0.248633	
118.500	      0.176527	      0.248624	
119.000	      0.176527	      0.248624	
119.500	      0.182076	      0.248616	
120.000	       0.18702	      0.248607	
120.500	       0.18702	      0.248607	
121.000	      0.191443	      0.248597	
121.500	      0.195416	      0.248588	
122.000	      0.198997	      0.248578	
122.500	      0.198997	      0.248578	
123.000	      0.202238	      0.248568	
123.500	      0.205179	      0.248558	
124.000	      0.205179	      0.248558	
124.500	      0.207857	      0.248548	
125.000	      0.210301	      0.248537	
125.500	      0.210301	      0.248537	
126.000	      0.212539	      0.248526	
126.500	      0.214593	      0.248515	
127.000	      0.216482	      0.248504	
127.500	      0.216482	      0.248504	
128.000	      0.218224	      0.248492	
128.500	      0.219834	       0.24848	
129.000	      0.219834	       0.24848	
129.500	      0.221324	      0.248468	
130.000	      0.222707	      0.248456	
130.500	      0.223992	      0.248443	
131.000	      0.223992	      0.248443	
131.500	      0.225188	       0.24843	
132.000	      0.226303	      0.248417	
132.500	      0.226303	      0.248417	
133.000	      0.227345	      0.248403	
133.500	      0.228319	       0.24839	
134.000	      0.229232	      0.248375	
134.500	      0.229232	      0.248375	
135.000	      0.230089	      0.248361	
135.500	      0.230893	      0.248346	
136.000	      0.230893	      0.248346	
136.500	      0.231649	      0.248331	
137.000	      0.232362	      0.248316	
137.500	      0.233033	        0.2483	
138.000	      0.233033	        0.2483	
138.500	      0.233667	      0.248284	
139.000	      0.234266	      0.248268	
139.500	      0.234266	      0.248268	
140.000	      0.234833	      0.248251	
140.500	      0.235369	      0.248234	
141.000	      0.235878	      0.248217	
141.500	      0.235878	      0.248217	
142.000	       0.23636	      0.248199	
142.500	      0.236818	      0.248181	
143.000	      0.236818	      0.248181	
143.500	      0.237253	      0.248162	
144.000	      0.237667	      0.248143	
144.500	      0.238061	      0.248124	
145.000	      0.238061	      0.248124	
145.500	      0.238436	      0.248104	
146.000	      0.238794	      0.248084	
146.500	      0.238794	      0.248084	
147.000	      0.239135	      0.248063	
147.500	      0.239461	      0.248042	
148.000	      0.239461	      0.248042	
148.500	      0.239772	       0.24802	
149.000	       0.24007	      0.247998	
149.500	      0.240355	      0.247976	
150.000	      0.240355	      0.247976	
150.500	      0.240627	      0.247953	
151.000	      0.240888	      0.247929	
151.500	      0.240888	      0.247929	
152.000	      0.241139	      0.247905	
152.500	      0.241379	       0.24788	
153.000	      0.241609	      0.247855	
153.500	      0.241609	      0.247855	
154.000	       0.24183	       0.24783	
154.500	      0.242043	      0.247803	
155.000	      0.242043	      0.247803	
155.500	      0.242247	      0.247776	
156.000	      0.242443	      0.247749	
156.500	      0.242632	      0.247721	
157.000	      0.242632	      0.247721	
157.500	      0.242814	      0.247692	
158.000	      0.242989	      0.247663	
158.500	      0.242989	      0.247663	
159.000	      0.243158	      0.247633	
159.500	       0.24332	      0.247602	
160.000	      0.243477	       0.24757	
160.500	      0.243477	       0.24757	
161.000	      0.243628	      0.247538	
161.500	      0.243774	      0.247505	
162.000	      0.243774	      0.247505	
162.500	      0.243915	      0.247471	
163.000	      0.244051	      0.247437	
163.500	      0.244182	      0.247401	
164.000	      0.244182	      0.247401	
164.500	      0.244309	      0.247365	
165.000	      0.244432	      0.247328	
165.500	      0.244432	      0.247328	
166.000	      0.244551	       0.24729	
166.500	      0.244666	      0.247251	
167.000	      0.244777	      0.247211	
167.500	      0.244777	      0.247211	
168.000	      0.244885	      0.247171	
168.500	      0.244989	      0.247129	
169.000	      0.244989	      0.247129	
169.500	       0.24509	      0.247086	
170.000	      0.245188	      0.247042	
170.500	      0.245188	      0.247042	
171.000	      0.245283	      0.246997	
171.500	      0.245375	      0.246951	
172.000	      0.245465	      0.246903	
172.500	      0.245465	      0.246903	
173.000	      0.245551	      0.246855	
173.500	      0.245636	      0.246805	
174.000	      0.245636	      0.246805	
174.500	      0.245717	      0.246754	
175.000	      0.245797	      0.246701	
175.500	      0.245874	      0.246647	
176.000	      0.245874	      0.246647	
176.500	      0.245948	      0.246592	
177.000	      0.246021	      0.246535	
177.500	      0.246021	      0.246535	
178.000	      0.246092	      0.246477	
178.500	      0.246161	      0.246417	
179.000	      0.246227	      0.246356	
179.500	      0.246227	      0.246356	
180.000	      0.246292	      0.246292	
