
TracePro Release: 3 2 0 
Polar Candela Distribution Data for 
Data covers +/- 180.000 degrees from Normal
Data for Missed Rays
Data generated at 09:44:03 June 25, 2025

	   0.0	 180.0
0.000	      0.216933	      0.216933	
0.500	      0.216913	      0.216952	
1.000	      0.216913	      0.216952	
1.500	      0.216894	      0.216971	
2.000	      0.216874	      0.216991	
2.500	      0.216855	       0.21701	
3.000	      0.216855	       0.21701	
3.500	      0.216837	       0.21703	
4.000	      0.216818	      0.217049	
4.500	      0.216818	      0.217049	
5.000	        0.2168	      0.217068	
5.500	      0.216782	      0.217087	
6.000	      0.216764	      0.217106	
6.500	      0.216764	      0.217106	
7.000	      0.216748	      0.217125	
7.500	      0.216731	      0.217143	
8.000	      0.216731	      0.217143	
8.500	      0.216716	      0.217162	
9.000	      0.216702	       0.21718	
9.500	      0.216688	      0.217199	
10.000	      0.216688	      0.217199	
10.500	      0.216676	      0.217217	
11.000	      0.216665	      0.217235	
11.500	      0.216665	      0.217235	
12.000	      0.216656	      0.217253	
12.500	      0.216649	       0.21727	
13.000	      0.216649	       0.21727	
13.500	      0.216643	      0.217288	
14.000	       0.21664	      0.217306	
14.500	      0.216638	      0.217323	
15.000	      0.216638	      0.217323	
15.500	      0.216639	      0.217341	
16.000	      0.216641	      0.217359	
16.500	      0.216641	      0.217359	
17.000	      0.216643	      0.217377	
17.500	      0.216639	      0.217395	
18.000	      0.216616	      0.217414	
18.500	      0.216616	      0.217414	
19.000	      0.216526	      0.217433	
19.500	      0.216154	      0.217454	
20.000	      0.216154	      0.217454	
20.500	      0.212831	      0.217476	
21.000	      0.261557	      0.217501	
21.500	      0.213818	       0.21753	
22.000	      0.213818	       0.21753	
22.500	      0.221272	      0.217565	
23.000	       0.17322	      0.217613	
23.500	       0.17322	      0.217613	
24.000	      0.230264	      0.217685	
24.500	      0.126897	      0.217809	
25.000	      0.226551	      0.218078	
25.500	      0.226551	      0.218078	
26.000	      0.219315	      0.218914	
26.500	      0.218184	      0.225882	
27.000	      0.218184	      0.225882	
27.500	       0.21497	      0.112055	
28.000	      0.270231	      0.331317	
28.500	      0.168665	       0.10783	
29.000	      0.168665	       0.10783	
29.500	      0.230644	      0.272826	
30.000	       0.12561	      0.214276	
30.500	       0.12561	      0.214276	
31.000	      0.279031	      0.216632	
31.500	       0.16118	      0.213068	
32.000	      0.318158	      0.266801	
32.500	      0.318158	      0.266801	
33.000	          0.21	       0.21337	
33.500	      0.270555	      0.217409	
34.000	      0.270555	      0.217409	
34.500	      0.221283	      0.216163	
35.000	      0.231305	      0.285179	
35.500	      0.231305	      0.285179	
36.000	      0.182863	     0.0199118	
36.500	      0.246328	      0.235582	
37.000	      0.141378	        0.2209	
37.500	      0.141378	        0.2209	
38.000	      0.252061	      0.219023	
38.500	      0.252287	      0.218425	
39.000	      0.252287	      0.218425	
39.500	      0.262608	      0.218165	
40.000	      0.276857	      0.218033	
40.500	      0.360087	      0.217959	
41.000	      0.360087	      0.217959	
41.500	      0.358125	      0.217915	
42.000	      0.590847	      0.217888	
42.500	      0.590847	      0.217888	
43.000	      0.870349	      0.217871	
43.500	        3.7451	       0.21786	
44.000	       35.3978	      0.217854	
44.500	       35.3978	      0.217854	
45.000	        3.7495	      0.217851	
45.500	     0.0782364	       0.21785	
46.000	     0.0782364	       0.21785	
46.500	       2.33493	      0.217851	
47.000	      0.653141	      0.217852	
47.500	      0.461877	      0.217854	
48.000	      0.461877	      0.217854	
48.500	      0.115355	      0.217857	
49.000	       1.16343	      0.217861	
49.500	       1.16343	      0.217861	
50.000	      0.653304	      0.217864	
50.500	       0.29918	      0.217868	
51.000	     0.0638297	      0.217872	
51.500	     0.0638297	      0.217872	
52.000	       1.21776	      0.217876	
52.500	      0.761025	      0.217881	
53.000	      0.761025	      0.217881	
53.500	       1.21497	      0.217885	
54.000	      0.773432	      0.217889	
54.500	       1.12706	      0.217894	
55.000	       1.12706	      0.217894	
55.500	      0.123075	      0.217898	
56.000	       2.86962	      0.217902	
56.500	       2.86962	      0.217902	
57.000	       1.80789	      0.217906	
57.500	       2.13985	      0.217911	
58.000	       2.13985	      0.217911	
58.500	      0.743395	      0.217915	
59.000	      0.505358	      0.217919	
59.500	       1.27726	      0.217923	
60.000	       1.27726	      0.217923	
60.500	       2.49952	      0.217926	
61.000	       13.8143	       0.21793	
61.500	       13.8143	       0.21793	
62.000	       3.28232	      0.217934	
62.500	      0.856828	      0.217937	
63.000	       3.10564	      0.217941	
63.500	       3.10564	      0.217941	
64.000	      0.885598	      0.217944	
64.500	      0.576271	      0.217948	
65.000	      0.576271	      0.217948	
65.500	       2.51566	      0.217951	
66.000	       2.25012	      0.217954	
66.500	       1.06053	      0.217957	
67.000	       1.06053	      0.217957	
67.500	       4.40094	       0.21796	
68.000	        8.9274	      0.217962	
68.500	        8.9274	      0.217962	
69.000	       8.21749	      0.217965	
69.500	       9.64534	      0.217968	
70.000	       12.4217	       0.21797	
70.500	       12.4217	       0.21797	
71.000	       9.64675	      0.217973	
71.500	       9.15976	      0.217975	
72.000	       9.15976	      0.217975	
72.500	       9.13477	      0.217977	
73.000	       5.61498	      0.217979	
73.500	       8.11983	      0.217981	
74.000	       8.11983	      0.217981	
74.500	       6.84493	      0.217983	
75.000	       6.53835	      0.217985	
75.500	       6.53835	      0.217985	
76.000	        15.206	      0.217986	
76.500	       8.67518	      0.217988	
77.000	       1.82854	      0.217989	
77.500	       1.82854	      0.217989	
78.000	       3.31054	      0.217991	
78.500	       4.60411	      0.217992	
79.000	       4.60411	      0.217992	
79.500	       2.99239	      0.217993	
80.000	       3.02514	      0.217994	
80.500	       3.02514	      0.217994	
81.000	       5.29764	      0.217995	
81.500	       1.29117	      0.217996	
82.000	       3.94195	      0.217996	
82.500	       3.94195	      0.217996	
83.000	       4.13004	      0.217997	
83.500	       3.59328	      0.217998	
84.000	       3.59328	      0.217998	
84.500	      0.791753	      0.217998	
85.000	       1.75024	      0.217998	
85.500	       1.77749	      0.217998	
86.000	       1.77749	      0.217998	
86.500	       4.96162	      0.217999	
87.000	        9.6691	      0.217999	
87.500	        9.6691	      0.217999	
88.000	       59.2322	      0.217998	
88.500	       605.428	      0.217998	
89.000	       59.0845	      0.217998	
89.500	       59.0845	      0.217998	
90.000	       11.2521	      0.217997	
90.500	       4.72813	      0.217997	
91.000	       4.72813	      0.217997	
91.500	        2.5358	      0.217996	
92.000	       1.53589	      0.217995	
92.500	      0.996525	      0.217995	
93.000	      0.996525	      0.217995	
93.500	      0.672566	      0.217994	
94.000	      0.462807	      0.217993	
94.500	      0.462807	      0.217993	
95.000	      0.319224	      0.217991	
95.500	      0.216635	       0.21799	
96.000	      0.140794	      0.217989	
96.500	      0.140794	      0.217989	
97.000	     0.0831487	      0.217987	
97.500	     0.0383104	      0.217986	
98.000	     0.0383104	      0.217986	
98.500	    0.00274837	      0.217984	
99.000	     0.0259301	      0.217982	
99.500	     0.0493931	       0.21798	
100.000	     0.0493931	       0.21798	
100.500	     0.0688324	      0.217978	
101.000	     0.0851179	      0.217976	
101.500	     0.0851179	      0.217976	
102.000	     0.0988962	      0.217974	
102.500	      0.110657	      0.217971	
103.000	      0.110657	      0.217971	
103.500	      0.120775	      0.217969	
104.000	      0.129542	      0.217966	
104.500	      0.137189	      0.217963	
105.000	      0.137189	      0.217963	
105.500	      0.143898	       0.21796	
106.000	      0.149817	      0.217957	
106.500	      0.149817	      0.217957	
107.000	      0.155065	      0.217954	
107.500	      0.159739	      0.217951	
108.000	      0.163921	      0.217948	
108.500	      0.163921	      0.217948	
109.000	      0.167676	      0.217944	
109.500	      0.171061	      0.217941	
110.000	      0.171061	      0.217941	
110.500	      0.174123	      0.217937	
111.000	      0.176901	      0.217933	
111.500	      0.179431	      0.217929	
112.000	      0.179431	      0.217929	
112.500	      0.181739	      0.217925	
113.000	      0.183852	      0.217921	
113.500	      0.183852	      0.217921	
114.000	      0.185791	      0.217916	
114.500	      0.187574	      0.217912	
115.000	      0.189218	      0.217907	
115.500	      0.189218	      0.217907	
116.000	      0.190737	      0.217903	
116.500	      0.192142	      0.217898	
117.000	      0.192142	      0.217898	
117.500	      0.193446	      0.217893	
118.000	      0.194657	      0.217887	
118.500	      0.195785	      0.217882	
119.000	      0.195785	      0.217882	
119.500	      0.196836	      0.217877	
120.000	      0.197817	      0.217871	
120.500	      0.197817	      0.217871	
121.000	      0.198735	      0.217865	
121.500	      0.199595	      0.217859	
122.000	      0.200401	      0.217853	
122.500	      0.200401	      0.217853	
123.000	      0.201158	      0.217847	
123.500	       0.20187	      0.217841	
124.000	       0.20187	      0.217841	
124.500	       0.20254	      0.217834	
125.000	      0.203172	      0.217828	
125.500	      0.203172	      0.217828	
126.000	      0.203768	      0.217821	
126.500	      0.204331	      0.217814	
127.000	      0.204864	      0.217807	
127.500	      0.204864	      0.217807	
128.000	      0.205368	      0.217799	
128.500	      0.205846	      0.217792	
129.000	      0.205846	      0.217792	
129.500	      0.206299	      0.217784	
130.000	      0.206729	      0.217776	
130.500	      0.207137	      0.217768	
131.000	      0.207137	      0.217768	
131.500	      0.207526	       0.21776	
132.000	      0.207895	      0.217752	
132.500	      0.207895	      0.217752	
133.000	      0.208247	      0.217743	
133.500	      0.208583	      0.217734	
134.000	      0.208903	      0.217725	
134.500	      0.208903	      0.217725	
135.000	      0.209209	      0.217716	
135.500	      0.209501	      0.217707	
136.000	      0.209501	      0.217707	
136.500	       0.20978	      0.217697	
137.000	      0.210046	      0.217687	
137.500	      0.210302	      0.217677	
138.000	      0.210302	      0.217677	
138.500	      0.210546	      0.217667	
139.000	      0.210781	      0.217657	
139.500	      0.210781	      0.217657	
140.000	      0.211005	      0.217646	
140.500	      0.211221	      0.217635	
141.000	      0.211428	      0.217624	
141.500	      0.211428	      0.217624	
142.000	      0.211627	      0.217612	
142.500	      0.211818	      0.217601	
143.000	      0.211818	      0.217601	
143.500	      0.212001	      0.217589	
144.000	      0.212178	      0.217577	
144.500	      0.212348	      0.217564	
145.000	      0.212348	      0.217564	
145.500	      0.212511	      0.217552	
146.000	      0.212669	      0.217539	
146.500	      0.212669	      0.217539	
147.000	      0.212821	      0.217526	
147.500	      0.212967	      0.217512	
148.000	      0.212967	      0.217512	
148.500	      0.213108	      0.217499	
149.000	      0.213244	      0.217485	
149.500	      0.213376	       0.21747	
150.000	      0.213376	       0.21747	
150.500	      0.213503	      0.217456	
151.000	      0.213626	      0.217441	
151.500	      0.213626	      0.217441	
152.000	      0.213744	      0.217425	
152.500	      0.213859	       0.21741	
153.000	      0.213969	      0.217394	
153.500	      0.213969	      0.217394	
154.000	      0.214077	      0.217378	
154.500	       0.21418	      0.217361	
155.000	       0.21418	      0.217361	
155.500	      0.214281	      0.217344	
156.000	      0.214378	      0.217327	
156.500	      0.214472	      0.217309	
157.000	      0.214472	      0.217309	
157.500	      0.214563	      0.217291	
158.000	      0.214652	      0.217273	
158.500	      0.214652	      0.217273	
159.000	      0.214738	      0.217254	
159.500	      0.214821	      0.217235	
160.000	      0.214902	      0.217215	
160.500	      0.214902	      0.217215	
161.000	       0.21498	      0.217195	
161.500	      0.215056	      0.217175	
162.000	      0.215056	      0.217175	
162.500	       0.21513	      0.217154	
163.000	      0.215201	      0.217132	
163.500	      0.215271	       0.21711	
164.000	      0.215271	       0.21711	
164.500	      0.215339	      0.217088	
165.000	      0.215404	      0.217065	
165.500	      0.215404	      0.217065	
166.000	      0.215468	      0.217042	
166.500	       0.21553	      0.217018	
167.000	      0.215591	      0.216994	
167.500	      0.215591	      0.216994	
168.000	      0.215649	      0.216969	
168.500	      0.215707	      0.216943	
169.000	      0.215707	      0.216943	
169.500	      0.215762	      0.216917	
170.000	      0.215817	       0.21689	
170.500	      0.215817	       0.21689	
171.000	      0.215869	      0.216863	
171.500	      0.215921	      0.216835	
172.000	      0.215971	      0.216807	
172.500	      0.215971	      0.216807	
173.000	      0.216019	      0.216777	
173.500	      0.216067	      0.216747	
174.000	      0.216067	      0.216747	
174.500	      0.216113	      0.216717	
175.000	      0.216158	      0.216686	
175.500	      0.216202	      0.216653	
176.000	      0.216202	      0.216653	
176.500	      0.216245	      0.216621	
177.000	      0.216287	      0.216587	
177.500	      0.216287	      0.216587	
178.000	      0.216328	      0.216553	
178.500	      0.216368	      0.216517	
179.000	      0.216406	      0.216481	
179.500	      0.216406	      0.216481	
180.000	      0.216444	      0.216444	
