
TracePro Release: 3 2 0 
Polar Candela Distribution Data for 
Data covers +/- 180.000 degrees from Normal
Data for Missed Rays
Data generated at 09:45:08 June 30, 2025

	   0.0	 180.0
0.000	      0.207739	      0.207739	
0.500	      0.202125	      0.212846	
1.000	      0.202125	      0.212846	
1.500	      0.195906	      0.217529	
2.000	      0.188967	      0.221858	
2.500	      0.181172	        0.2259	
3.000	      0.181172	        0.2259	
3.500	       0.17235	      0.229714	
4.000	      0.162293	      0.233355	
4.500	      0.162293	      0.233355	
5.000	      0.150742	       0.23688	
5.500	      0.137366	      0.240347	
6.000	      0.121742	      0.243819	
6.500	      0.121742	      0.243819	
7.000	       0.10332	       0.24737	
7.500	     0.0813738	      0.251087	
8.000	     0.0813738	      0.251087	
8.500	     0.0549262	      0.255082	
9.000	     0.0226397	      0.259504	
9.500	     0.0173572	      0.264557	
10.000	     0.0173572	      0.264557	
10.500	     0.0677491	      0.270538	
11.000	      0.132497	      0.277889	
11.500	      0.132497	      0.277889	
12.000	      0.217646	       0.28731	
12.500	      0.332791	      0.299955	
13.000	      0.332791	      0.299955	
13.500	      0.493915	      0.317863	
14.000	      0.729279	      0.344915	
14.500	       1.09278	       0.38928	
15.000	       1.09278	       0.38928	
15.500	       1.69802	      0.470745	
16.000	        2.8202	      0.648385	
16.500	        2.8202	      0.648385	
17.000	       5.28115	       1.17562	
17.500	       12.6065	       5.03802	
18.000	       66.3323	       48.6195	
18.500	       66.3323	       48.6195	
19.000	       680.176	       5.03921	
19.500	       66.3324	         1.178	
20.000	       66.3324	         1.178	
20.500	       12.6067	      0.651966	
21.000	       5.28139	      0.475543	
21.500	       2.82052	      0.395316	
22.000	       2.82052	      0.395316	
22.500	       1.69842	      0.352216	
23.000	       1.09327	      0.326461	
23.500	       1.09327	      0.326461	
24.000	      0.729859	      0.309888	
24.500	      0.494587	      0.298623	
25.000	      0.333557	      0.290635	
25.500	      0.333557	      0.290635	
26.000	      0.218511	      0.284777	
26.500	      0.133466	      0.280357	
27.000	      0.133466	      0.280357	
27.500	      0.068826	      0.276944	
28.000	     0.0185489	       0.27425	
28.500	     0.0213264	      0.272084	
29.000	     0.0213264	      0.272084	
29.500	     0.0534834	      0.270309	
30.000	     0.0797927	      0.268829	
30.500	     0.0797927	      0.268829	
31.000	      0.101591	      0.267572	
31.500	      0.119853	      0.266485	
32.000	      0.135304	      0.265526	
32.500	      0.135304	      0.265526	
33.000	      0.148493	      0.264661	
33.500	       0.15984	      0.263865	
34.000	       0.15984	      0.263865	
34.500	      0.169674	      0.263115	
35.000	      0.178251	      0.262391	
35.500	      0.178251	      0.262391	
36.000	      0.185777	      0.261675	
36.500	      0.192417	      0.260951	
37.000	      0.198304	      0.260202	
37.500	      0.198304	      0.260202	
38.000	      0.203549	      0.259409	
38.500	      0.208241	      0.258555	
39.000	      0.208241	      0.258555	
39.500	      0.212455	      0.257617	
40.000	      0.216254	      0.256571	
40.500	       0.21969	      0.255385	
41.000	       0.21969	      0.255385	
41.500	      0.222809	      0.254021	
42.000	      0.225648	       0.25243	
42.500	      0.225648	       0.25243	
43.000	       0.22824	      0.250549	
43.500	      0.230613	      0.248294	
44.000	       0.23279	       0.24555	
44.500	       0.23279	       0.24555	
45.000	      0.234793	      0.242156	
45.500	      0.236639	      0.237883	
46.000	      0.236639	      0.237883	
46.500	      0.238345	      0.232395	
47.000	      0.239924	      0.225175	
47.500	      0.241388	      0.215409	
48.000	      0.241388	      0.215409	
48.500	       0.24275	      0.201737	
49.000	      0.244017	      0.181756	
49.500	      0.244017	      0.181756	
50.000	      0.245198	      0.150883	
50.500	      0.246301	     0.0994597	
51.000	      0.247333	    0.00408993	
51.500	      0.247333	    0.00408993	
52.000	        0.2483	      0.205094	
52.500	      0.249206	      0.827824	
53.000	      0.249206	      0.827824	
53.500	      0.250058	       5.39529	
54.000	      0.250859	       58.0692	
54.500	      0.251613	       5.39523	
55.000	      0.251613	       5.39523	
55.500	      0.252323	      0.827693	
56.000	      0.252994	      0.204898	
56.500	      0.252994	      0.204898	
57.000	      0.253628	    0.00434944	
57.500	      0.254227	     0.0997817	
58.000	      0.254227	     0.0997817	
58.500	      0.254795	      0.151266	
59.000	      0.255332	      0.182198	
59.500	      0.255842	      0.202236	
60.000	      0.255842	      0.202236	
60.500	      0.256327	      0.215962	
61.000	      0.256787	      0.225778	
61.500	      0.256787	      0.225778	
62.000	      0.257224	      0.233044	
62.500	      0.257641	      0.238575	
63.000	      0.258037	      0.242884	
63.500	      0.258037	      0.242884	
64.000	      0.258415	      0.246308	
64.500	      0.258776	      0.249076	
65.000	      0.258776	      0.249076	
65.500	      0.259121	      0.251346	
66.000	       0.25945	      0.253232	
66.500	      0.259764	      0.254818	
67.000	      0.259764	      0.254818	
67.500	      0.260065	      0.256163	
68.000	      0.260353	      0.257316	
68.500	      0.260353	      0.257316	
69.000	      0.260629	      0.258312	
69.500	      0.260893	      0.259179	
70.000	      0.261147	      0.259938	
70.500	      0.261147	      0.259938	
71.000	       0.26139	      0.260608	
71.500	      0.261623	      0.261202	
72.000	      0.261623	      0.261202	
72.500	      0.261847	      0.261731	
73.000	      0.262063	      0.262205	
73.500	       0.26227	      0.262632	
74.000	       0.26227	      0.262632	
74.500	      0.262469	      0.263017	
75.000	      0.262661	      0.263367	
75.500	      0.262661	      0.263367	
76.000	      0.262846	      0.263686	
76.500	      0.263024	      0.263977	
77.000	      0.263195	      0.264244	
77.500	      0.263195	      0.264244	
78.000	      0.263361	      0.264489	
78.500	       0.26352	      0.264716	
79.000	       0.26352	      0.264716	
79.500	      0.263674	      0.264925	
80.000	      0.263823	      0.265119	
80.500	      0.263823	      0.265119	
81.000	      0.263966	      0.265299	
81.500	      0.264105	      0.265467	
82.000	      0.264239	      0.265624	
82.500	      0.264239	      0.265624	
83.000	      0.264368	       0.26577	
83.500	      0.264493	      0.265908	
84.000	      0.264493	      0.265908	
84.500	      0.264614	      0.266037	
85.000	      0.264732	      0.266158	
85.500	      0.264845	      0.266272	
86.000	      0.264845	      0.266272	
86.500	      0.264955	       0.26638	
87.000	      0.265062	      0.266482	
87.500	      0.265062	      0.266482	
88.000	      0.265165	      0.266578	
88.500	      0.265265	       0.26667	
89.000	      0.265362	      0.266756	
89.500	      0.265362	      0.266756	
90.000	      0.265456	      0.266839	
90.500	      0.265547	      0.266917	
91.000	      0.265547	      0.266917	
91.500	      0.265636	      0.266992	
92.000	      0.265722	      0.267063	
92.500	      0.265805	      0.267131	
93.000	      0.265805	      0.267131	
93.500	      0.265886	      0.267196	
94.000	      0.265965	      0.267258	
94.500	      0.265965	      0.267258	
95.000	      0.266041	      0.267317	
95.500	      0.266116	      0.267374	
96.000	      0.266188	      0.267428	
96.500	      0.266188	      0.267428	
97.000	      0.266258	      0.267481	
97.500	      0.266327	      0.267531	
98.000	      0.266327	      0.267531	
98.500	      0.266393	      0.267579	
99.000	      0.266458	      0.267625	
99.500	      0.266521	       0.26767	
100.000	      0.266521	       0.26767	
100.500	      0.266582	      0.267713	
101.000	      0.266642	      0.267754	
101.500	      0.266642	      0.267754	
102.000	        0.2667	      0.267794	
102.500	      0.266757	      0.267833	
103.000	      0.266757	      0.267833	
103.500	      0.266812	       0.26787	
104.000	      0.266865	      0.267906	
104.500	      0.266918	       0.26794	
105.000	      0.266918	       0.26794	
105.500	      0.266969	      0.267974	
106.000	      0.267018	      0.268006	
106.500	      0.267018	      0.268006	
107.000	      0.267067	      0.268037	
107.500	      0.267114	      0.268067	
108.000	       0.26716	      0.268097	
108.500	       0.26716	      0.268097	
109.000	      0.267205	      0.268125	
109.500	      0.267249	      0.268153	
110.000	      0.267249	      0.268153	
110.500	      0.267292	      0.268179	
111.000	      0.267334	      0.268205	
111.500	      0.267374	       0.26823	
112.000	      0.267374	       0.26823	
112.500	      0.267414	      0.268254	
113.000	      0.267453	      0.268278	
113.500	      0.267453	      0.268278	
114.000	      0.267491	      0.268301	
114.500	      0.267528	      0.268323	
115.000	      0.267564	      0.268344	
115.500	      0.267564	      0.268344	
116.000	        0.2676	      0.268365	
116.500	      0.267634	      0.268385	
117.000	      0.267634	      0.268385	
117.500	      0.267668	      0.268405	
118.000	      0.267701	      0.268424	
118.500	      0.267733	      0.268443	
119.000	      0.267733	      0.268443	
119.500	      0.267764	      0.268461	
120.000	      0.267795	      0.268478	
120.500	      0.267795	      0.268478	
121.000	      0.267825	      0.268495	
121.500	      0.267854	      0.268512	
122.000	      0.267883	      0.268528	
122.500	      0.267883	      0.268528	
123.000	      0.267911	      0.268544	
123.500	      0.267939	      0.268559	
124.000	      0.267939	      0.268559	
124.500	      0.267965	      0.268574	
125.000	      0.267992	      0.268588	
125.500	      0.267992	      0.268588	
126.000	      0.268017	      0.268602	
126.500	      0.268042	      0.268616	
127.000	      0.268067	      0.268629	
127.500	      0.268067	      0.268629	
128.000	      0.268091	      0.268642	
128.500	      0.268114	      0.268654	
129.000	      0.268114	      0.268654	
129.500	      0.268137	      0.268666	
130.000	       0.26816	      0.268678	
130.500	      0.268182	      0.268689	
131.000	      0.268182	      0.268689	
131.500	      0.268203	      0.268701	
132.000	      0.268224	      0.268711	
132.500	      0.268224	      0.268711	
133.000	      0.268245	      0.268722	
133.500	      0.268265	      0.268732	
134.000	      0.268285	      0.268742	
134.500	      0.268285	      0.268742	
135.000	      0.268304	      0.268752	
135.500	      0.268323	      0.268761	
136.000	      0.268323	      0.268761	
136.500	      0.268341	       0.26877	
137.000	      0.268359	      0.268779	
137.500	      0.268377	      0.268787	
138.000	      0.268377	      0.268787	
138.500	      0.268394	      0.268795	
139.000	      0.268411	      0.268803	
139.500	      0.268411	      0.268803	
140.000	      0.268427	      0.268811	
140.500	      0.268443	      0.268819	
141.000	      0.268459	      0.268826	
141.500	      0.268459	      0.268826	
142.000	      0.268475	      0.268833	
142.500	       0.26849	       0.26884	
143.000	       0.26849	       0.26884	
143.500	      0.268505	      0.268846	
144.000	      0.268519	      0.268853	
144.500	      0.268533	      0.268859	
145.000	      0.268533	      0.268859	
145.500	      0.268547	      0.268865	
146.000	       0.26856	       0.26887	
146.500	       0.26856	       0.26887	
147.000	      0.268574	      0.268876	
147.500	      0.268587	      0.268881	
148.000	      0.268587	      0.268881	
148.500	      0.268599	      0.268886	
149.000	      0.268611	      0.268891	
149.500	      0.268624	      0.268895	
150.000	      0.268624	      0.268895	
150.500	      0.268635	        0.2689	
151.000	      0.268647	      0.268904	
151.500	      0.268647	      0.268904	
152.000	      0.268658	      0.268908	
152.500	      0.268669	      0.268912	
153.000	       0.26868	      0.268916	
153.500	       0.26868	      0.268916	
154.000	       0.26869	      0.268919	
154.500	        0.2687	      0.268922	
155.000	        0.2687	      0.268922	
155.500	       0.26871	      0.268926	
156.000	       0.26872	      0.268928	
156.500	       0.26873	      0.268931	
157.000	       0.26873	      0.268931	
157.500	      0.268739	      0.268934	
158.000	      0.268748	      0.268936	
158.500	      0.268748	      0.268936	
159.000	      0.268757	      0.268938	
159.500	      0.268765	       0.26894	
160.000	      0.268773	      0.268942	
160.500	      0.268773	      0.268942	
161.000	      0.268782	      0.268944	
161.500	      0.268789	      0.268945	
162.000	      0.268789	      0.268945	
162.500	      0.268797	      0.268947	
163.000	      0.268805	      0.268948	
163.500	      0.268812	      0.268949	
164.000	      0.268812	      0.268949	
164.500	      0.268819	       0.26895	
165.000	      0.268826	       0.26895	
165.500	      0.268826	       0.26895	
166.000	      0.268832	      0.268951	
166.500	      0.268839	      0.268951	
167.000	      0.268845	      0.268951	
167.500	      0.268845	      0.268951	
168.000	      0.268851	      0.268951	
168.500	      0.268857	      0.268951	
169.000	      0.268857	      0.268951	
169.500	      0.268863	      0.268951	
170.000	      0.268868	       0.26895	
170.500	      0.268868	       0.26895	
171.000	      0.268873	       0.26895	
171.500	      0.268879	      0.268949	
172.000	      0.268884	      0.268948	
172.500	      0.268884	      0.268948	
173.000	      0.268888	      0.268947	
173.500	      0.268893	      0.268945	
174.000	      0.268893	      0.268945	
174.500	      0.268897	      0.268944	
175.000	      0.268901	      0.268942	
175.500	      0.268905	       0.26894	
176.000	      0.268905	       0.26894	
176.500	      0.268909	      0.268938	
177.000	      0.268913	      0.268936	
177.500	      0.268913	      0.268936	
178.000	      0.268917	      0.268934	
178.500	       0.26892	      0.268932	
179.000	      0.268923	      0.268929	
179.500	      0.268923	      0.268929	
180.000	      0.268926	      0.268926	
