
TracePro Release: 3 2 0 
Polar Candela Distribution Data for 
Data covers +/- 180.000 degrees from Normal
Data for Missed Rays
Data generated at 09:32:35 June 30, 2025

	   0.0	 180.0
0.000	      0.291711	      0.291711	
0.500	      0.290697	      0.292664	
1.000	      0.290697	      0.292664	
1.500	      0.289619	      0.293561	
2.000	      0.288469	      0.294408	
2.500	      0.287241	      0.295206	
3.000	      0.287241	      0.295206	
3.500	      0.285929	      0.295961	
4.000	      0.284524	      0.296675	
4.500	      0.284524	      0.296675	
5.000	      0.283017	      0.297351	
5.500	      0.281399	      0.297992	
6.000	      0.279658	      0.298599	
6.500	      0.279658	      0.298599	
7.000	      0.277781	      0.299176	
7.500	      0.275754	      0.299725	
8.000	      0.275754	      0.299725	
8.500	      0.273561	      0.300246	
9.000	      0.271182	      0.300743	
9.500	      0.268596	      0.301216	
10.000	      0.268596	      0.301216	
10.500	      0.265778	      0.301667	
11.000	      0.262701	      0.302097	
11.500	      0.262701	      0.302097	
12.000	       0.25933	      0.302508	
12.500	      0.255627	        0.3029	
13.000	      0.255627	        0.3029	
13.500	      0.251548	      0.303276	
14.000	       0.24704	      0.303635	
14.500	       0.24204	      0.303978	
15.000	       0.24204	      0.303978	
15.500	      0.236474	      0.304308	
16.000	      0.230253	      0.304623	
16.500	      0.230253	      0.304623	
17.000	       0.22327	      0.304926	
17.500	      0.215396	      0.305216	
18.000	      0.206472	      0.305495	
18.500	      0.206472	      0.305495	
19.000	      0.196303	      0.305763	
19.500	      0.184646	       0.30602	
20.000	      0.184646	       0.30602	
20.500	      0.171196	      0.306268	
21.000	      0.155565	      0.306506	
21.500	      0.137255	      0.306735	
22.000	      0.137255	      0.306735	
22.500	      0.115617	      0.306956	
23.000	      0.089791	      0.307168	
23.500	      0.089791	      0.307168	
24.000	     0.0586235	      0.307373	
24.500	     0.0205321	      0.307571	
25.000	     0.0266981	      0.307762	
25.500	     0.0266981	      0.307762	
26.000	      0.086244	      0.307946	
26.500	      0.162795	      0.308123	
27.000	      0.162795	      0.308123	
27.500	      0.263505	      0.308295	
28.000	      0.399734	      0.308461	
28.500	      0.590404	      0.308621	
29.000	      0.590404	      0.308621	
29.500	      0.868971	      0.308776	
30.000	       1.29924	      0.308926	
30.500	       1.29924	      0.308926	
31.000	       2.01571	      0.309071	
31.500	       3.34419	      0.309211	
32.000	       6.25761	      0.309347	
32.500	       6.25761	      0.309347	
33.000	       14.9299	      0.309478	
33.500	       78.5352	      0.309606	
34.000	       78.5352	      0.309606	
34.500	       805.247	       0.30973	
35.000	       78.5352	      0.309849	
35.500	       78.5352	      0.309849	
36.000	       14.9299	      0.309965	
36.500	       6.25761	      0.310078	
37.000	       3.34419	      0.310187	
37.500	       3.34419	      0.310187	
38.000	       2.01571	      0.310294	
38.500	       1.29924	      0.310397	
39.000	       1.29924	      0.310397	
39.500	      0.868971	      0.310497	
40.000	      0.590404	      0.310594	
40.500	      0.399734	      0.310688	
41.000	      0.399734	      0.310688	
41.500	      0.263505	       0.31078	
42.000	      0.162795	      0.310869	
42.500	      0.162795	      0.310869	
43.000	      0.086244	      0.310956	
43.500	     0.0266981	       0.31104	
44.000	     0.0205321	      0.311122	
44.500	     0.0205321	      0.311122	
45.000	     0.0586235	      0.311202	
45.500	      0.089791	      0.311279	
46.000	      0.089791	      0.311279	
46.500	      0.115617	      0.311355	
47.000	      0.137255	      0.311429	
47.500	      0.155565	        0.3115	
48.000	      0.155565	        0.3115	
48.500	      0.171196	       0.31157	
49.000	      0.184646	      0.311638	
49.500	      0.184646	      0.311638	
50.000	      0.196303	      0.311704	
50.500	      0.206472	      0.311769	
51.000	      0.215396	      0.311832	
51.500	      0.215396	      0.311832	
52.000	       0.22327	      0.311893	
52.500	      0.230253	      0.311953	
53.000	      0.230253	      0.311953	
53.500	      0.236474	      0.312011	
54.000	       0.24204	      0.312068	
54.500	       0.24704	      0.312123	
55.000	       0.24704	      0.312123	
55.500	      0.251548	      0.312177	
56.000	      0.255627	       0.31223	
56.500	      0.255627	       0.31223	
57.000	       0.25933	      0.312282	
57.500	      0.262701	      0.312332	
58.000	      0.262701	      0.312332	
58.500	      0.265778	      0.312381	
59.000	      0.268596	      0.312429	
59.500	      0.271182	      0.312476	
60.000	      0.271182	      0.312476	
60.500	      0.273561	      0.312521	
61.000	      0.275754	      0.312566	
61.500	      0.275754	      0.312566	
62.000	      0.277781	      0.312609	
62.500	      0.279658	      0.312652	
63.000	      0.281399	      0.312694	
63.500	      0.281399	      0.312694	
64.000	      0.283017	      0.312734	
64.500	      0.284524	      0.312774	
65.000	      0.284524	      0.312774	
65.500	      0.285929	      0.312813	
66.000	      0.287241	      0.312851	
66.500	      0.288469	      0.312888	
67.000	      0.288469	      0.312888	
67.500	      0.289619	      0.312924	
68.000	      0.290697	       0.31296	
68.500	      0.290697	       0.31296	
69.000	      0.291711	      0.312994	
69.500	      0.292664	      0.313028	
70.000	      0.293561	      0.313061	
70.500	      0.293561	      0.313061	
71.000	      0.294408	      0.313094	
71.500	      0.295206	      0.313126	
72.000	      0.295206	      0.313126	
72.500	      0.295961	      0.313157	
73.000	      0.296675	      0.313187	
73.500	      0.297351	      0.313217	
74.000	      0.297351	      0.313217	
74.500	      0.297992	      0.313246	
75.000	      0.298599	      0.313274	
75.500	      0.298599	      0.313274	
76.000	      0.299176	      0.313302	
76.500	      0.299725	      0.313329	
77.000	      0.300246	      0.313356	
77.500	      0.300246	      0.313356	
78.000	      0.300743	      0.313382	
78.500	      0.301216	      0.313408	
79.000	      0.301216	      0.313408	
79.500	      0.301667	      0.313433	
80.000	      0.302097	      0.313457	
80.500	      0.302097	      0.313457	
81.000	      0.302508	      0.313481	
81.500	        0.3029	      0.313505	
82.000	      0.303276	      0.313527	
82.500	      0.303276	      0.313527	
83.000	      0.303635	       0.31355	
83.500	      0.303978	      0.313572	
84.000	      0.303978	      0.313572	
84.500	      0.304308	      0.313593	
85.000	      0.304623	      0.313615	
85.500	      0.304926	      0.313635	
86.000	      0.304926	      0.313635	
86.500	      0.305216	      0.313655	
87.000	      0.305495	      0.313675	
87.500	      0.305495	      0.313675	
88.000	      0.305763	      0.313695	
88.500	       0.30602	      0.313713	
89.000	      0.306268	      0.313732	
89.500	      0.306268	      0.313732	
90.000	      0.306506	       0.31375	
90.500	      0.306735	      0.313768	
91.000	      0.306735	      0.313768	
91.500	      0.306956	      0.313785	
92.000	      0.307168	      0.313802	
92.500	      0.307373	      0.313819	
93.000	      0.307373	      0.313819	
93.500	      0.307571	      0.313835	
94.000	      0.307762	      0.313851	
94.500	      0.307762	      0.313851	
95.000	      0.307946	      0.313867	
95.500	      0.308123	      0.313882	
96.000	      0.308295	      0.313897	
96.500	      0.308295	      0.313897	
97.000	      0.308461	      0.313912	
97.500	      0.308621	      0.313926	
98.000	      0.308621	      0.313926	
98.500	      0.308776	       0.31394	
99.000	      0.308926	      0.313954	
99.500	      0.309071	      0.313967	
100.000	      0.309071	      0.313967	
100.500	      0.309211	       0.31398	
101.000	      0.309347	      0.313993	
101.500	      0.309347	      0.313993	
102.000	      0.309478	      0.314006	
102.500	      0.309606	      0.314018	
103.000	      0.309606	      0.314018	
103.500	       0.30973	       0.31403	
104.000	      0.309849	      0.314042	
104.500	      0.309965	      0.314053	
105.000	      0.309965	      0.314053	
105.500	      0.310078	      0.314064	
106.000	      0.310187	      0.314075	
106.500	      0.310187	      0.314075	
107.000	      0.310294	      0.314086	
107.500	      0.310397	      0.314096	
108.000	      0.310497	      0.314106	
108.500	      0.310497	      0.314106	
109.000	      0.310594	      0.314116	
109.500	      0.310688	      0.314126	
110.000	      0.310688	      0.314126	
110.500	       0.31078	      0.314135	
111.000	      0.310869	      0.314145	
111.500	      0.310956	      0.314154	
112.000	      0.310956	      0.314154	
112.500	       0.31104	      0.314162	
113.000	      0.311122	      0.314171	
113.500	      0.311122	      0.314171	
114.000	      0.311202	      0.314179	
114.500	      0.311279	      0.314187	
115.000	      0.311355	      0.314195	
115.500	      0.311355	      0.314195	
116.000	      0.311429	      0.314203	
116.500	        0.3115	       0.31421	
117.000	        0.3115	       0.31421	
117.500	       0.31157	      0.314217	
118.000	      0.311638	      0.314224	
118.500	      0.311704	      0.314231	
119.000	      0.311704	      0.314231	
119.500	      0.311769	      0.314238	
120.000	      0.311832	      0.314244	
120.500	      0.311832	      0.314244	
121.000	      0.311893	       0.31425	
121.500	      0.311953	      0.314256	
122.000	      0.312011	      0.314262	
122.500	      0.312011	      0.314262	
123.000	      0.312068	      0.314268	
123.500	      0.312123	      0.314273	
124.000	      0.312123	      0.314273	
124.500	      0.312177	      0.314278	
125.000	       0.31223	      0.314284	
125.500	       0.31223	      0.314284	
126.000	      0.312282	      0.314288	
126.500	      0.312332	      0.314293	
127.000	      0.312381	      0.314298	
127.500	      0.312381	      0.314298	
128.000	      0.312429	      0.314302	
128.500	      0.312476	      0.314306	
129.000	      0.312476	      0.314306	
129.500	      0.312521	       0.31431	
130.000	      0.312566	      0.314314	
130.500	      0.312609	      0.314317	
131.000	      0.312609	      0.314317	
131.500	      0.312652	      0.314321	
132.000	      0.312694	      0.314324	
132.500	      0.312694	      0.314324	
133.000	      0.312734	      0.314327	
133.500	      0.312774	       0.31433	
134.000	      0.312813	      0.314333	
134.500	      0.312813	      0.314333	
135.000	      0.312851	      0.314335	
135.500	      0.312888	      0.314338	
136.000	      0.312888	      0.314338	
136.500	      0.312924	       0.31434	
137.000	       0.31296	      0.314342	
137.500	      0.312994	      0.314344	
138.000	      0.312994	      0.314344	
138.500	      0.313028	      0.314346	
139.000	      0.313061	      0.314347	
139.500	      0.313061	      0.314347	
140.000	      0.313094	      0.314349	
140.500	      0.313126	       0.31435	
141.000	      0.313157	      0.314351	
141.500	      0.313157	      0.314351	
142.000	      0.313187	      0.314352	
142.500	      0.313217	      0.314353	
143.000	      0.313217	      0.314353	
143.500	      0.313246	      0.314353	
144.000	      0.313274	      0.314354	
144.500	      0.313302	      0.314354	
145.000	      0.313302	      0.314354	
145.500	      0.313329	      0.314354	
146.000	      0.313356	      0.314354	
146.500	      0.313356	      0.314354	
147.000	      0.313382	      0.314354	
147.500	      0.313408	      0.314353	
148.000	      0.313408	      0.314353	
148.500	      0.313433	      0.314353	
149.000	      0.313457	      0.314352	
149.500	      0.313481	      0.314351	
150.000	      0.313481	      0.314351	
150.500	      0.313505	       0.31435	
151.000	      0.313527	      0.314349	
151.500	      0.313527	      0.314349	
152.000	       0.31355	      0.314347	
152.500	      0.313572	      0.314346	
153.000	      0.313593	      0.314344	
153.500	      0.313593	      0.314344	
154.000	      0.313615	      0.314342	
154.500	      0.313635	       0.31434	
155.000	      0.313635	       0.31434	
155.500	      0.313655	      0.314338	
156.000	      0.313675	      0.314335	
156.500	      0.313695	      0.314333	
157.000	      0.313695	      0.314333	
157.500	      0.313713	       0.31433	
158.000	      0.313732	      0.314327	
158.500	      0.313732	      0.314327	
159.000	       0.31375	      0.314324	
159.500	      0.313768	      0.314321	
160.000	      0.313785	      0.314317	
160.500	      0.313785	      0.314317	
161.000	      0.313802	      0.314314	
161.500	      0.313819	       0.31431	
162.000	      0.313819	       0.31431	
162.500	      0.313835	      0.314306	
163.000	      0.313851	      0.314302	
163.500	      0.313867	      0.314298	
164.000	      0.313867	      0.314298	
164.500	      0.313882	      0.314293	
165.000	      0.313897	      0.314288	
165.500	      0.313897	      0.314288	
166.000	      0.313912	      0.314284	
166.500	      0.313926	      0.314278	
167.000	       0.31394	      0.314273	
167.500	       0.31394	      0.314273	
168.000	      0.313954	      0.314268	
168.500	      0.313967	      0.314262	
169.000	      0.313967	      0.314262	
169.500	       0.31398	      0.314256	
170.000	      0.313993	       0.31425	
170.500	      0.313993	       0.31425	
171.000	      0.314006	      0.314244	
171.500	      0.314018	      0.314238	
172.000	       0.31403	      0.314231	
172.500	       0.31403	      0.314231	
173.000	      0.314042	      0.314224	
173.500	      0.314053	      0.314217	
174.000	      0.314053	      0.314217	
174.500	      0.314064	       0.31421	
175.000	      0.314075	      0.314203	
175.500	      0.314086	      0.314195	
176.000	      0.314086	      0.314195	
176.500	      0.314096	      0.314187	
177.000	      0.314106	      0.314179	
177.500	      0.314106	      0.314179	
178.000	      0.314116	      0.314171	
178.500	      0.314126	      0.314162	
179.000	      0.314135	      0.314154	
179.500	      0.314135	      0.314154	
180.000	      0.314145	      0.314145	
