
TracePro Release: 3 2 0 
Polar Candela Distribution Data for 
Data covers +/- 180.000 degrees from Normal
Data for Missed Rays
Data generated at 09:32:36 June 30, 2025

	   0.0	 180.0
0.000	      0.248173	      0.248173	
0.500	      0.243367	      0.252487	
1.000	      0.243367	      0.252487	
1.500	      0.237993	      0.256373	
2.000	      0.231956	      0.259885	
2.500	      0.225146	       0.26307	
3.000	      0.225146	       0.26307	
3.500	      0.217424	      0.265966	
4.000	      0.208621	      0.268607	
4.500	      0.208621	      0.268607	
5.000	      0.198526	      0.271021	
5.500	      0.186875	      0.273233	
6.000	      0.173331	      0.275263	
6.500	      0.173331	      0.275263	
7.000	      0.157463	      0.277132	
7.500	      0.138706	      0.278855	
8.000	      0.138706	      0.278855	
8.500	      0.116315	      0.280445	
9.000	     0.0892892	      0.281917	
9.500	     0.0562556	       0.28328	
10.000	     0.0562556	       0.28328	
10.500	     0.0152925	      0.284544	
11.000	     0.0363565	      0.285719	
11.500	     0.0363565	      0.285719	
12.000	       0.10276	      0.286811	
12.500	      0.190124	      0.287827	
13.000	      0.190124	      0.287827	
13.500	      0.308306	      0.288774	
14.000	      0.473723	      0.289656	
14.500	      0.715402	       0.29048	
15.000	      0.715402	       0.29048	
15.500	        1.0887	      0.291248	
16.000	       1.71031	      0.291965	
16.500	       1.71031	      0.291965	
17.000	       2.86292	      0.292634	
17.500	       5.39066	      0.293259	
18.000	        12.915	      0.293843	
18.500	        12.915	      0.293843	
19.000	       68.1003	      0.294387	
19.500	       698.689	      0.294894	
20.000	       698.689	      0.294894	
20.500	       68.1003	      0.295365	
21.000	       12.9149	      0.295804	
21.500	        5.3906	      0.296211	
22.000	        5.3906	      0.296211	
22.500	       2.86284	      0.296588	
23.000	       1.71021	      0.296935	
23.500	       1.71021	      0.296935	
24.000	       1.08858	      0.297255	
24.500	       0.71526	      0.297547	
25.000	      0.473561	      0.297812	
25.500	      0.473561	      0.297812	
26.000	      0.308123	      0.298052	
26.500	       0.18992	      0.298265	
27.000	       0.18992	      0.298265	
27.500	      0.102534	      0.298454	
28.000	     0.0361098	      0.298616	
28.500	     0.0155608	      0.298753	
29.000	     0.0155608	      0.298753	
29.500	     0.0565458	      0.298865	
30.000	     0.0896017	      0.298949	
30.500	     0.0896017	      0.298949	
31.000	       0.11665	      0.299007	
31.500	      0.139063	      0.299037	
32.000	      0.157844	      0.299037	
32.500	      0.157844	      0.299037	
33.000	      0.173736	      0.299007	
33.500	      0.187304	      0.298944	
34.000	      0.187304	      0.298944	
34.500	       0.19898	      0.298846	
35.000	      0.209099	      0.298711	
35.500	      0.209099	      0.298711	
36.000	      0.217928	      0.298536	
36.500	      0.225676	      0.298316	
37.000	      0.232513	      0.298048	
37.500	      0.232513	      0.298048	
38.000	      0.238577	      0.297727	
38.500	      0.243979	      0.297345	
39.000	      0.243979	      0.297345	
39.500	      0.248814	      0.296896	
40.000	      0.253157	       0.29637	
40.500	      0.257073	      0.295758	
41.000	      0.257073	      0.295758	
41.500	      0.260617	      0.295045	
42.000	      0.263834	      0.294217	
42.500	      0.263834	      0.294217	
43.000	      0.266763	      0.293253	
43.500	      0.269438	       0.29213	
44.000	      0.271886	      0.290818	
44.500	      0.271886	      0.290818	
45.000	      0.274134	      0.289278	
45.500	      0.276203	      0.287464	
46.000	      0.276203	      0.287464	
46.500	       0.27811	      0.285314	
47.000	      0.279872	      0.282746	
47.500	      0.281505	      0.279655	
48.000	      0.281505	      0.279655	
48.500	      0.283019	      0.275897	
49.000	      0.284427	      0.271277	
49.500	      0.284427	      0.271277	
50.000	      0.285737	      0.265519	
50.500	       0.28696	      0.258229	
51.000	      0.288102	      0.248826	
51.500	      0.288102	      0.248826	
52.000	       0.28917	      0.236421	
52.500	      0.290171	      0.219605	
53.000	      0.290171	      0.219605	
53.500	       0.29111	       0.19603	
54.000	      0.291993	      0.161543	
54.500	      0.292823	      0.108225	
55.000	      0.292823	      0.108225	
55.500	      0.293605	     0.0193842	
56.000	      0.294342	      0.145418	
56.500	      0.294342	      0.145418	
57.000	      0.295038	      0.506935	
57.500	      0.295695	       1.58321	
58.000	      0.295695	       1.58321	
58.500	      0.296318	       9.47739	
59.000	      0.296907	       100.212	
59.500	      0.297465	       9.47725	
60.000	      0.297465	       9.47725	
60.500	      0.297995	       1.58293	
61.000	      0.298498	      0.506513	
61.500	      0.298498	      0.506513	
62.000	      0.298977	      0.144855	
62.500	      0.299432	     0.0200888	
63.000	      0.299865	      0.109072	
63.500	      0.299865	      0.109072	
64.000	      0.300278	      0.162533	
64.500	      0.300671	      0.197165	
65.000	      0.300671	      0.197165	
65.500	      0.301047	      0.220885	
66.000	      0.301405	      0.237848	
66.500	      0.301748	        0.2504	
67.000	      0.301748	        0.2504	
67.500	      0.302076	      0.259953	
68.000	      0.302389	      0.267394	
68.500	      0.302389	      0.267394	
69.000	      0.302689	      0.273305	
69.500	      0.302977	      0.278081	
70.000	      0.303253	      0.281996	
70.500	      0.303253	      0.281996	
71.000	      0.303517	      0.285247	
71.500	      0.303771	      0.287978	
72.000	      0.303771	      0.287978	
72.500	      0.304015	      0.290294	
73.000	      0.304249	      0.292276	
73.500	      0.304474	      0.293987	
74.000	      0.304474	      0.293987	
74.500	      0.304691	      0.295475	
75.000	      0.304899	      0.296776	
75.500	      0.304899	      0.296776	
76.000	      0.305099	      0.297923	
76.500	      0.305292	      0.298938	
77.000	      0.305478	      0.299841	
77.500	      0.305478	      0.299841	
78.000	      0.305658	       0.30065	
78.500	      0.305831	      0.301376	
79.000	      0.305831	      0.301376	
79.500	      0.305998	      0.302031	
80.000	      0.306159	      0.302624	
80.500	      0.306159	      0.302624	
81.000	      0.306314	      0.303163	
81.500	      0.306464	      0.303655	
82.000	       0.30661	      0.304105	
82.500	       0.30661	      0.304105	
83.000	       0.30675	      0.304517	
83.500	      0.306886	      0.304897	
84.000	      0.306886	      0.304897	
84.500	      0.307017	      0.305248	
85.000	      0.307144	      0.305572	
85.500	      0.307267	      0.305872	
86.000	      0.307267	      0.305872	
86.500	      0.307386	      0.306151	
87.000	      0.307501	      0.306411	
87.500	      0.307501	      0.306411	
88.000	      0.307613	      0.306653	
88.500	      0.307721	       0.30688	
89.000	      0.307826	      0.307092	
89.500	      0.307826	      0.307092	
90.000	      0.307928	      0.307291	
90.500	      0.308026	      0.307478	
91.000	      0.308026	      0.307478	
91.500	      0.308122	      0.307654	
92.000	      0.308215	       0.30782	
92.500	      0.308306	      0.307977	
93.000	      0.308306	      0.307977	
93.500	      0.308393	      0.308125	
94.000	      0.308478	      0.308265	
94.500	      0.308478	      0.308265	
95.000	      0.308561	      0.308397	
95.500	      0.308641	      0.308523	
96.000	       0.30872	      0.308643	
96.500	       0.30872	      0.308643	
97.000	      0.308796	      0.308756	
97.500	      0.308869	      0.308864	
98.000	      0.308869	      0.308864	
98.500	      0.308941	      0.308967	
99.000	      0.309011	      0.309065	
99.500	      0.309079	      0.309159	
100.000	      0.309079	      0.309159	
100.500	      0.309145	      0.309249	
101.000	       0.30921	      0.309334	
101.500	       0.30921	      0.309334	
102.000	      0.309272	      0.309416	
102.500	      0.309334	      0.309495	
103.000	      0.309334	      0.309495	
103.500	      0.309393	       0.30957	
104.000	      0.309451	      0.309642	
104.500	      0.309507	      0.309711	
105.000	      0.309507	      0.309711	
105.500	      0.309562	      0.309777	
106.000	      0.309616	      0.309841	
106.500	      0.309616	      0.309841	
107.000	      0.309668	      0.309902	
107.500	      0.309719	      0.309962	
108.000	      0.309769	      0.310018	
108.500	      0.309769	      0.310018	
109.000	      0.309818	      0.310073	
109.500	      0.309865	      0.310126	
110.000	      0.309865	      0.310126	
110.500	      0.309911	      0.310177	
111.000	      0.309956	      0.310226	
111.500	          0.31	      0.310273	
112.000	          0.31	      0.310273	
112.500	      0.310043	      0.310319	
113.000	      0.310084	      0.310363	
113.500	      0.310084	      0.310363	
114.000	      0.310125	      0.310405	
114.500	      0.310165	      0.310447	
115.000	      0.310204	      0.310486	
115.500	      0.310204	      0.310486	
116.000	      0.310242	      0.310525	
116.500	      0.310279	      0.310562	
117.000	      0.310279	      0.310562	
117.500	      0.310315	      0.310598	
118.000	      0.310351	      0.310633	
118.500	      0.310385	      0.310667	
119.000	      0.310385	      0.310667	
119.500	      0.310419	        0.3107	
120.000	      0.310452	      0.310731	
120.500	      0.310452	      0.310731	
121.000	      0.310484	      0.310762	
121.500	      0.310515	      0.310792	
122.000	      0.310546	      0.310821	
122.500	      0.310546	      0.310821	
123.000	      0.310576	      0.310849	
123.500	      0.310606	      0.310876	
124.000	      0.310606	      0.310876	
124.500	      0.310634	      0.310903	
125.000	      0.310662	      0.310928	
125.500	      0.310662	      0.310928	
126.000	       0.31069	      0.310953	
126.500	      0.310717	      0.310977	
127.000	      0.310743	         0.311	
127.500	      0.310743	         0.311	
128.000	      0.310768	      0.311023	
128.500	      0.310793	      0.311045	
129.000	      0.310793	      0.311045	
129.500	      0.310818	      0.311067	
130.000	      0.310842	      0.311087	
130.500	      0.310865	      0.311108	
131.000	      0.310865	      0.311108	
131.500	      0.310888	      0.311127	
132.000	       0.31091	      0.311146	
132.500	       0.31091	      0.311146	
133.000	      0.310932	      0.311165	
133.500	      0.310953	      0.311183	
134.000	      0.310974	        0.3112	
134.500	      0.310974	        0.3112	
135.000	      0.310995	      0.311217	
135.500	      0.311014	      0.311234	
136.000	      0.311014	      0.311234	
136.500	      0.311034	       0.31125	
137.000	      0.311053	      0.311265	
137.500	      0.311072	       0.31128	
138.000	      0.311072	       0.31128	
138.500	       0.31109	      0.311295	
139.000	      0.311107	      0.311309	
139.500	      0.311107	      0.311309	
140.000	      0.311125	      0.311323	
140.500	      0.311142	      0.311336	
141.000	      0.311158	      0.311349	
141.500	      0.311158	      0.311349	
142.000	      0.311174	      0.311362	
142.500	       0.31119	      0.311374	
143.000	       0.31119	      0.311374	
143.500	      0.311206	      0.311386	
144.000	      0.311221	      0.311397	
144.500	      0.311235	      0.311408	
145.000	      0.311235	      0.311408	
145.500	       0.31125	      0.311419	
146.000	      0.311264	      0.311429	
146.500	      0.311264	      0.311429	
147.000	      0.311278	      0.311439	
147.500	      0.311291	      0.311449	
148.000	      0.311291	      0.311449	
148.500	      0.311304	      0.311458	
149.000	      0.311317	      0.311467	
149.500	      0.311329	      0.311476	
150.000	      0.311329	      0.311476	
150.500	      0.311341	      0.311485	
151.000	      0.311353	      0.311493	
151.500	      0.311353	      0.311493	
152.000	      0.311364	      0.311501	
152.500	      0.311375	      0.311508	
153.000	      0.311386	      0.311516	
153.500	      0.311386	      0.311516	
154.000	      0.311397	      0.311523	
154.500	      0.311407	      0.311529	
155.000	      0.311407	      0.311529	
155.500	      0.311417	      0.311536	
156.000	      0.311427	      0.311542	
156.500	      0.311436	      0.311548	
157.000	      0.311436	      0.311548	
157.500	      0.311445	      0.311554	
158.000	      0.311454	      0.311559	
158.500	      0.311454	      0.311559	
159.000	      0.311463	      0.311564	
159.500	      0.311471	      0.311569	
160.000	       0.31148	      0.311574	
160.500	       0.31148	      0.311574	
161.000	      0.311487	      0.311578	
161.500	      0.311495	      0.311583	
162.000	      0.311495	      0.311583	
162.500	      0.311503	      0.311587	
163.000	       0.31151	       0.31159	
163.500	      0.311517	      0.311594	
164.000	      0.311517	      0.311594	
164.500	      0.311523	      0.311597	
165.000	       0.31153	        0.3116	
165.500	       0.31153	        0.3116	
166.000	      0.311536	      0.311603	
166.500	      0.311542	      0.311605	
167.000	      0.311547	      0.311608	
167.500	      0.311547	      0.311608	
168.000	      0.311553	       0.31161	
168.500	      0.311558	      0.311612	
169.000	      0.311558	      0.311612	
169.500	      0.311563	      0.311613	
170.000	      0.311568	      0.311615	
170.500	      0.311568	      0.311615	
171.000	      0.311573	      0.311616	
171.500	      0.311577	      0.311617	
172.000	      0.311581	      0.311618	
172.500	      0.311581	      0.311618	
173.000	      0.311585	      0.311618	
173.500	      0.311589	      0.311619	
174.000	      0.311589	      0.311619	
174.500	      0.311592	      0.311619	
175.000	      0.311596	      0.311619	
175.500	      0.311599	      0.311619	
176.000	      0.311599	      0.311619	
176.500	      0.311601	      0.311618	
177.000	      0.311604	      0.311617	
177.500	      0.311604	      0.311617	
178.000	      0.311606	      0.311616	
178.500	      0.311609	      0.311615	
179.000	      0.311611	      0.311614	
179.500	      0.311611	      0.311614	
180.000	      0.311612	      0.311612	
