
TracePro Release: 3 2 0 
Polar Candela Distribution Data for 
Data covers +/- 180.000 degrees from Normal
Data for Missed Rays
Data generated at 09:43:51 June 25, 2025

	   0.0	 180.0
0.000	     0.0840553	     0.0840553	
0.500	     0.0830937	     0.0849516	
1.000	     0.0830937	     0.0849516	
1.500	     0.0820607	     0.0857883	
2.000	     0.0809495	     0.0865706	
2.500	     0.0797525	     0.0873028	
3.000	     0.0797525	     0.0873028	
3.500	     0.0784622	     0.0879893	
4.000	     0.0770709	     0.0886338	
4.500	     0.0770709	     0.0886338	
5.000	     0.0755737	     0.0892394	
5.500	     0.0739736	     0.0898095	
6.000	     0.0723067	     0.0903465	
6.500	     0.0723067	     0.0903465	
7.000	     0.0707779	     0.0908532	
7.500	     0.0720019	     0.0913318	
8.000	     0.0720019	     0.0913318	
8.500	     0.0222117	     0.0917843	
9.000	     0.0669459	     0.0922126	
9.500	     0.0606013	     0.0926184	
10.000	     0.0606013	     0.0926184	
10.500	     0.0568782	     0.0930035	
11.000	      0.053091	     0.0933691	
11.500	      0.053091	     0.0933691	
12.000	     0.0489573	     0.0937167	
12.500	      0.044354	     0.0940474	
13.000	      0.044354	     0.0940474	
13.500	     0.0391781	     0.0943625	
14.000	     0.0333175	     0.0946629	
14.500	     0.0266396	     0.0949497	
15.000	     0.0266396	     0.0949497	
15.500	     0.0189817	     0.0952237	
16.000	      0.010141	     0.0954858	
16.500	      0.010141	     0.0954858	
17.000	   0.000139784	     0.0957367	
17.500	     0.0121909	     0.0959772	
18.000	     0.0264425	     0.0962079	
18.500	     0.0264425	     0.0962079	
19.000	     0.0434632	     0.0964296	
19.500	     0.0640177	     0.0966428	
20.000	     0.0640177	     0.0966428	
20.500	     0.0891537	      0.096848	
21.000	      0.120338	     0.0970459	
21.500	      0.159674	     0.0972369	
22.000	      0.159674	     0.0972369	
22.500	      0.210267	     0.0974215	
23.000	      0.276855	     0.0976002	
23.500	      0.276855	     0.0976002	
24.000	      0.366962	     0.0977735	
24.500	      0.493117	     0.0979417	
25.000	      0.677479	     0.0981054	
25.500	      0.677479	     0.0981054	
26.000	      0.962301	     0.0982649	
26.500	       1.43666	     0.0984206	
27.000	       1.43666	     0.0984206	
27.500	       2.31632	      0.098573	
28.000	       4.24563	     0.0987226	
28.500	       9.98887	     0.0988696	
29.000	       9.98887	     0.0988696	
29.500	       52.1123	     0.0990146	
30.000	       533.187	      0.099158	
30.500	       533.187	      0.099158	
31.000	        52.112	     0.0993002	
31.500	       9.98816	     0.0994418	
32.000	       4.24456	     0.0995832	
32.500	       4.24456	     0.0995832	
33.000	       2.31488	     0.0997249	
33.500	       1.43485	     0.0998675	
34.000	       1.43485	     0.0998675	
34.500	      0.960126	      0.100011	
35.000	      0.674925	      0.100157	
35.500	      0.674925	      0.100157	
36.000	       0.49018	      0.100304	
36.500	      0.363634	      0.100452	
37.000	      0.273133	        0.1006	
37.500	      0.273133	        0.1006	
38.000	      0.206152	      0.100742	
38.500	      0.155182	      0.100862	
39.000	      0.155182	      0.100862	
39.500	      0.115535	      0.100911	
40.000	     0.0843275	      0.100668	
40.500	     0.0620655	     0.0974942	
41.000	     0.0620655	     0.0974942	
41.500	    0.00600071	      0.145254	
42.000	     0.0233994	     0.0980671	
42.500	     0.0233994	     0.0980671	
43.000	     0.0051774	      0.101828	
43.500	    0.00795744	      0.102687	
44.000	     0.0190525	      0.103299	
44.500	     0.0190525	      0.103299	
45.000	     0.0286634	      0.103902	
45.500	     0.0371025	      0.104562	
46.000	     0.0371025	      0.104562	
46.500	     0.0445933	      0.105286	
47.000	     0.0513081	      0.105922	
47.500	     0.0573831	      0.103927	
48.000	     0.0573831	      0.103927	
48.500	     0.0629277	      0.153308	
49.000	     0.0680288	      0.108458	
49.500	     0.0680288	      0.108458	
50.000	     0.0727521	      0.115694	
50.500	     0.0771389	       0.12203	
51.000	     0.0811933	      0.131927	
51.500	     0.0811933	      0.131927	
52.000	     0.0848435	      0.150021	
52.500	     0.0878228	       0.18953	
53.000	     0.0878228	       0.18953	
53.500	     0.0892094	      0.306958	
54.000	      0.084839	        1.1678	
54.500	     0.0248907	       10.7926	
55.000	     0.0248907	       10.7926	
55.500	      0.926666	       1.16789	
56.000	     0.0350593	      0.307147	
56.500	     0.0350593	      0.307147	
57.000	       0.10555	      0.189821	
57.500	      0.121381	       0.15043	
58.000	      0.121381	       0.15043	
58.500	       0.13358	      0.132487	
59.000	      0.150795	      0.122826	
59.500	      0.224183	      0.117036	
60.000	      0.224183	      0.117036	
60.500	      0.663878	      0.113298	
61.000	      0.245193	      0.110749	
61.500	      0.245193	      0.110749	
62.000	      0.193907	      0.108935	
62.500	       0.20125	      0.107601	
63.000	      0.218309	      0.106594	
63.500	      0.218309	      0.106594	
64.000	       0.24236	      0.105816	
64.500	      0.274705	      0.105203	
65.000	      0.274705	      0.105203	
65.500	      0.318634	      0.104714	
66.000	      0.380003	      0.104318	
66.500	      0.469238	      0.103993	
67.000	      0.469238	      0.103993	
67.500	      0.605942	      0.103725	
68.000	       0.82928	      0.103501	
68.500	       0.82928	      0.103501	
69.000	       1.19426	      0.103312	
69.500	       3.03209	      0.103153	
70.000	       4.89072	      0.103017	
70.500	       4.89072	      0.103017	
71.000	       26.5466	      0.102901	
71.500	        261.86	      0.102802	
72.000	        261.86	      0.102802	
72.500	       25.7253	      0.102716	
73.000	        5.0434	      0.102641	
73.500	       2.22607	      0.102577	
74.000	       2.22607	      0.102577	
74.500	       1.28035	      0.102521	
75.000	      0.849466	      0.102472	
75.500	      0.849466	      0.102472	
76.000	      0.617291	      0.102429	
76.500	      0.478001	      0.102392	
77.000	      0.387927	       0.10236	
77.500	      0.387927	       0.10236	
78.000	      0.326358	      0.102331	
78.500	      0.282436	      0.102307	
79.000	      0.282436	      0.102307	
79.500	      0.250022	      0.102285	
80.000	      0.225433	      0.102266	
80.500	      0.225433	      0.102266	
81.000	      0.206347	       0.10225	
81.500	      0.191245	      0.102236	
82.000	      0.179097	      0.102224	
82.500	      0.179097	      0.102224	
83.000	      0.169185	      0.102213	
83.500	      0.160997	      0.102204	
84.000	      0.160997	      0.102204	
84.500	      0.154159	      0.102197	
85.000	      0.148392	       0.10219	
85.500	      0.143487	      0.102185	
86.000	      0.143487	      0.102185	
86.500	      0.139283	      0.102181	
87.000	      0.135655	      0.102177	
87.500	      0.135655	      0.102177	
88.000	      0.132502	      0.102175	
88.500	      0.129749	      0.102173	
89.000	       0.12733	      0.102172	
89.500	       0.12733	      0.102172	
90.000	      0.125195	      0.102171	
90.500	      0.123303	      0.102171	
91.000	      0.123303	      0.102171	
91.500	      0.121618	      0.102171	
92.000	      0.120113	      0.102172	
92.500	      0.118763	      0.102173	
93.000	      0.118763	      0.102173	
93.500	      0.117548	      0.102175	
94.000	      0.116452	      0.102177	
94.500	      0.116452	      0.102177	
95.000	       0.11546	      0.102179	
95.500	       0.11456	      0.102181	
96.000	      0.113741	      0.102184	
96.500	      0.113741	      0.102184	
97.000	      0.112994	      0.102186	
97.500	      0.112311	      0.102189	
98.000	      0.112311	      0.102189	
98.500	      0.111685	      0.102193	
99.000	      0.111111	      0.102196	
99.500	      0.110582	      0.102199	
100.000	      0.110582	      0.102199	
100.500	      0.110096	      0.102203	
101.000	      0.109646	      0.102206	
101.500	      0.109646	      0.102206	
102.000	      0.109231	       0.10221	
102.500	      0.108847	      0.102214	
103.000	      0.108847	      0.102214	
103.500	       0.10849	      0.102218	
104.000	      0.108159	      0.102221	
104.500	      0.107851	      0.102225	
105.000	      0.107851	      0.102225	
105.500	      0.107564	      0.102229	
106.000	      0.107297	      0.102233	
106.500	      0.107297	      0.102233	
107.000	      0.107048	      0.102238	
107.500	      0.106815	      0.102242	
108.000	      0.106596	      0.102246	
108.500	      0.106596	      0.102246	
109.000	      0.106392	       0.10225	
109.500	      0.106201	      0.102254	
110.000	      0.106201	      0.102254	
110.500	      0.106021	      0.102258	
111.000	      0.105852	      0.102262	
111.500	      0.105694	      0.102266	
112.000	      0.105694	      0.102266	
112.500	      0.105545	      0.102271	
113.000	      0.105404	      0.102275	
113.500	      0.105404	      0.102275	
114.000	      0.105271	      0.102279	
114.500	      0.105146	      0.102283	
115.000	      0.105029	      0.102287	
115.500	      0.105029	      0.102287	
116.000	      0.104917	      0.102291	
116.500	      0.104812	      0.102295	
117.000	      0.104812	      0.102295	
117.500	      0.104712	      0.102299	
118.000	      0.104618	      0.102304	
118.500	      0.104528	      0.102308	
119.000	      0.104528	      0.102308	
119.500	      0.104444	      0.102312	
120.000	      0.104363	      0.102316	
120.500	      0.104363	      0.102316	
121.000	      0.104287	       0.10232	
121.500	      0.104215	      0.102323	
122.000	      0.104146	      0.102327	
122.500	      0.104146	      0.102327	
123.000	       0.10408	      0.102331	
123.500	      0.104018	      0.102335	
124.000	      0.104018	      0.102335	
124.500	      0.103959	      0.102339	
125.000	      0.103902	      0.102343	
125.500	      0.103902	      0.102343	
126.000	      0.103849	      0.102347	
126.500	      0.103797	       0.10235	
127.000	      0.103749	      0.102354	
127.500	      0.103749	      0.102354	
128.000	      0.103702	      0.102358	
128.500	      0.103658	      0.102362	
129.000	      0.103658	      0.102362	
129.500	      0.103615	      0.102365	
130.000	      0.103574	      0.102369	
130.500	      0.103536	      0.102373	
131.000	      0.103536	      0.102373	
131.500	      0.103499	      0.102376	
132.000	      0.103463	       0.10238	
132.500	      0.103463	       0.10238	
133.000	      0.103429	      0.102383	
133.500	      0.103397	      0.102387	
134.000	      0.103366	       0.10239	
134.500	      0.103366	       0.10239	
135.000	      0.103336	      0.102394	
135.500	      0.103307	      0.102397	
136.000	      0.103307	      0.102397	
136.500	       0.10328	      0.102401	
137.000	      0.103253	      0.102404	
137.500	      0.103228	      0.102407	
138.000	      0.103228	      0.102407	
138.500	      0.103204	      0.102411	
139.000	      0.103181	      0.102414	
139.500	      0.103181	      0.102414	
140.000	      0.103158	      0.102418	
140.500	      0.103137	      0.102421	
141.000	      0.103116	      0.102424	
141.500	      0.103116	      0.102424	
142.000	      0.103096	      0.102427	
142.500	      0.103077	      0.102431	
143.000	      0.103077	      0.102431	
143.500	      0.103059	      0.102434	
144.000	      0.103041	      0.102437	
144.500	      0.103024	       0.10244	
145.000	      0.103024	       0.10244	
145.500	      0.103008	      0.102444	
146.000	      0.102992	      0.102447	
146.500	      0.102992	      0.102447	
147.000	      0.102976	       0.10245	
147.500	      0.102962	      0.102453	
148.000	      0.102962	      0.102453	
148.500	      0.102947	      0.102456	
149.000	      0.102934	      0.102459	
149.500	      0.102921	      0.102463	
150.000	      0.102921	      0.102463	
150.500	      0.102908	      0.102466	
151.000	      0.102895	      0.102469	
151.500	      0.102895	      0.102469	
152.000	      0.102884	      0.102472	
152.500	      0.102872	      0.102475	
153.000	      0.102861	      0.102478	
153.500	      0.102861	      0.102478	
154.000	       0.10285	      0.102481	
154.500	       0.10284	      0.102484	
155.000	       0.10284	      0.102484	
155.500	       0.10283	      0.102487	
156.000	       0.10282	      0.102491	
156.500	       0.10281	      0.102494	
157.000	       0.10281	      0.102494	
157.500	      0.102801	      0.102497	
158.000	      0.102792	        0.1025	
158.500	      0.102792	        0.1025	
159.000	      0.102784	      0.102503	
159.500	      0.102775	      0.102506	
160.000	      0.102767	      0.102509	
160.500	      0.102767	      0.102509	
161.000	      0.102759	      0.102512	
161.500	      0.102751	      0.102516	
162.000	      0.102751	      0.102516	
162.500	      0.102744	      0.102519	
163.000	      0.102737	      0.102522	
163.500	       0.10273	      0.102525	
164.000	       0.10273	      0.102525	
164.500	      0.102723	      0.102528	
165.000	      0.102716	      0.102532	
165.500	      0.102716	      0.102532	
166.000	       0.10271	      0.102535	
166.500	      0.102703	      0.102538	
167.000	      0.102697	      0.102541	
167.500	      0.102697	      0.102541	
168.000	      0.102691	      0.102545	
168.500	      0.102685	      0.102548	
169.000	      0.102685	      0.102548	
169.500	       0.10268	      0.102552	
170.000	      0.102674	      0.102555	
170.500	      0.102674	      0.102555	
171.000	      0.102669	      0.102558	
171.500	      0.102663	      0.102562	
172.000	      0.102658	      0.102565	
172.500	      0.102658	      0.102565	
173.000	      0.102653	      0.102569	
173.500	      0.102648	      0.102573	
174.000	      0.102648	      0.102573	
174.500	      0.102643	      0.102576	
175.000	      0.102638	       0.10258	
175.500	      0.102634	      0.102584	
176.000	      0.102634	      0.102584	
176.500	      0.102629	      0.102588	
177.000	      0.102625	      0.102591	
177.500	      0.102625	      0.102591	
178.000	       0.10262	      0.102595	
178.500	      0.102616	      0.102599	
179.000	      0.102612	      0.102603	
179.500	      0.102612	      0.102603	
180.000	      0.102607	      0.102607	
