
TracePro Release: 3 2 0 
Polar Candela Distribution Data for 
Data covers +/- 180.000 degrees from Normal
Data for Missed Rays
Data generated at 09:43:51 June 25, 2025

	   0.0	 180.0
0.000	      0.126883	      0.126883	
0.500	      0.126537	      0.127272	
1.000	      0.126537	      0.127272	
1.500	      0.126201	      0.127795	
2.000	      0.125864	      0.128846	
2.500	      0.125517	      0.135088	
3.000	      0.125517	      0.135088	
3.500	      0.125157	     0.0512082	
4.000	      0.124781	      0.135093	
4.500	      0.124781	      0.135093	
5.000	      0.124385	       0.12605	
5.500	      0.123967	      0.180682	
6.000	      0.123526	     0.0770843	
6.500	      0.123526	     0.0770843	
7.000	      0.123059	      0.132825	
7.500	      0.122563	      0.129691	
8.000	      0.122563	      0.129691	
8.500	      0.122036	      0.129472	
9.000	      0.121474	      0.129507	
9.500	      0.120875	      0.129603	
10.000	      0.120875	      0.129603	
10.500	      0.120236	      0.129717	
11.000	      0.119551	      0.129837	
11.500	      0.119551	      0.129837	
12.000	      0.118817	      0.129959	
12.500	      0.118028	       0.13008	
13.000	      0.118028	       0.13008	
13.500	       0.11718	      0.130199	
14.000	      0.116265	      0.130316	
14.500	      0.115277	      0.130432	
15.000	      0.115277	      0.130432	
15.500	      0.114207	      0.130546	
16.000	      0.113047	      0.130659	
16.500	      0.113047	      0.130659	
17.000	      0.111788	      0.130774	
17.500	      0.110424	      0.130892	
18.000	      0.108969	      0.131016	
18.500	      0.108969	      0.131016	
19.000	      0.107591	      0.131156	
19.500	      0.109404	      0.131325	
20.000	      0.109404	      0.131325	
20.500	     0.0321294	      0.131563	
21.000	      0.217427	      0.131983	
21.500	     0.0893465	      0.133088	
22.000	     0.0893465	      0.133088	
22.500	     0.0947164	      0.141096	
23.000	     0.0927097	     0.0218117	
23.500	     0.0927097	     0.0218117	
24.000	     0.0897063	      0.201689	
24.500	     0.0861915	     0.0736816	
25.000	     0.0823471	      0.136816	
25.500	     0.0823471	      0.136816	
26.000	     0.0787439	      0.132776	
26.500	     0.0825659	      0.132274	
27.000	     0.0825659	      0.132274	
27.500	     0.0539215	      0.132133	
28.000	     0.0696307	      0.132094	
28.500	      0.055153	      0.132095	
29.000	      0.055153	      0.132095	
29.500	      0.085594	      0.132115	
30.000	      0.765698	      0.132145	
30.500	      0.765698	      0.132145	
31.000	       1.54429	       0.13218	
31.500	       1.62062	      0.132219	
32.000	       1.97773	      0.132258	
32.500	       1.97773	      0.132258	
33.000	       2.43144	      0.132299	
33.500	       1.85428	      0.132339	
34.000	       1.85428	      0.132339	
34.500	       4.20046	       0.13238	
35.000	       1.99596	       0.13242	
35.500	       1.99596	       0.13242	
36.000	       3.14918	      0.132459	
36.500	       2.71411	      0.132498	
37.000	       3.02217	      0.132536	
37.500	       3.02217	      0.132536	
38.000	     0.0331946	      0.132574	
38.500	          5.04	       0.13261	
39.000	          5.04	       0.13261	
39.500	       4.74544	      0.132646	
40.000	       36.5866	      0.132681	
40.500	       356.143	      0.132715	
41.000	       356.143	      0.132715	
41.500	       37.9335	      0.132749	
42.000	       4.71514	      0.132782	
42.500	       4.71514	      0.132782	
43.000	       4.62368	      0.132814	
43.500	       2.35821	      0.132845	
44.000	       3.06098	      0.132875	
44.500	       3.06098	      0.132875	
45.000	       1.67651	      0.132905	
45.500	       5.36709	      0.132934	
46.000	       5.36709	      0.132934	
46.500	       2.68596	      0.132963	
47.000	       1.92088	      0.132991	
47.500	       1.88186	      0.133018	
48.000	       1.88186	      0.133018	
48.500	        1.8916	      0.133044	
49.000	       3.08751	       0.13307	
49.500	       3.08751	       0.13307	
50.000	       2.49432	      0.133095	
50.500	       1.24374	       0.13312	
51.000	       1.39572	      0.133144	
51.500	       1.39572	      0.133144	
52.000	       3.16472	      0.133168	
52.500	       2.29722	      0.133191	
53.000	       2.29722	      0.133191	
53.500	        2.2676	      0.133214	
54.000	       1.60674	      0.133236	
54.500	       1.19568	      0.133257	
55.000	       1.19568	      0.133257	
55.500	       3.88381	      0.133278	
56.000	       5.68803	      0.133299	
56.500	       5.68803	      0.133299	
57.000	       4.89139	      0.133319	
57.500	       4.07733	      0.133339	
58.000	       4.07733	      0.133339	
58.500	       2.73629	      0.133358	
59.000	       3.98982	      0.133377	
59.500	       4.29571	      0.133396	
60.000	       4.29571	      0.133396	
60.500	       1.87861	      0.133414	
61.000	       6.05387	      0.133432	
61.500	       6.05387	      0.133432	
62.000	       2.83582	      0.133449	
62.500	       14.8445	      0.133466	
63.000	       122.773	      0.133483	
63.500	       122.773	      0.133483	
64.000	       14.6604	      0.133499	
64.500	       1.50179	      0.133515	
65.000	       1.50179	      0.133515	
65.500	       2.91215	      0.133531	
66.000	       1.34104	      0.133546	
66.500	       2.10896	      0.133561	
67.000	       2.10896	      0.133561	
67.500	       1.25622	      0.133576	
68.000	      0.793125	       0.13359	
68.500	      0.793125	       0.13359	
69.000	      0.151467	      0.133605	
69.500	       1.21939	      0.133618	
70.000	       2.18606	      0.133632	
70.500	       2.18606	      0.133632	
71.000	       4.30167	      0.133645	
71.500	       1.67645	      0.133658	
72.000	       1.67645	      0.133658	
72.500	       1.32551	      0.133671	
73.000	       2.78851	      0.133684	
73.500	       1.28834	      0.133696	
74.000	       1.28834	      0.133696	
74.500	      0.944485	      0.133708	
75.000	       1.45622	       0.13372	
75.500	       1.45622	       0.13372	
76.000	       1.30965	      0.133731	
76.500	     0.0533741	      0.133743	
77.000	       1.36888	      0.133754	
77.500	       1.36888	      0.133754	
78.000	       8.39713	      0.133765	
78.500	        4.9381	      0.133776	
79.000	        4.9381	      0.133776	
79.500	        5.5159	      0.133786	
80.000	       3.94377	      0.133797	
80.500	       3.94377	      0.133797	
81.000	       4.58388	      0.133807	
81.500	       5.63004	      0.133817	
82.000	       3.14742	      0.133827	
82.500	       3.14742	      0.133827	
83.000	       4.01696	      0.133836	
83.500	        5.2088	      0.133846	
84.000	        5.2088	      0.133846	
84.500	       3.24186	      0.133855	
85.000	       3.54343	      0.133864	
85.500	       3.76993	      0.133873	
86.000	       3.76993	      0.133873	
86.500	       1.85457	      0.133882	
87.000	       2.02259	       0.13389	
87.500	       2.02259	       0.13389	
88.000	       2.72781	      0.133899	
88.500	       4.49691	      0.133907	
89.000	       2.74305	      0.133915	
89.500	       2.74305	      0.133915	
90.000	       2.87519	      0.133923	
90.500	       2.37994	      0.133931	
91.000	       2.37994	      0.133931	
91.500	       0.40057	      0.133939	
92.000	      0.647932	      0.133946	
92.500	       1.10263	      0.133954	
93.000	       1.10263	      0.133954	
93.500	       1.59082	      0.133961	
94.000	       2.64229	      0.133968	
94.500	       2.64229	      0.133968	
95.000	       1.57186	      0.133975	
95.500	      0.997405	      0.133982	
96.000	     0.0575309	      0.133989	
96.500	     0.0575309	      0.133989	
97.000	      0.930708	      0.133996	
97.500	      0.639517	      0.134002	
98.000	      0.639517	      0.134002	
98.500	       0.94111	      0.134009	
99.000	       0.17769	      0.134015	
99.500	      0.347589	      0.134022	
100.000	      0.347589	      0.134022	
100.500	       1.01338	      0.134028	
101.000	      0.428014	      0.134034	
101.500	      0.428014	      0.134034	
102.000	      0.400645	       0.13404	
102.500	      0.574414	      0.134046	
103.000	      0.574414	      0.134046	
103.500	      0.535796	      0.134051	
104.000	       1.74794	      0.134057	
104.500	       2.25269	      0.134063	
105.000	       2.25269	      0.134063	
105.500	       12.0549	      0.134068	
106.000	       116.356	      0.134073	
106.500	       116.356	      0.134073	
107.000	       11.5279	      0.134079	
107.500	       2.33258	      0.134084	
108.000	       1.07985	      0.134089	
108.500	       1.07985	      0.134089	
109.000	      0.659183	      0.134094	
109.500	       0.46743	      0.134099	
110.000	       0.46743	      0.134099	
110.500	       0.36405	      0.134104	
111.000	      0.301991	      0.134109	
111.500	      0.261835	      0.134113	
112.000	      0.261835	      0.134113	
112.500	      0.234369	      0.134118	
113.000	      0.214763	      0.134123	
113.500	      0.214763	      0.134123	
114.000	      0.200284	      0.134127	
114.500	      0.189294	      0.134132	
115.000	      0.180757	      0.134136	
115.500	      0.180757	      0.134136	
116.000	      0.173999	       0.13414	
116.500	      0.168559	      0.134144	
117.000	      0.168559	      0.134144	
117.500	      0.164117	      0.134149	
118.000	      0.160446	      0.134153	
118.500	      0.157379	      0.134157	
119.000	      0.157379	      0.134157	
119.500	      0.154791	      0.134161	
120.000	      0.152588	      0.134165	
120.500	      0.152588	      0.134165	
121.000	        0.1507	      0.134168	
121.500	      0.149069	      0.134172	
122.000	      0.147651	      0.134176	
122.500	      0.147651	      0.134176	
123.000	      0.146412	       0.13418	
123.500	      0.145324	      0.134183	
124.000	      0.145324	      0.134183	
124.500	      0.144363	      0.134187	
125.000	      0.143511	       0.13419	
125.500	      0.143511	       0.13419	
126.000	      0.142753	      0.134194	
126.500	      0.142075	      0.134197	
127.000	      0.141467	      0.134201	
127.500	      0.141467	      0.134201	
128.000	       0.14092	      0.134204	
128.500	      0.140426	      0.134207	
129.000	      0.140426	      0.134207	
129.500	       0.13998	      0.134211	
130.000	      0.139574	      0.134214	
130.500	      0.139205	      0.134217	
131.000	      0.139205	      0.134217	
131.500	      0.138869	       0.13422	
132.000	      0.138562	      0.134223	
132.500	      0.138562	      0.134223	
133.000	       0.13828	      0.134226	
133.500	      0.138022	       0.13423	
134.000	      0.137785	      0.134233	
134.500	      0.137785	      0.134233	
135.000	      0.137566	      0.134236	
135.500	      0.137365	      0.134238	
136.000	      0.137365	      0.134238	
136.500	      0.137178	      0.134241	
137.000	      0.137006	      0.134244	
137.500	      0.136846	      0.134247	
138.000	      0.136846	      0.134247	
138.500	      0.136698	       0.13425	
139.000	      0.136561	      0.134253	
139.500	      0.136561	      0.134253	
140.000	      0.136432	      0.134256	
140.500	      0.136313	      0.134258	
141.000	      0.136202	      0.134261	
141.500	      0.136202	      0.134261	
142.000	      0.136098	      0.134264	
142.500	      0.136001	      0.134267	
143.000	      0.136001	      0.134267	
143.500	      0.135911	      0.134269	
144.000	      0.135826	      0.134272	
144.500	      0.135746	      0.134275	
145.000	      0.135746	      0.134275	
145.500	      0.135672	      0.134277	
146.000	      0.135602	       0.13428	
146.500	      0.135602	       0.13428	
147.000	      0.135536	      0.134283	
147.500	      0.135474	      0.134285	
148.000	      0.135474	      0.134285	
148.500	      0.135416	      0.134288	
149.000	      0.135361	      0.134291	
149.500	       0.13531	      0.134293	
150.000	       0.13531	      0.134293	
150.500	      0.135261	      0.134296	
151.000	      0.135215	      0.134299	
151.500	      0.135215	      0.134299	
152.000	      0.135172	      0.134301	
152.500	      0.135131	      0.134304	
153.000	      0.135092	      0.134307	
153.500	      0.135092	      0.134307	
154.000	      0.135055	       0.13431	
154.500	      0.135021	      0.134312	
155.000	      0.135021	      0.134312	
155.500	      0.134988	      0.134315	
156.000	      0.134957	      0.134318	
156.500	      0.134928	      0.134321	
157.000	      0.134928	      0.134321	
157.500	        0.1349	      0.134324	
158.000	      0.134873	      0.134326	
158.500	      0.134873	      0.134326	
159.000	      0.134848	      0.134329	
159.500	      0.134824	      0.134332	
160.000	      0.134801	      0.134335	
160.500	      0.134801	      0.134335	
161.000	       0.13478	      0.134338	
161.500	      0.134759	      0.134341	
162.000	      0.134759	      0.134341	
162.500	       0.13474	      0.134345	
163.000	      0.134721	      0.134348	
163.500	      0.134703	      0.134351	
164.000	      0.134703	      0.134351	
164.500	      0.134686	      0.134354	
165.000	       0.13467	      0.134358	
165.500	       0.13467	      0.134358	
166.000	      0.134655	      0.134361	
166.500	       0.13464	      0.134365	
167.000	      0.134626	      0.134368	
167.500	      0.134626	      0.134368	
168.000	      0.134613	      0.134372	
168.500	        0.1346	      0.134376	
169.000	        0.1346	      0.134376	
169.500	      0.134588	       0.13438	
170.000	      0.134576	      0.134384	
170.500	      0.134576	      0.134384	
171.000	      0.134565	      0.134388	
171.500	      0.134554	      0.134392	
172.000	      0.134544	      0.134397	
172.500	      0.134544	      0.134397	
173.000	      0.134534	      0.134401	
173.500	      0.134525	      0.134406	
174.000	      0.134525	      0.134406	
174.500	      0.134516	      0.134411	
175.000	      0.134507	      0.134416	
175.500	      0.134499	      0.134421	
176.000	      0.134499	      0.134421	
176.500	      0.134491	      0.134426	
177.000	      0.134483	      0.134432	
177.500	      0.134483	      0.134432	
178.000	      0.134476	      0.134437	
178.500	      0.134469	      0.134443	
179.000	      0.134462	      0.134449	
179.500	      0.134462	      0.134449	
180.000	      0.134455	      0.134455	
