
TracePro Release: 3 2 0 
Polar Candela Distribution Data for 
Data covers +/- 180.000 degrees from Normal
Data for Missed Rays
Data generated at 09:43:52 June 25, 2025

	   0.0	 180.0
0.000	      0.375683	      0.375683	
0.500	      0.304223	      0.469916	
1.000	      0.304223	      0.469916	
1.500	      0.286558	       1.37919	
2.000	      0.276839	       2.09245	
2.500	      0.270435	       3.09098	
3.000	      0.270435	       3.09098	
3.500	      0.265883	      0.894546	
4.000	      0.262506	       5.70093	
4.500	      0.262506	       5.70093	
5.000	      0.259926	       48.2353	
5.500	      0.257909	       4.95235	
6.000	      0.256304	       1.14207	
6.500	      0.256304	       1.14207	
7.000	      0.255007	      0.662641	
7.500	      0.253944	      0.102145	
8.000	      0.253944	      0.102145	
8.500	      0.253061	      0.477326	
9.000	      0.252319	      0.307774	
9.500	      0.251687	      0.276316	
10.000	      0.251687	      0.276316	
10.500	      0.251141	      0.251196	
11.000	      0.250661	       0.22981	
11.500	      0.250661	       0.22981	
12.000	      0.250233	      0.209098	
12.500	       0.24984	      0.186379	
13.000	       0.24984	      0.186379	
13.500	      0.249469	      0.155632	
14.000	      0.249101	       0.18441	
14.500	      0.248714	     0.0747175	
15.000	      0.248714	     0.0747175	
15.500	      0.248267	    0.00851374	
16.000	      0.247683	      0.107013	
16.500	      0.247683	      0.107013	
17.000	      0.246783	      0.321806	
17.500	      0.245033	      0.812421	
18.000	      0.240159	       1.75794	
18.500	      0.240159	       1.75794	
19.000	      0.205387	       12.2029	
19.500	      0.686427	       127.081	
20.000	      0.686427	       127.081	
20.500	      0.205124	       12.1698	
21.000	      0.239632	       2.14692	
21.500	      0.244236	      0.780332	
22.000	      0.244236	      0.780332	
22.500	      0.245709	      0.321381	
23.000	      0.246322	      0.112249	
23.500	      0.246322	      0.112249	
24.000	      0.246605	   0.000422124	
24.500	      0.246736	     0.0679947	
25.000	      0.246787	      0.111671	
25.500	      0.246787	      0.111671	
26.000	      0.246793	      0.141509	
26.500	      0.246773	      0.162783	
27.000	      0.246773	      0.162783	
27.500	      0.246739	      0.178474	
28.000	      0.246698	      0.190372	
28.500	      0.246657	      0.199602	
29.000	      0.246657	      0.199602	
29.500	      0.246623	      0.206904	
30.000	      0.246606	      0.212776	
30.500	      0.246606	      0.212776	
31.000	       0.24662	      0.217566	
31.500	       0.24669	      0.221523	
32.000	      0.246873	      0.224828	
32.500	      0.246873	      0.224828	
33.000	      0.247297	      0.227615	
33.500	      0.248364	      0.229985	
34.000	      0.248364	      0.229985	
34.500	      0.251888	      0.232016	
35.000	      0.281503	      0.233767	
35.500	      0.281503	      0.233767	
36.000	      0.192819	      0.235286	
36.500	      0.594825	      0.236607	
37.000	      0.234907	      0.237759	
37.500	      0.234907	      0.237759	
38.000	      0.305758	      0.238761	
38.500	      0.406839	      0.239625	
39.000	      0.406839	      0.239625	
39.500	      0.307594	      0.240352	
40.000	      0.256129	       0.24092	
40.500	      0.248965	      0.241256	
41.000	      0.248965	      0.241256	
41.500	      0.246417	      0.241117	
42.000	      0.245133	      0.239417	
42.500	      0.245133	      0.239417	
43.000	      0.244332	      0.223264	
43.500	      0.243758	      0.455666	
44.000	      0.243304	      0.224277	
44.500	      0.243304	      0.224277	
45.000	      0.242924	      0.241493	
45.500	      0.242599	       0.24439	
46.000	      0.242599	       0.24439	
46.500	      0.242325	      0.246072	
47.000	      0.242111	      0.248494	
47.500	      0.241989	      0.261987	
48.000	      0.241989	      0.261987	
48.500	      0.242021	     0.0813005	
49.000	      0.242348	      0.262665	
49.500	      0.242348	      0.262665	
50.000	      0.243313	      0.249905	
50.500	      0.245916	      0.248371	
51.000	      0.254305	      0.247994	
51.500	      0.254305	      0.247994	
52.000	      0.315273	      0.247925	
52.500	       0.50483	      0.247967	
53.000	       0.50483	      0.247967	
53.500	      0.379075	       0.24806	
54.000	      0.525394	      0.248179	
54.500	      0.288883	      0.248324	
55.000	      0.288883	      0.248324	
55.500	      0.107027	      0.248513	
56.000	       1.73961	      0.248827	
56.500	       1.73961	      0.248827	
57.000	     0.0931931	      0.249675	
57.500	      0.209521	      0.256789	
58.000	      0.209521	      0.256789	
58.500	      0.224966	      0.136849	
59.000	      0.231466	      0.357605	
59.500	      0.240661	      0.241185	
60.000	      0.240661	      0.241185	
60.500	      0.303016	      0.247972	
61.000	      0.581241	      0.248746	
61.500	      0.581241	      0.248746	
62.000	      0.291173	      0.249012	
62.500	      0.164196	      0.249157	
63.000	       1.04716	       0.24926	
63.500	       1.04716	       0.24926	
64.000	      0.165979	      0.249344	
64.500	      0.339543	      0.249417	
65.000	      0.339543	      0.249417	
65.500	       1.57045	      0.249484	
66.000	       2.01878	      0.249546	
66.500	      0.112845	      0.249604	
67.000	      0.112845	      0.249604	
67.500	      0.351115	      0.249658	
68.000	       1.45047	       0.24971	
68.500	       1.45047	       0.24971	
69.000	      0.671565	      0.249759	
69.500	      0.629242	      0.249807	
70.000	      0.249307	      0.249851	
70.500	      0.249307	      0.249851	
71.000	     0.0417299	      0.249894	
71.500	       1.81485	      0.249935	
72.000	       1.81485	      0.249935	
72.500	      0.125801	      0.249975	
73.000	       1.85142	      0.250012	
73.500	      0.973584	      0.250049	
74.000	      0.973584	      0.250049	
74.500	       1.91565	      0.250083	
75.000	      0.968352	      0.250116	
75.500	      0.968352	      0.250116	
76.000	       1.95775	      0.250148	
76.500	       1.75545	      0.250179	
77.000	       3.92305	      0.250208	
77.500	       3.92305	      0.250208	
78.000	       4.38698	      0.250237	
78.500	       1.32687	      0.250264	
79.000	       1.32687	      0.250264	
79.500	      0.857493	       0.25029	
80.000	      0.999458	      0.250315	
80.500	      0.999458	      0.250315	
81.000	       1.12358	      0.250339	
81.500	       3.77527	      0.250363	
82.000	       5.57078	      0.250385	
82.500	       5.57078	      0.250385	
83.000	       2.79867	      0.250406	
83.500	       1.39095	      0.250427	
84.000	       1.39095	      0.250427	
84.500	       1.44642	      0.250447	
85.000	       2.60606	      0.250466	
85.500	       1.78927	      0.250484	
86.000	       1.78927	      0.250484	
86.500	       2.60105	      0.250502	
87.000	      0.532296	      0.250519	
87.500	      0.532296	      0.250519	
88.000	       7.86456	      0.250536	
88.500	       10.0084	      0.250551	
89.000	       56.6719	      0.250567	
89.500	       56.6719	      0.250567	
90.000	       565.133	      0.250581	
90.500	       55.0243	      0.250595	
91.000	       55.0243	      0.250595	
91.500	       10.4003	      0.250609	
92.000	       4.66514	      0.250621	
92.500	       2.12874	      0.250634	
93.000	       2.12874	      0.250634	
93.500	       1.38888	      0.250646	
94.000	      0.878736	      0.250657	
94.500	      0.878736	      0.250657	
95.000	      0.577197	      0.250668	
95.500	      0.382395	      0.250679	
96.000	       0.24927	      0.250689	
96.500	       0.24927	      0.250689	
97.000	      0.154413	      0.250698	
97.500	     0.0847264	      0.250707	
98.000	     0.0847264	      0.250707	
98.500	     0.0326586	      0.250716	
99.000	    0.00554311	      0.250725	
99.500	      0.027463	      0.250733	
100.000	      0.027463	      0.250733	
100.500	      0.037108	       0.25074	
101.000	       1.38647	      0.250747	
101.500	       1.38647	      0.250747	
102.000	      0.585242	      0.250754	
102.500	      0.162403	      0.250761	
103.000	      0.162403	      0.250761	
103.500	      0.144464	      0.250767	
104.000	       0.16157	      0.250773	
104.500	       0.08756	      0.250778	
105.000	       0.08756	      0.250778	
105.500	      0.218179	      0.250783	
106.000	       0.25622	      0.250788	
106.500	       0.25622	      0.250788	
107.000	      0.224777	      0.250793	
107.500	      0.196072	      0.250797	
108.000	      0.196646	      0.250801	
108.500	      0.196646	      0.250801	
109.000	      0.200579	      0.250804	
109.500	       0.21169	      0.250808	
110.000	       0.21169	      0.250808	
110.500	      0.108977	      0.250811	
111.000	      0.224117	      0.250813	
111.500	      0.141241	      0.250816	
112.000	      0.141241	      0.250816	
112.500	      0.220613	      0.250818	
113.000	      0.216949	       0.25082	
113.500	      0.216949	       0.25082	
114.000	      0.218133	      0.250821	
114.500	      0.219728	      0.250823	
115.000	      0.221344	      0.250824	
115.500	      0.221344	      0.250824	
116.000	      0.222893	      0.250825	
116.500	      0.224353	      0.250825	
117.000	      0.224353	      0.250825	
117.500	      0.225719	      0.250825	
118.000	      0.226994	      0.250825	
118.500	      0.228184	      0.250825	
119.000	      0.228184	      0.250825	
119.500	      0.229295	      0.250825	
120.000	      0.230332	      0.250824	
120.500	      0.230332	      0.250824	
121.000	      0.231302	      0.250823	
121.500	      0.232209	      0.250821	
122.000	       0.23306	       0.25082	
122.500	       0.23306	       0.25082	
123.000	      0.233857	      0.250818	
123.500	      0.234606	      0.250816	
124.000	      0.234606	      0.250816	
124.500	       0.23531	      0.250814	
125.000	      0.235973	      0.250811	
125.500	      0.235973	      0.250811	
126.000	      0.236597	      0.250809	
126.500	      0.237186	      0.250805	
127.000	      0.237743	      0.250802	
127.500	      0.237743	      0.250802	
128.000	      0.238269	      0.250799	
128.500	      0.238766	      0.250795	
129.000	      0.238766	      0.250795	
129.500	      0.239238	      0.250791	
130.000	      0.239685	      0.250787	
130.500	      0.240109	      0.250782	
131.000	      0.240109	      0.250782	
131.500	      0.240511	      0.250777	
132.000	      0.240894	      0.250772	
132.500	      0.240894	      0.250772	
133.000	      0.241259	      0.250767	
133.500	      0.241605	      0.250761	
134.000	      0.241936	      0.250755	
134.500	      0.241936	      0.250755	
135.000	      0.242251	      0.250749	
135.500	      0.242551	      0.250743	
136.000	      0.242551	      0.250743	
136.500	      0.242839	      0.250736	
137.000	      0.243113	      0.250729	
137.500	      0.243375	      0.250722	
138.000	      0.243375	      0.250722	
138.500	      0.243626	      0.250715	
139.000	      0.243866	      0.250707	
139.500	      0.243866	      0.250707	
140.000	      0.244097	      0.250699	
140.500	      0.244317	      0.250691	
141.000	      0.244529	      0.250682	
141.500	      0.244529	      0.250682	
142.000	      0.244732	      0.250673	
142.500	      0.244927	      0.250664	
143.000	      0.244927	      0.250664	
143.500	      0.245114	      0.250655	
144.000	      0.245294	      0.250645	
144.500	      0.245467	      0.250635	
145.000	      0.245467	      0.250635	
145.500	      0.245634	      0.250625	
146.000	      0.245794	      0.250614	
146.500	      0.245794	      0.250614	
147.000	      0.245949	      0.250603	
147.500	      0.246097	      0.250592	
148.000	      0.246097	      0.250592	
148.500	      0.246241	       0.25058	
149.000	      0.246379	      0.250568	
149.500	      0.246512	      0.250556	
150.000	      0.246512	      0.250556	
150.500	      0.246641	      0.250543	
151.000	      0.246765	       0.25053	
151.500	      0.246765	       0.25053	
152.000	      0.246885	      0.250517	
152.500	      0.247001	      0.250503	
153.000	      0.247113	      0.250489	
153.500	      0.247113	      0.250489	
154.000	      0.247221	      0.250475	
154.500	      0.247326	       0.25046	
155.000	      0.247326	       0.25046	
155.500	      0.247427	      0.250445	
156.000	      0.247525	      0.250429	
156.500	       0.24762	      0.250413	
157.000	       0.24762	      0.250413	
157.500	      0.247712	      0.250397	
158.000	      0.247801	       0.25038	
158.500	      0.247801	       0.25038	
159.000	      0.247887	      0.250363	
159.500	      0.247971	      0.250345	
160.000	      0.248052	      0.250327	
160.500	      0.248052	      0.250327	
161.000	       0.24813	      0.250308	
161.500	      0.248207	      0.250289	
162.000	      0.248207	      0.250289	
162.500	      0.248281	       0.25027	
163.000	      0.248352	       0.25025	
163.500	      0.248422	      0.250229	
164.000	      0.248422	      0.250229	
164.500	       0.24849	      0.250208	
165.000	      0.248556	      0.250187	
165.500	      0.248556	      0.250187	
166.000	      0.248619	      0.250165	
166.500	      0.248681	      0.250142	
167.000	      0.248742	      0.250119	
167.500	      0.248742	      0.250119	
168.000	        0.2488	      0.250095	
168.500	      0.248857	      0.250071	
169.000	      0.248857	      0.250071	
169.500	      0.248913	      0.250046	
170.000	      0.248967	       0.25002	
170.500	      0.248967	       0.25002	
171.000	      0.249019	      0.249994	
171.500	       0.24907	      0.249967	
172.000	       0.24912	       0.24994	
172.500	       0.24912	       0.24994	
173.000	      0.249168	      0.249911	
173.500	      0.249215	      0.249882	
174.000	      0.249215	      0.249882	
174.500	      0.249261	      0.249853	
175.000	      0.249305	      0.249822	
175.500	      0.249349	      0.249791	
176.000	      0.249349	      0.249791	
176.500	      0.249391	      0.249759	
177.000	      0.249432	      0.249727	
177.500	      0.249432	      0.249727	
178.000	      0.249473	      0.249693	
178.500	      0.249512	      0.249659	
179.000	       0.24955	      0.249623	
179.500	       0.24955	      0.249623	
180.000	      0.249587	      0.249587	
