
TracePro Release: 3 2 0 
Polar Candela Distribution Data for 
Data covers +/- 180.000 degrees from Normal
Data for Missed Rays
Data generated at 09:36:56 June 25, 2025

	   0.0	 180.0
0.000	       0.29813	       0.29813	
0.500	      0.297646	      0.298489	
1.000	      0.297646	      0.298489	
1.500	      0.297092	      0.298469	
2.000	      0.296487	      0.295072	
2.500	      0.295835	      0.349462	
3.000	      0.295835	      0.349462	
3.500	      0.295136	      0.295972	
4.000	       0.29439	      0.300272	
4.500	       0.29439	      0.300272	
5.000	      0.293591	      0.301201	
5.500	      0.292735	      0.301762	
6.000	      0.291815	       0.30221	
6.500	      0.291815	       0.30221	
7.000	      0.290822	      0.302606	
7.500	      0.289741	      0.302972	
8.000	      0.289741	      0.302972	
8.500	      0.288553	      0.303317	
9.000	      0.287228	      0.303649	
9.500	      0.285709	      0.303973	
10.000	      0.285709	      0.303973	
10.500	      0.283886	      0.304295	
11.000	      0.281498	      0.304625	
11.500	      0.281498	      0.304625	
12.000	      0.277781	       0.30498	
12.500	      0.269473	      0.305396	
13.000	      0.269473	      0.305396	
13.500	      0.218093	      0.305956	
14.000	      0.908433	      0.306916	
14.500	      0.215142	      0.309364	
15.000	      0.215142	      0.309364	
15.500	      0.264484	      0.326156	
16.000	      0.275105	     0.0951892	
16.500	      0.275105	     0.0951892	
17.000	      0.327353	      0.326385	
17.500	      0.436498	      0.309785	
18.000	      0.333063	      0.307425	
18.500	      0.333063	      0.307425	
19.000	       0.41359	      0.306255	
19.500	       2.43268	       0.30435	
20.000	       2.43268	       0.30435	
20.500	     0.0157456	      0.291428	
21.000	      0.940301	        0.4731	
21.500	      0.157881	       0.29339	
22.000	      0.157881	       0.29339	
22.500	      0.215363	      0.317959	
23.000	       0.21719	      0.157889	
23.500	       0.21719	      0.157889	
24.000	      0.205736	      0.319895	
24.500	      0.137744	      0.308098	
25.000	      0.963286	      0.305952	
25.500	      0.963286	      0.305952	
26.000	     0.0540817	      0.304303	
26.500	      0.954363	       0.30192	
27.000	      0.954363	       0.30192	
27.500	        0.1034	      0.297376	
28.000	      0.156265	      0.289703	
28.500	      0.157224	     0.0540382	
29.000	      0.157224	     0.0540382	
29.500	      0.198973	       1.72887	
30.000	      0.742388	      0.105806	
30.500	      0.742388	      0.105806	
31.000	       1.03203	      0.958458	
31.500	      0.807676	      0.232053	
32.000	     0.0732075	      0.290452	
32.500	     0.0732075	      0.290452	
33.000	     0.0952842	      0.300047	
33.500	      0.713184	       0.30376	
34.000	      0.713184	       0.30376	
34.500	      0.299271	      0.305646	
35.000	      0.611507	      0.306742	
35.500	      0.611507	      0.306742	
36.000	       1.27888	      0.307416	
36.500	      0.464437	      0.307801	
37.000	        1.7533	      0.307882	
37.500	        1.7533	      0.307882	
38.000	      0.429163	      0.307294	
38.500	       2.27799	      0.301427	
39.000	       2.27799	      0.301427	
39.500	      0.805798	      0.382886	
40.000	       7.35643	      0.296028	
40.500	       12.9567	      0.373408	
41.000	       12.9567	      0.373408	
41.500	       78.2961	      0.303141	
42.000	       792.828	      0.308843	
42.500	       792.828	      0.308843	
43.000	       77.3184	      0.310334	
43.500	       14.6999	      0.315029	
44.000	       6.16165	      0.254478	
44.500	       6.16165	      0.254478	
45.000	       3.29314	      0.314817	
45.500	       1.98538	      0.307203	
46.000	       1.98538	      0.307203	
46.500	       1.28077	      0.353558	
47.000	       0.85933	      0.306561	
47.500	      0.592033	      0.309859	
48.000	      0.592033	      0.309859	
48.500	       0.45605	       0.31019	
49.000	      0.396074	      0.309908	
49.500	      0.396074	      0.309908	
50.000	      0.223695	      0.306484	
50.500	      0.098604	       0.35586	
51.000	     0.0454231	      0.306654	
51.500	     0.0454231	      0.306654	
52.000	       0.15883	       0.31027	
52.500	     0.0116844	      0.310816	
53.000	     0.0116844	      0.310816	
53.500	      0.446042	      0.311037	
54.000	    0.00634128	      0.311167	
54.500	      0.137533	       0.31126	
55.000	      0.137533	       0.31126	
55.500	      0.153923	      0.311334	
56.000	      0.170059	      0.311398	
56.500	      0.170059	      0.311398	
57.000	      0.183802	      0.311456	
57.500	      0.195608	      0.311509	
58.000	      0.195608	      0.311509	
58.500	      0.205848	      0.311558	
59.000	        0.2148	      0.311605	
59.500	      0.222679	      0.311649	
60.000	      0.222679	      0.311649	
60.500	      0.229653	      0.311691	
61.000	      0.235857	      0.311732	
61.500	      0.235857	      0.311732	
62.000	      0.241403	      0.311771	
62.500	       0.24638	      0.311809	
63.000	      0.250865	      0.311846	
63.500	      0.250865	      0.311846	
64.000	       0.25492	      0.311881	
64.500	        0.2586	      0.311916	
65.000	        0.2586	      0.311916	
65.500	      0.261948	      0.311949	
66.000	      0.265005	      0.311982	
66.500	      0.267802	      0.312013	
67.000	      0.267802	      0.312013	
67.500	       0.27037	      0.312044	
68.000	      0.272731	      0.312074	
68.500	      0.272731	      0.312074	
69.000	      0.274908	      0.312103	
69.500	      0.276919	      0.312131	
70.000	      0.278781	      0.312158	
70.500	      0.278781	      0.312158	
71.000	      0.280508	      0.312185	
71.500	      0.282113	      0.312211	
72.000	      0.282113	      0.312211	
72.500	      0.283607	      0.312236	
73.000	         0.285	       0.31226	
73.500	      0.286302	      0.312283	
74.000	      0.286302	      0.312283	
74.500	      0.287519	      0.312306	
75.000	      0.288659	      0.312327	
75.500	      0.288659	      0.312327	
76.000	      0.289729	      0.312348	
76.500	      0.290734	      0.312367	
77.000	      0.291679	      0.312385	
77.500	      0.291679	      0.312385	
78.000	      0.292569	      0.312401	
78.500	      0.293408	      0.312415	
79.000	      0.293408	      0.312415	
79.500	        0.2942	      0.312426	
80.000	      0.294948	      0.312432	
80.500	      0.294948	      0.312432	
81.000	      0.295656	      0.312431	
81.500	      0.296326	      0.312419	
82.000	      0.296961	      0.312386	
82.500	      0.296961	      0.312386	
83.000	      0.297564	      0.312307	
83.500	      0.298136	      0.312113	
84.000	      0.298136	      0.312113	
84.500	      0.298679	      0.311496	
85.000	      0.299196	      0.306864	
85.500	      0.299689	      0.371483	
86.000	      0.299689	      0.371483	
86.500	      0.300158	      0.306898	
87.000	      0.300605	      0.311564	
87.500	      0.300605	      0.311564	
88.000	      0.301031	      0.312213	
88.500	      0.301438	      0.312442	
89.000	      0.301828	      0.312554	
89.500	      0.301828	      0.312554	
90.000	        0.3022	      0.312621	
90.500	      0.302556	      0.312667	
91.000	      0.302556	      0.312667	
91.500	      0.302896	      0.312702	
92.000	      0.303223	       0.31273	
92.500	      0.303536	      0.312753	
93.000	      0.303536	      0.312753	
93.500	      0.303836	      0.312774	
94.000	      0.304124	      0.312792	
94.500	      0.304124	      0.312792	
95.000	        0.3044	      0.312809	
95.500	      0.304666	      0.312825	
96.000	      0.304921	       0.31284	
96.500	      0.304921	       0.31284	
97.000	      0.305166	      0.312854	
97.500	      0.305402	      0.312867	
98.000	      0.305402	      0.312867	
98.500	       0.30563	       0.31288	
99.000	      0.305848	      0.312892	
99.500	      0.306059	      0.312904	
100.000	      0.306059	      0.312904	
100.500	      0.306262	      0.312916	
101.000	      0.306458	      0.312927	
101.500	      0.306458	      0.312927	
102.000	      0.306648	      0.312937	
102.500	       0.30683	      0.312948	
103.000	       0.30683	      0.312948	
103.500	      0.307006	      0.312958	
104.000	      0.307176	      0.312968	
104.500	      0.307341	      0.312977	
105.000	      0.307341	      0.312977	
105.500	      0.307499	      0.312986	
106.000	      0.307653	      0.312995	
106.500	      0.307653	      0.312995	
107.000	      0.307802	      0.313004	
107.500	      0.307945	      0.313012	
108.000	      0.308085	       0.31302	
108.500	      0.308085	       0.31302	
109.000	      0.308219	      0.313028	
109.500	       0.30835	      0.313036	
110.000	       0.30835	      0.313036	
110.500	      0.308476	      0.313043	
111.000	      0.308599	       0.31305	
111.500	      0.308718	      0.313057	
112.000	      0.308718	      0.313057	
112.500	      0.308833	      0.313064	
113.000	      0.308945	       0.31307	
113.500	      0.308945	       0.31307	
114.000	      0.309053	      0.313077	
114.500	      0.309158	      0.313083	
115.000	       0.30926	      0.313089	
115.500	       0.30926	      0.313089	
116.000	       0.30936	      0.313095	
116.500	      0.309456	        0.3131	
117.000	      0.309456	        0.3131	
117.500	       0.30955	      0.313105	
118.000	      0.309641	       0.31311	
118.500	      0.309729	      0.313115	
119.000	      0.309729	      0.313115	
119.500	      0.309815	       0.31312	
120.000	      0.309899	      0.313125	
120.500	      0.309899	      0.313125	
121.000	       0.30998	      0.313129	
121.500	      0.310059	      0.313133	
122.000	      0.310136	      0.313137	
122.500	      0.310136	      0.313137	
123.000	      0.310211	      0.313141	
123.500	      0.310284	      0.313145	
124.000	      0.310284	      0.313145	
124.500	      0.310355	      0.313148	
125.000	      0.310424	      0.313151	
125.500	      0.310424	      0.313151	
126.000	      0.310492	      0.313154	
126.500	      0.310557	      0.313157	
127.000	      0.310621	       0.31316	
127.500	      0.310621	       0.31316	
128.000	      0.310684	      0.313163	
128.500	      0.310744	      0.313165	
129.000	      0.310744	      0.313165	
129.500	      0.310804	      0.313167	
130.000	      0.310861	      0.313169	
130.500	      0.310918	      0.313171	
131.000	      0.310918	      0.313171	
131.500	      0.310973	      0.313173	
132.000	      0.311026	      0.313174	
132.500	      0.311026	      0.313174	
133.000	      0.311079	      0.313176	
133.500	       0.31113	      0.313177	
134.000	       0.31118	      0.313178	
134.500	       0.31118	      0.313178	
135.000	      0.311228	      0.313179	
135.500	      0.311276	       0.31318	
136.000	      0.311276	       0.31318	
136.500	      0.311322	       0.31318	
137.000	      0.311368	       0.31318	
137.500	      0.311412	      0.313181	
138.000	      0.311412	      0.313181	
138.500	      0.311455	      0.313181	
139.000	      0.311497	      0.313181	
139.500	      0.311497	      0.313181	
140.000	      0.311539	       0.31318	
140.500	      0.311579	       0.31318	
141.000	      0.311618	      0.313179	
141.500	      0.311618	      0.313179	
142.000	      0.311657	      0.313178	
142.500	      0.311694	      0.313177	
143.000	      0.311694	      0.313177	
143.500	      0.311731	      0.313176	
144.000	      0.311767	      0.313175	
144.500	      0.311802	      0.313174	
145.000	      0.311802	      0.313174	
145.500	      0.311837	      0.313172	
146.000	       0.31187	       0.31317	
146.500	       0.31187	       0.31317	
147.000	      0.311903	      0.313168	
147.500	      0.311936	      0.313166	
148.000	      0.311936	      0.313166	
148.500	      0.311967	      0.313164	
149.000	      0.311998	      0.313161	
149.500	      0.312028	      0.313159	
150.000	      0.312028	      0.313159	
150.500	      0.312057	      0.313156	
151.000	      0.312086	      0.313153	
151.500	      0.312086	      0.313153	
152.000	      0.312114	       0.31315	
152.500	      0.312142	      0.313146	
153.000	      0.312169	      0.313143	
153.500	      0.312169	      0.313143	
154.000	      0.312196	      0.313139	
154.500	      0.312221	      0.313135	
155.000	      0.312221	      0.313135	
155.500	      0.312247	      0.313131	
156.000	      0.312272	      0.313127	
156.500	      0.312296	      0.313123	
157.000	      0.312296	      0.313123	
157.500	       0.31232	      0.313118	
158.000	      0.312343	      0.313113	
158.500	      0.312343	      0.313113	
159.000	      0.312366	      0.313108	
159.500	      0.312388	      0.313103	
160.000	       0.31241	      0.313098	
160.500	       0.31241	      0.313098	
161.000	      0.312431	      0.313092	
161.500	      0.312452	      0.313087	
162.000	      0.312452	      0.313087	
162.500	      0.312472	      0.313081	
163.000	      0.312492	      0.313075	
163.500	      0.312512	      0.313068	
164.000	      0.312512	      0.313068	
164.500	      0.312531	      0.313062	
165.000	       0.31255	      0.313055	
165.500	       0.31255	      0.313055	
166.000	      0.312568	      0.313048	
166.500	      0.312586	      0.313041	
167.000	      0.312604	      0.313034	
167.500	      0.312604	      0.313034	
168.000	      0.312621	      0.313026	
168.500	      0.312638	      0.313019	
169.000	      0.312638	      0.313019	
169.500	      0.312655	      0.313011	
170.000	      0.312671	      0.313003	
170.500	      0.312671	      0.313003	
171.000	      0.312686	      0.312994	
171.500	      0.312702	      0.312986	
172.000	      0.312717	      0.312977	
172.500	      0.312717	      0.312977	
173.000	      0.312732	      0.312968	
173.500	      0.312746	      0.312958	
174.000	      0.312746	      0.312958	
174.500	      0.312761	      0.312949	
175.000	      0.312774	      0.312939	
175.500	      0.312788	      0.312929	
176.000	      0.312788	      0.312929	
176.500	      0.312801	      0.312919	
177.000	      0.312814	      0.312908	
177.500	      0.312814	      0.312908	
178.000	      0.312827	      0.312897	
178.500	      0.312839	      0.312886	
179.000	      0.312852	      0.312875	
179.500	      0.312852	      0.312875	
180.000	      0.312863	      0.312863	
