
TracePro Release: 3 2 0 
Polar Candela Distribution Data for 
Data covers +/- 180.000 degrees from Normal
Data for Missed Rays
Data generated at 09:36:55 June 25, 2025

	   0.0	 180.0
0.000	      0.211915	      0.211915	
0.500	      0.210704	      0.212746	
1.000	      0.210704	      0.212746	
1.500	      0.208013	      0.213456	
2.000	      0.190948	      0.214137	
2.500	       0.42228	       0.21483	
3.000	       0.42228	       0.21483	
3.500	      0.190244	       0.21556	
4.000	      0.206603	      0.216348	
4.500	      0.206603	      0.216348	
5.000	      0.208585	       0.21721	
5.500	      0.209084	      0.218166	
6.000	      0.209202	      0.219235	
6.500	      0.209202	      0.219235	
7.000	      0.209204	      0.220443	
7.500	        0.2092	      0.221822	
8.000	        0.2092	      0.221822	
8.500	      0.209274	       0.22341	
9.000	      0.209559	      0.225258	
9.500	      0.210401	      0.227432	
10.000	      0.210401	      0.227432	
10.500	       0.21322	      0.230021	
11.000	      0.234386	      0.233144	
11.500	      0.234386	      0.233144	
12.000	     0.0582383	      0.236971	
12.500	      0.235904	      0.241745	
13.000	      0.235904	      0.241745	
13.500	      0.218763	      0.247832	
14.000	       0.24656	      0.255814	
14.500	       0.18464	      0.266705	
15.000	       0.18464	      0.266705	
15.500	      0.244625	      0.282584	
16.000	      0.213195	      0.309532	
16.500	      0.213195	      0.309532	
17.000	      0.208607	      0.400967	
17.500	      0.206911	      0.459381	
18.000	      0.206083	       0.51187	
18.500	      0.206083	       0.51187	
19.000	      0.205698	      0.577731	
19.500	      0.205716	       1.03803	
20.000	      0.205716	       1.03803	
20.500	      0.206371	      0.138576	
21.000	      0.208545	       8.85219	
21.500	      0.216154	       74.7271	
22.000	      0.216154	       74.7271	
22.500	      0.275598	       7.91095	
23.000	      0.559256	       1.07549	
23.500	      0.559256	       1.07549	
24.000	      0.274283	       2.87802	
24.500	      0.213473	       2.05914	
25.000	      0.204378	        1.9353	
25.500	      0.204378	        1.9353	
26.000	      0.200483	      0.267272	
26.500	       0.19763	      0.349851	
27.000	       0.19763	      0.349851	
27.500	      0.194297	      0.335131	
28.000	      0.187828	       1.22216	
28.500	      0.153117	      0.696975	
29.000	      0.153117	      0.696975	
29.500	      0.576119	       1.22549	
30.000	     0.0808052	      0.647332	
30.500	     0.0808052	      0.647332	
31.000	      0.987396	      0.308803	
31.500	      0.119965	      0.245387	
32.000	      0.213592	      0.233502	
32.500	      0.213592	      0.233502	
33.000	      0.194511	      0.224979	
33.500	      0.225309	      0.210984	
34.000	      0.225309	      0.210984	
34.500	      0.198536	      0.129555	
35.000	      0.215134	       1.22635	
35.500	      0.215134	       1.22635	
36.000	     0.0804406	      0.126855	
36.500	       0.21115	      0.211005	
37.000	      0.188347	      0.108032	
37.500	      0.188347	      0.108032	
38.000	      0.183776	      0.326546	
38.500	      0.181502	      0.208435	
39.000	      0.181502	      0.208435	
39.500	      0.188375	      0.215446	
40.000	     0.0179342	      0.215802	
40.500	      0.498908	      0.214958	
41.000	      0.498908	      0.214958	
41.500	      0.130395	      0.208713	
42.000	      0.298981	      0.292579	
42.500	      0.298981	      0.292579	
43.000	      0.148517	      0.208204	
43.500	      0.153278	      0.213997	
44.000	      0.126115	      0.214572	
44.500	      0.126115	      0.214572	
45.000	      0.471104	      0.214612	
45.500	      0.111078	      0.214516	
46.000	      0.111078	      0.214516	
46.500	       0.24549	      0.214376	
47.000	     0.0367168	      0.214222	
47.500	      0.139027	      0.214067	
48.000	      0.139027	      0.214067	
48.500	      0.126866	      0.213916	
49.000	      0.124015	      0.213771	
49.500	      0.124015	      0.213771	
50.000	     0.0346058	      0.213633	
50.500	       0.10978	        0.2135	
51.000	     0.0200903	      0.213374	
51.500	     0.0200903	      0.213374	
52.000	      0.126456	      0.213253	
52.500	      0.768845	      0.213136	
53.000	      0.768845	      0.213136	
53.500	        0.8305	      0.213021	
54.000	      0.131277	      0.212906	
54.500	      0.542462	      0.212788	
55.000	      0.542462	      0.212788	
55.500	      0.351132	      0.212662	
56.000	       1.17521	      0.212519	
56.500	       1.17521	      0.212519	
57.000	       1.08776	      0.212342	
57.500	      0.160968	      0.212093	
58.000	      0.160968	      0.212093	
58.500	       1.88276	      0.211674	
59.000	      0.832482	      0.210715	
59.500	       1.97121	      0.205426	
60.000	       1.97121	      0.205426	
60.500	      0.386282	      0.268117	
61.000	       4.54032	      0.190626	
61.500	       4.54032	      0.190626	
62.000	       8.37641	      0.375011	
62.500	       49.5561	      0.195816	
63.000	       491.779	      0.208928	
63.500	       491.779	      0.208928	
64.000	       50.9366	      0.210752	
64.500	       7.38107	      0.211362	
65.000	       7.38107	      0.211362	
65.500	       5.70162	      0.211631	
66.000	      0.526154	      0.211766	
66.500	       5.52251	      0.211838	
67.000	       5.52251	      0.211838	
67.500	      0.871002	      0.211876	
68.000	       2.31158	      0.211896	
68.500	       2.31158	      0.211896	
69.000	       2.19104	      0.211904	
69.500	        3.7944	      0.211905	
70.000	       1.25633	      0.211902	
70.500	       1.25633	      0.211902	
71.000	        3.3552	      0.211895	
71.500	      0.846168	      0.211887	
72.000	      0.846168	      0.211887	
72.500	       13.8363	      0.211877	
73.000	       129.137	      0.211867	
73.500	       12.5909	      0.211856	
74.000	       12.5909	      0.211856	
74.500	       2.08262	      0.211845	
75.000	        1.0032	      0.211833	
75.500	        1.0032	      0.211833	
76.000	       0.27269	      0.211822	
76.500	      0.365479	      0.211811	
77.000	    0.00692945	        0.2118	
77.500	    0.00692945	        0.2118	
78.000	      0.251767	       0.21179	
78.500	      0.115064	       0.21178	
79.000	      0.115064	       0.21178	
79.500	     0.0183882	       0.21177	
80.000	     0.0672005	       0.21176	
80.500	     0.0672005	       0.21176	
81.000	      0.033936	       0.21175	
81.500	       0.10142	      0.211741	
82.000	      0.110918	      0.211732	
82.500	      0.110918	      0.211732	
83.000	      0.121287	      0.211724	
83.500	      0.130202	      0.211715	
84.000	      0.130202	      0.211715	
84.500	      0.137813	      0.211707	
85.000	      0.144349	      0.211699	
85.500	      0.150007	      0.211692	
86.000	      0.150007	      0.211692	
86.500	      0.154944	      0.211684	
87.000	      0.159281	      0.211677	
87.500	      0.159281	      0.211677	
88.000	      0.163116	       0.21167	
88.500	      0.166528	      0.211663	
89.000	      0.169579	      0.211657	
89.500	      0.169579	      0.211657	
90.000	      0.172321	      0.211651	
90.500	      0.174795	      0.211644	
91.000	      0.174795	      0.211644	
91.500	      0.177037	      0.211638	
92.000	      0.179076	      0.211632	
92.500	      0.180937	      0.211627	
93.000	      0.180937	      0.211627	
93.500	       0.18264	      0.211621	
94.000	      0.184204	      0.211616	
94.500	      0.184204	      0.211616	
95.000	      0.185644	       0.21161	
95.500	      0.186973	      0.211605	
96.000	      0.188202	        0.2116	
96.500	      0.188202	        0.2116	
97.000	      0.189342	      0.211595	
97.500	      0.190401	       0.21159	
98.000	      0.190401	       0.21159	
98.500	      0.191386	      0.211585	
99.000	      0.192305	       0.21158	
99.500	      0.193164	      0.211575	
100.000	      0.193164	      0.211575	
100.500	      0.193967	      0.211571	
101.000	      0.194721	      0.211566	
101.500	      0.194721	      0.211566	
102.000	      0.195427	      0.211561	
102.500	      0.196092	      0.211557	
103.000	      0.196092	      0.211557	
103.500	      0.196717	      0.211552	
104.000	      0.197306	      0.211548	
104.500	      0.197863	      0.211544	
105.000	      0.197863	      0.211544	
105.500	      0.198388	      0.211539	
106.000	      0.198885	      0.211535	
106.500	      0.198885	      0.211535	
107.000	      0.199355	       0.21153	
107.500	      0.199801	      0.211526	
108.000	      0.200224	      0.211522	
108.500	      0.200224	      0.211522	
109.000	      0.200625	      0.211518	
109.500	      0.201007	      0.211513	
110.000	      0.201007	      0.211513	
110.500	       0.20137	      0.211509	
111.000	      0.201716	      0.211505	
111.500	      0.202045	        0.2115	
112.000	      0.202045	        0.2115	
112.500	      0.202359	      0.211496	
113.000	      0.202659	      0.211492	
113.500	      0.202659	      0.211492	
114.000	      0.202945	      0.211487	
114.500	      0.203219	      0.211483	
115.000	      0.203481	      0.211479	
115.500	      0.203481	      0.211479	
116.000	      0.203731	      0.211474	
116.500	      0.203971	       0.21147	
117.000	      0.203971	       0.21147	
117.500	      0.204201	      0.211465	
118.000	      0.204422	      0.211461	
118.500	      0.204633	      0.211456	
119.000	      0.204633	      0.211456	
119.500	      0.204836	      0.211452	
120.000	      0.205031	      0.211447	
120.500	      0.205031	      0.211447	
121.000	      0.205218	      0.211442	
121.500	      0.205399	      0.211438	
122.000	      0.205572	      0.211433	
122.500	      0.205572	      0.211433	
123.000	      0.205739	      0.211428	
123.500	        0.2059	      0.211423	
124.000	        0.2059	      0.211423	
124.500	      0.206054	      0.211418	
125.000	      0.206203	      0.211413	
125.500	      0.206203	      0.211413	
126.000	      0.206347	      0.211408	
126.500	      0.206486	      0.211403	
127.000	       0.20662	      0.211398	
127.500	       0.20662	      0.211398	
128.000	      0.206749	      0.211393	
128.500	      0.206874	      0.211387	
129.000	      0.206874	      0.211387	
129.500	      0.206995	      0.211382	
130.000	      0.207112	      0.211377	
130.500	      0.207224	      0.211371	
131.000	      0.207224	      0.211371	
131.500	      0.207333	      0.211365	
132.000	      0.207439	       0.21136	
132.500	      0.207439	       0.21136	
133.000	      0.207541	      0.211354	
133.500	       0.20764	      0.211348	
134.000	      0.207736	      0.211342	
134.500	      0.207736	      0.211342	
135.000	      0.207829	      0.211336	
135.500	      0.207919	       0.21133	
136.000	      0.207919	       0.21133	
136.500	      0.208006	      0.211324	
137.000	      0.208091	      0.211317	
137.500	      0.208173	      0.211311	
138.000	      0.208173	      0.211311	
138.500	      0.208253	      0.211304	
139.000	       0.20833	      0.211298	
139.500	       0.20833	      0.211298	
140.000	      0.208405	      0.211291	
140.500	      0.208478	      0.211284	
141.000	      0.208549	      0.211277	
141.500	      0.208549	      0.211277	
142.000	      0.208618	       0.21127	
142.500	      0.208685	      0.211263	
143.000	      0.208685	      0.211263	
143.500	       0.20875	      0.211255	
144.000	      0.208814	      0.211248	
144.500	      0.208875	       0.21124	
145.000	      0.208875	       0.21124	
145.500	      0.208935	      0.211233	
146.000	      0.208994	      0.211225	
146.500	      0.208994	      0.211225	
147.000	       0.20905	      0.211217	
147.500	      0.209106	      0.211209	
148.000	      0.209106	      0.211209	
148.500	      0.209159	      0.211201	
149.000	      0.209212	      0.211192	
149.500	      0.209263	      0.211184	
150.000	      0.209263	      0.211184	
150.500	      0.209313	      0.211175	
151.000	      0.209361	      0.211166	
151.500	      0.209361	      0.211166	
152.000	      0.209409	      0.211157	
152.500	      0.209455	      0.211148	
153.000	        0.2095	      0.211139	
153.500	        0.2095	      0.211139	
154.000	      0.209544	      0.211129	
154.500	      0.209586	      0.211119	
155.000	      0.209586	      0.211119	
155.500	      0.209628	       0.21111	
156.000	      0.209669	        0.2111	
156.500	      0.209709	      0.211089	
157.000	      0.209709	      0.211089	
157.500	      0.209747	      0.211079	
158.000	      0.209785	      0.211069	
158.500	      0.209785	      0.211069	
159.000	      0.209822	      0.211058	
159.500	      0.209858	      0.211047	
160.000	      0.209894	      0.211036	
160.500	      0.209894	      0.211036	
161.000	      0.209928	      0.211024	
161.500	      0.209962	      0.211013	
162.000	      0.209962	      0.211013	
162.500	      0.209995	      0.211001	
163.000	      0.210027	      0.210989	
163.500	      0.210059	      0.210977	
164.000	      0.210059	      0.210977	
164.500	      0.210089	      0.210964	
165.000	      0.210119	      0.210952	
165.500	      0.210119	      0.210952	
166.000	      0.210149	      0.210939	
166.500	      0.210178	      0.210926	
167.000	      0.210206	      0.210912	
167.500	      0.210206	      0.210912	
168.000	      0.210233	      0.210899	
168.500	       0.21026	      0.210885	
169.000	       0.21026	      0.210885	
169.500	      0.210287	      0.210871	
170.000	      0.210312	      0.210856	
170.500	      0.210312	      0.210856	
171.000	      0.210338	      0.210842	
171.500	      0.210362	      0.210827	
172.000	      0.210387	      0.210811	
172.500	      0.210387	      0.210811	
173.000	       0.21041	      0.210796	
173.500	      0.210434	       0.21078	
174.000	      0.210434	       0.21078	
174.500	      0.210456	      0.210764	
175.000	      0.210479	      0.210747	
175.500	        0.2105	       0.21073	
176.000	        0.2105	       0.21073	
176.500	      0.210522	      0.210713	
177.000	      0.210543	      0.210696	
177.500	      0.210543	      0.210696	
178.000	      0.210563	      0.210678	
178.500	      0.210583	       0.21066	
179.000	      0.210603	      0.210641	
179.500	      0.210603	      0.210641	
180.000	      0.210622	      0.210622	
