
TracePro Release: 3 2 0 
Polar Candela Distribution Data for 
Data covers +/- 180.000 degrees from Normal
Data for Missed Rays
Data generated at 09:36:54 June 25, 2025

	   0.0	 180.0
0.000	      0.267907	      0.267907	
0.500	      0.267252	      0.265755	
1.000	      0.267252	      0.265755	
1.500	      0.266519	      0.345348	
2.000	      0.265994	     0.0859904	
2.500	      0.268553	      0.286056	
3.000	      0.268553	      0.286056	
3.500	      0.206024	       0.27313	
4.000	      0.323452	      0.271873	
4.500	      0.323452	      0.271873	
5.000	      0.256627	      0.271768	
5.500	      0.259108	      0.272021	
6.000	      0.257974	      0.272691	
6.500	      0.257974	      0.272691	
7.000	      0.256341	      0.276731	
7.500	      0.254396	      0.222099	
8.000	      0.254396	      0.222099	
8.500	      0.252127	      0.276311	
9.000	      0.249463	      0.268669	
9.500	      0.246272	      0.317487	
10.000	      0.246272	      0.317487	
10.500	      0.242275	      0.260514	
11.000	      0.236622	      0.359525	
11.500	      0.236622	      0.359525	
12.000	      0.221658	      0.264731	
12.500	      0.339675	      0.271793	
13.000	      0.339675	      0.271793	
13.500	      0.177332	      0.272783	
14.000	      0.575404	      0.273019	
14.500	      0.169602	      0.272891	
15.000	      0.169602	      0.272891	
15.500	      0.184977	      0.272319	
16.000	      0.163126	      0.270764	
16.500	      0.163126	      0.270764	
17.000	      0.282302	      0.265686	
17.500	      0.107296	      0.224401	
18.000	      0.191819	      0.886015	
18.500	      0.191819	      0.886015	
19.000	    0.00435328	      0.425887	
19.500	      0.188394	       1.16966	
20.000	      0.188394	       1.16966	
20.500	      0.223291	      0.155681	
21.000	      0.321349	      0.634966	
21.500	       1.03559	     0.0731675	
22.000	       1.03559	     0.0731675	
22.500	        2.7285	      0.505574	
23.000	       15.2194	       0.43921	
23.500	       15.2194	       0.43921	
24.000	       158.342	      0.865202	
24.500	       15.4151	      0.311611	
25.000	       1.73929	       1.00188	
25.500	       1.73929	       1.00188	
26.000	        2.1042	      0.119832	
26.500	      0.727676	      0.487253	
27.000	      0.727676	      0.487253	
27.500	       1.27608	      0.092156	
28.000	      0.833028	      0.654729	
28.500	        1.0723	      0.103212	
29.000	        1.0723	      0.103212	
29.500	        2.4773	      0.555385	
30.000	       0.39777	      0.236505	
30.500	       0.39777	      0.236505	
31.000	       3.30934	      0.436477	
31.500	      0.128907	     0.0369431	
32.000	       0.25871	      0.936851	
32.500	       0.25871	      0.936851	
33.000	       1.56746	     0.0430228	
33.500	       2.04732	      0.469892	
34.000	       2.04732	      0.469892	
34.500	      0.702525	      0.189551	
35.000	      0.370515	      0.510674	
35.500	      0.370515	      0.510674	
36.000	      0.542188	       0.25088	
36.500	      0.475011	      0.260104	
37.000	       1.35643	      0.256283	
37.500	       1.35643	      0.256283	
38.000	      0.480895	      0.248893	
38.500	      0.538449	      0.236151	
39.000	      0.538449	      0.236151	
39.500	      0.339479	      0.212285	
40.000	      0.091505	      0.159746	
40.500	       1.28255	    0.00312977	
41.000	       1.28255	    0.00312977	
41.500	      0.614133	       1.14583	
42.000	      0.829956	       14.8161	
42.500	      0.829956	       14.8161	
43.000	       3.02862	       1.15496	
43.500	      0.613435	      0.138172	
44.000	      0.664632	     0.0355203	
44.500	      0.664632	     0.0355203	
45.000	        2.0477	      0.290742	
45.500	      0.779901	     0.0484134	
46.000	      0.779901	     0.0484134	
46.500	       1.18547	      0.267329	
47.000	      0.723923	      0.260917	
47.500	       1.18317	      0.264115	
48.000	       1.18317	      0.264115	
48.500	      0.738694	      0.266984	
49.000	       1.10962	      0.269209	
49.500	       1.10962	      0.269209	
50.000	      0.147356	       0.27092	
50.500	      0.341992	      0.272254	
51.000	       1.99584	       0.27331	
51.500	       1.99584	       0.27331	
52.000	       6.35928	      0.274161	
52.500	       3.87158	      0.274856	
53.000	       3.87158	      0.274856	
53.500	        3.8332	      0.275432	
54.000	       1.94212	      0.275916	
54.500	       3.17531	      0.276326	
55.000	       3.17531	      0.276326	
55.500	        5.2935	      0.276678	
56.000	       4.14029	      0.276982	
56.500	       4.14029	      0.276982	
57.000	       3.39001	      0.277247	
57.500	       1.48789	       0.27748	
58.000	       1.48789	       0.27748	
58.500	       4.47111	      0.277687	
59.000	       5.28027	       0.27787	
59.500	       1.65872	      0.278035	
60.000	       1.65872	      0.278035	
60.500	       3.97937	      0.278183	
61.000	       2.91197	      0.278317	
61.500	       2.91197	      0.278317	
62.000	       2.58482	      0.278439	
62.500	       9.69297	       0.27855	
63.000	       89.1706	      0.278652	
63.500	       89.1706	      0.278652	
64.000	       12.0404	      0.278746	
64.500	       1.51274	      0.278833	
65.000	       1.51274	      0.278833	
65.500	       3.44078	      0.278913	
66.000	       2.36724	      0.278988	
66.500	        3.5924	      0.279057	
67.000	        3.5924	      0.279057	
67.500	       1.93636	      0.279122	
68.000	       2.77828	      0.279183	
68.500	       2.77828	      0.279183	
69.000	       2.52679	       0.27924	
69.500	       2.79972	      0.279293	
70.000	         1.052	      0.279344	
70.500	         1.052	      0.279344	
71.000	       3.62946	      0.279392	
71.500	       6.84309	      0.279437	
72.000	       6.84309	      0.279437	
72.500	       44.6088	      0.279479	
73.000	        449.76	       0.27952	
73.500	       43.7807	      0.279558	
74.000	       43.7807	      0.279558	
74.500	       8.26146	      0.279595	
75.000	       3.41564	       0.27963	
75.500	       3.41564	       0.27963	
76.000	       1.78592	      0.279663	
76.500	       1.04167	      0.279695	
77.000	      0.639536	      0.279725	
77.500	      0.639536	      0.279725	
78.000	      0.397518	      0.279754	
78.500	      0.240455	      0.279782	
79.000	      0.240455	      0.279782	
79.500	      0.132674	      0.279808	
80.000	      0.055458	      0.279834	
80.500	      0.055458	      0.279834	
81.000	    0.00178699	      0.279858	
81.500	     0.0454259	      0.279882	
82.000	     0.0794716	      0.279905	
82.500	     0.0794716	      0.279905	
83.000	      0.106557	      0.279926	
83.500	      0.128467	      0.279947	
84.000	      0.128467	      0.279947	
84.500	      0.146449	      0.279967	
85.000	      0.161393	      0.279987	
85.500	      0.173953	      0.280005	
86.000	      0.173953	      0.280005	
86.500	      0.184612	      0.280023	
87.000	      0.193739	       0.28004	
87.500	      0.193739	       0.28004	
88.000	      0.201615	      0.280057	
88.500	      0.208461	      0.280073	
89.000	       0.21445	      0.280089	
89.500	       0.21445	      0.280089	
90.000	      0.219721	      0.280104	
90.500	      0.224385	      0.280118	
91.000	      0.224385	      0.280118	
91.500	      0.228532	      0.280132	
92.000	      0.232237	      0.280146	
92.500	      0.235561	      0.280159	
93.000	      0.235561	      0.280159	
93.500	      0.238554	      0.280171	
94.000	      0.241261	      0.280183	
94.500	      0.241261	      0.280183	
95.000	      0.243715	      0.280195	
95.500	      0.245949	      0.280206	
96.000	      0.247988	      0.280217	
96.500	      0.247988	      0.280217	
97.000	      0.249854	      0.280228	
97.500	      0.251566	      0.280238	
98.000	      0.251566	      0.280238	
98.500	      0.253141	      0.280248	
99.000	      0.254594	      0.280257	
99.500	      0.255937	      0.280266	
100.000	      0.255937	      0.280266	
100.500	       0.25718	      0.280275	
101.000	      0.258334	      0.280283	
101.500	      0.258334	      0.280283	
102.000	      0.259407	      0.280291	
102.500	      0.260406	      0.280299	
103.000	      0.260406	      0.280299	
103.500	      0.261338	      0.280307	
104.000	       0.26221	      0.280314	
104.500	      0.263025	      0.280321	
105.000	      0.263025	      0.280321	
105.500	      0.263789	      0.280327	
106.000	      0.264507	      0.280334	
106.500	      0.264507	      0.280334	
107.000	      0.265181	       0.28034	
107.500	      0.265816	      0.280346	
108.000	      0.266414	      0.280351	
108.500	      0.266414	      0.280351	
109.000	      0.266979	      0.280356	
109.500	      0.267512	      0.280361	
110.000	      0.267512	      0.280361	
110.500	      0.268016	      0.280366	
111.000	      0.268493	      0.280371	
111.500	      0.268946	      0.280375	
112.000	      0.268946	      0.280375	
112.500	      0.269375	      0.280379	
113.000	      0.269782	      0.280383	
113.500	      0.269782	      0.280383	
114.000	      0.270169	      0.280387	
114.500	      0.270537	       0.28039	
115.000	      0.270888	      0.280393	
115.500	      0.270888	      0.280393	
116.000	      0.271221	      0.280396	
116.500	       0.27154	      0.280399	
117.000	       0.27154	      0.280399	
117.500	      0.271844	      0.280402	
118.000	      0.272134	      0.280404	
118.500	      0.272411	      0.280406	
119.000	      0.272411	      0.280406	
119.500	      0.272676	      0.280408	
120.000	       0.27293	       0.28041	
120.500	       0.27293	       0.28041	
121.000	      0.273172	      0.280411	
121.500	      0.273405	      0.280412	
122.000	      0.273628	      0.280413	
122.500	      0.273628	      0.280413	
123.000	      0.273842	      0.280414	
123.500	      0.274048	      0.280415	
124.000	      0.274048	      0.280415	
124.500	      0.274245	      0.280415	
125.000	      0.274435	      0.280416	
125.500	      0.274435	      0.280416	
126.000	      0.274617	      0.280416	
126.500	      0.274792	      0.280416	
127.000	      0.274961	      0.280415	
127.500	      0.274961	      0.280415	
128.000	      0.275123	      0.280415	
128.500	       0.27528	      0.280414	
129.000	       0.27528	      0.280414	
129.500	      0.275431	      0.280413	
130.000	      0.275576	      0.280412	
130.500	      0.275716	      0.280411	
131.000	      0.275716	      0.280411	
131.500	      0.275852	      0.280409	
132.000	      0.275982	      0.280408	
132.500	      0.275982	      0.280408	
133.000	      0.276109	      0.280406	
133.500	      0.276231	      0.280404	
134.000	      0.276348	      0.280401	
134.500	      0.276348	      0.280401	
135.000	      0.276462	      0.280399	
135.500	      0.276573	      0.280396	
136.000	      0.276573	      0.280396	
136.500	      0.276679	      0.280394	
137.000	      0.276783	       0.28039	
137.500	      0.276882	      0.280387	
138.000	      0.276882	      0.280387	
138.500	      0.276979	      0.280384	
139.000	      0.277073	       0.28038	
139.500	      0.277073	       0.28038	
140.000	      0.277164	      0.280376	
140.500	      0.277252	      0.280372	
141.000	      0.277338	      0.280368	
141.500	      0.277338	      0.280368	
142.000	       0.27742	      0.280364	
142.500	      0.277501	      0.280359	
143.000	      0.277501	      0.280359	
143.500	      0.277579	      0.280354	
144.000	      0.277655	      0.280349	
144.500	      0.277728	      0.280344	
145.000	      0.277728	      0.280344	
145.500	        0.2778	      0.280338	
146.000	      0.277869	      0.280333	
146.500	      0.277869	      0.280333	
147.000	      0.277937	      0.280327	
147.500	      0.278002	      0.280321	
148.000	      0.278002	      0.280321	
148.500	      0.278066	      0.280314	
149.000	      0.278128	      0.280308	
149.500	      0.278188	      0.280301	
150.000	      0.278188	      0.280301	
150.500	      0.278247	      0.280294	
151.000	      0.278304	      0.280287	
151.500	      0.278304	      0.280287	
152.000	       0.27836	      0.280279	
152.500	      0.278414	      0.280271	
153.000	      0.278467	      0.280263	
153.500	      0.278467	      0.280263	
154.000	      0.278518	      0.280255	
154.500	      0.278568	      0.280247	
155.000	      0.278568	      0.280247	
155.500	      0.278617	      0.280238	
156.000	      0.278664	      0.280229	
156.500	       0.27871	       0.28022	
157.000	       0.27871	       0.28022	
157.500	      0.278755	      0.280211	
158.000	      0.278799	      0.280201	
158.500	      0.278799	      0.280201	
159.000	      0.278842	      0.280191	
159.500	      0.278884	      0.280181	
160.000	      0.278924	       0.28017	
160.500	      0.278924	       0.28017	
161.000	      0.278964	      0.280159	
161.500	      0.279003	      0.280148	
162.000	      0.279003	      0.280148	
162.500	      0.279041	      0.280137	
163.000	      0.279078	      0.280125	
163.500	      0.279113	      0.280113	
164.000	      0.279113	      0.280113	
164.500	      0.279149	      0.280101	
165.000	      0.279183	      0.280089	
165.500	      0.279183	      0.280089	
166.000	      0.279216	      0.280076	
166.500	      0.279249	      0.280063	
167.000	      0.279281	      0.280049	
167.500	      0.279281	      0.280049	
168.000	      0.279312	      0.280035	
168.500	      0.279342	      0.280021	
169.000	      0.279342	      0.280021	
169.500	      0.279372	      0.280007	
170.000	      0.279401	      0.279992	
170.500	      0.279401	      0.279992	
171.000	       0.27943	      0.279977	
171.500	      0.279457	      0.279961	
172.000	      0.279484	      0.279945	
172.500	      0.279484	      0.279945	
173.000	      0.279511	      0.279929	
173.500	      0.279536	      0.279912	
174.000	      0.279536	      0.279912	
174.500	      0.279562	      0.279895	
175.000	      0.279586	      0.279878	
175.500	       0.27961	       0.27986	
176.000	       0.27961	       0.27986	
176.500	      0.279634	      0.279842	
177.000	      0.279657	      0.279823	
177.500	      0.279657	      0.279823	
178.000	      0.279679	      0.279804	
178.500	      0.279701	      0.279784	
179.000	      0.279723	      0.279764	
179.500	      0.279723	      0.279764	
180.000	      0.279744	      0.279744	
