
TracePro Release: 3 2 0 
Polar Candela Distribution Data for 
Data covers +/- 180.000 degrees from Normal
Data for Missed Rays
Data generated at 09:41:52 June 30, 2025

	   0.0	 180.0
0.000	      0.211832	      0.211832	
0.500	      0.212322	      0.211245	
1.000	      0.212322	      0.211245	
1.500	      0.212732	      0.210537	
2.000	      0.213076	      0.209678	
2.500	      0.213366	      0.208629	
3.000	      0.213366	      0.208629	
3.500	       0.21361	      0.207335	
4.000	      0.213816	      0.205721	
4.500	      0.213816	      0.205721	
5.000	       0.21399	      0.203685	
5.500	      0.214135	      0.201075	
6.000	      0.214256	      0.197672	
6.500	      0.214256	      0.197672	
7.000	      0.214357	      0.193137	
7.500	       0.21444	      0.186933	
8.000	       0.21444	      0.186933	
8.500	      0.214507	      0.178165	
9.000	      0.214561	      0.165251	
9.500	      0.214602	      0.145168	
10.000	      0.214602	      0.145168	
10.500	      0.214632	      0.111549	
11.000	      0.214653	     0.0489593	
11.500	      0.214653	     0.0489593	
12.000	      0.214666	     0.0886881	
12.500	       0.21467	      0.499122	
13.000	       0.21467	      0.499122	
13.500	      0.214668	       3.51184	
14.000	      0.214659	       38.3557	
14.500	      0.214645	       3.51088	
15.000	      0.214645	       3.51088	
15.500	      0.214625	      0.497179	
16.000	        0.2146	     0.0857509	
16.500	        0.2146	     0.0857509	
17.000	       0.21457	     0.0529193	
17.500	      0.214536	       0.11657	
18.000	      0.214498	      0.151302	
18.500	      0.214498	      0.151302	
19.000	      0.214456	       0.17256	
19.500	      0.214411	      0.186728	
20.000	      0.214411	      0.186728	
20.500	      0.214362	      0.196844	
21.000	      0.214309	      0.204512	
21.500	      0.214253	      0.210649	
22.000	      0.214253	      0.210649	
22.500	      0.214194	      0.215821	
23.000	      0.214132	      0.220401	
23.500	      0.214132	      0.220401	
24.000	      0.214067	      0.224652	
24.500	      0.213999	      0.228778	
25.000	      0.213927	      0.232949	
25.500	      0.213927	      0.232949	
26.000	      0.213853	      0.237326	
26.500	      0.213775	      0.242076	
27.000	      0.213775	      0.242076	
27.500	      0.213695	      0.247385	
28.000	      0.213611	      0.253483	
28.500	      0.213524	      0.260665	
29.000	      0.213524	      0.260665	
29.500	      0.213434	      0.269328	
30.000	      0.213341	      0.280033	
30.500	      0.213341	      0.280033	
31.000	      0.213244	      0.293594	
31.500	      0.213144	      0.311248	
32.000	      0.213041	      0.334949	
32.500	      0.213041	      0.334949	
33.000	      0.212933	       0.36795	
33.500	      0.212822	      0.415991	
34.000	      0.212822	      0.415991	
34.500	      0.212707	      0.490017	
35.000	      0.212589	      0.613094	
35.500	      0.212589	      0.613094	
36.000	      0.212466	      0.841092	
36.500	      0.212338	       1.34084	
37.000	      0.212206	       2.82806	
37.500	      0.212206	       2.82806	
38.000	       0.21207	       13.7346	
38.500	      0.211929	       137.808	
39.000	      0.211929	       137.808	
39.500	      0.211782	       13.7349	
40.000	      0.211631	       2.82861	
40.500	      0.211474	       1.34168	
41.000	      0.211474	       1.34168	
41.500	      0.211311	      0.842217	
42.000	      0.211142	       0.61452	
42.500	      0.211142	       0.61452	
43.000	      0.210967	      0.491758	
43.500	      0.210785	      0.418064	
44.000	      0.210596	      0.370377	
44.500	      0.210596	      0.370377	
45.000	        0.2104	      0.337757	
45.500	      0.210196	      0.314468	
46.000	      0.210196	      0.314468	
46.500	      0.209984	      0.297264	
47.000	      0.209764	        0.2842	
47.500	      0.209534	      0.274047	
48.000	      0.209534	      0.274047	
48.500	      0.209296	      0.266003	
49.000	      0.209047	      0.259524	
49.500	      0.209047	      0.259524	
50.000	      0.208788	      0.254228	
50.500	      0.208517	      0.249846	
51.000	      0.208235	       0.24618	
51.500	      0.208235	       0.24618	
52.000	      0.207941	      0.243082	
52.500	      0.207633	      0.240441	
53.000	      0.207633	      0.240441	
53.500	      0.207311	      0.238172	
54.000	      0.206974	      0.236209	
54.500	      0.206622	      0.234499	
55.000	      0.206622	      0.234499	
55.500	      0.206252	      0.233002	
56.000	      0.205865	      0.231682	
56.500	      0.205865	      0.231682	
57.000	      0.205459	      0.230514	
57.500	      0.205032	      0.229476	
58.000	      0.205032	      0.229476	
58.500	      0.204583	      0.228548	
59.000	      0.204111	      0.227716	
59.500	      0.203615	      0.226968	
60.000	      0.203615	      0.226968	
60.500	      0.203091	      0.226292	
61.000	      0.202539	       0.22568	
61.500	      0.202539	       0.22568	
62.000	      0.201956	      0.225123	
62.500	      0.201339	      0.224616	
63.000	      0.200687	      0.224152	
63.500	      0.200687	      0.224152	
64.000	      0.199996	      0.223728	
64.500	      0.199264	      0.223338	
65.000	      0.199264	      0.223338	
65.500	      0.198486	      0.222979	
66.000	      0.197659	      0.222648	
66.500	      0.196779	      0.222342	
67.000	      0.196779	      0.222342	
67.500	      0.195841	      0.222059	
68.000	       0.19484	      0.221796	
68.500	       0.19484	      0.221796	
69.000	       0.19377	      0.221551	
69.500	      0.192625	      0.221324	
70.000	      0.191397	      0.221112	
70.500	      0.191397	      0.221112	
71.000	      0.190078	      0.220913	
71.500	      0.188659	      0.220728	
72.000	      0.188659	      0.220728	
72.500	       0.18713	      0.220554	
73.000	      0.185479	      0.220391	
73.500	      0.183691	      0.220238	
74.000	      0.183691	      0.220238	
74.500	      0.181754	      0.220094	
75.000	      0.179647	      0.219958	
75.500	      0.179647	      0.219958	
76.000	      0.177352	       0.21983	
76.500	      0.174846	       0.21971	
77.000	      0.172101	      0.219595	
77.500	      0.172101	      0.219595	
78.000	      0.169086	      0.219487	
78.500	      0.165765	      0.219385	
79.000	      0.165765	      0.219385	
79.500	      0.162094	      0.219288	
80.000	      0.158023	      0.219195	
80.500	      0.158023	      0.219195	
81.000	      0.153491	      0.219108	
81.500	      0.148427	      0.219024	
82.000	      0.142742	      0.218945	
82.500	      0.142742	      0.218945	
83.000	      0.136332	      0.218869	
83.500	      0.129068	      0.218797	
84.000	      0.129068	      0.218797	
84.500	       0.12079	      0.218728	
85.000	      0.111301	      0.218662	
85.500	      0.100353	      0.218599	
86.000	      0.100353	      0.218599	
86.500	     0.0876304	      0.218538	
87.000	     0.0727269	      0.218481	
87.500	     0.0727269	      0.218481	
88.000	     0.0551146	      0.218425	
88.500	     0.0340944	      0.218372	
89.000	    0.00872656	       0.21832	
89.500	    0.00872656	       0.21832	
90.000	     0.0222765	      0.218271	
90.500	     0.0607175	      0.218223	
91.000	     0.0607175	      0.218223	
91.500	      0.109182	      0.218178	
92.000	      0.171486	      0.218133	
92.500	      0.253454	      0.218091	
93.000	      0.253454	      0.218091	
93.500	      0.364329	       0.21805	
94.000	      0.519513	       0.21801	
94.500	      0.519513	       0.21801	
95.000	      0.746235	      0.217971	
95.500	       1.09642	      0.217934	
96.000	       1.67955	      0.217898	
96.500	       1.67955	      0.217898	
97.000	       2.76077	      0.217863	
97.500	       5.13196	      0.217829	
98.000	       5.13196	      0.217829	
98.500	       12.1902	      0.217796	
99.000	       63.9575	      0.217763	
99.500	       655.338	      0.217732	
100.000	       655.338	      0.217732	
100.500	       63.9575	      0.217702	
101.000	       12.1902	      0.217672	
101.500	       12.1902	      0.217672	
102.000	       5.13197	      0.217643	
102.500	       2.76078	      0.217615	
103.000	       2.76078	      0.217615	
103.500	       1.67955	      0.217587	
104.000	       1.09643	       0.21756	
104.500	      0.746246	      0.217534	
105.000	      0.746246	      0.217534	
105.500	      0.519526	      0.217508	
106.000	      0.364344	      0.217482	
106.500	      0.364344	      0.217482	
107.000	       0.25347	      0.217457	
107.500	      0.171504	      0.217433	
108.000	      0.109202	      0.217409	
108.500	      0.109202	      0.217409	
109.000	     0.0607387	      0.217385	
109.500	     0.0222994	      0.217362	
110.000	     0.0222994	      0.217362	
110.500	    0.00870204	      0.217339	
111.000	     0.0340682	      0.217317	
111.500	     0.0550867	      0.217294	
112.000	     0.0550867	      0.217294	
112.500	     0.0726974	      0.217272	
113.000	     0.0875992	      0.217251	
113.500	     0.0875992	      0.217251	
114.000	      0.100321	      0.217229	
114.500	      0.111267	      0.217208	
115.000	      0.120754	      0.217187	
115.500	      0.120754	      0.217187	
116.000	       0.12903	      0.217166	
116.500	      0.136293	      0.217145	
117.000	      0.136293	      0.217145	
117.500	      0.142701	      0.217125	
118.000	      0.148384	      0.217105	
118.500	      0.153447	      0.217084	
119.000	      0.153447	      0.217084	
119.500	      0.157976	      0.217064	
120.000	      0.162046	      0.217044	
120.500	      0.162046	      0.217044	
121.000	      0.165715	      0.217024	
121.500	      0.169034	      0.217005	
122.000	      0.172047	      0.216985	
122.500	      0.172047	      0.216985	
123.000	      0.174791	      0.216965	
123.500	      0.177295	      0.216945	
124.000	      0.177295	      0.216945	
124.500	      0.179588	      0.216926	
125.000	      0.181693	      0.216906	
125.500	      0.181693	      0.216906	
126.000	      0.183629	      0.216886	
126.500	      0.185414	      0.216867	
127.000	      0.187064	      0.216847	
127.500	      0.187064	      0.216847	
128.000	      0.188591	      0.216827	
128.500	      0.190008	      0.216808	
129.000	      0.190008	      0.216808	
129.500	      0.191325	      0.216788	
130.000	      0.192551	      0.216768	
130.500	      0.193695	      0.216748	
131.000	      0.193695	      0.216748	
131.500	      0.194763	      0.216728	
132.000	      0.195762	      0.216708	
132.500	      0.195762	      0.216708	
133.000	      0.196698	      0.216687	
133.500	      0.197576	      0.216667	
134.000	      0.198401	      0.216646	
134.500	      0.198401	      0.216646	
135.000	      0.199177	      0.216626	
135.500	      0.199907	      0.216605	
136.000	      0.199907	      0.216605	
136.500	      0.200596	      0.216584	
137.000	      0.201247	      0.216563	
137.500	      0.201861	      0.216541	
138.000	      0.201861	      0.216541	
138.500	      0.202442	       0.21652	
139.000	      0.202993	      0.216498	
139.500	      0.202993	      0.216498	
140.000	      0.203514	      0.216476	
140.500	      0.204009	      0.216454	
141.000	      0.204479	      0.216431	
141.500	      0.204479	      0.216431	
142.000	      0.204926	      0.216409	
142.500	       0.20535	      0.216386	
143.000	       0.20535	      0.216386	
143.500	      0.205755	      0.216363	
144.000	       0.20614	      0.216339	
144.500	      0.206508	      0.216315	
145.000	      0.206508	      0.216315	
145.500	      0.206858	      0.216291	
146.000	      0.207193	      0.216267	
146.500	      0.207193	      0.216267	
147.000	      0.207513	      0.216242	
147.500	      0.207819	      0.216217	
148.000	      0.207819	      0.216217	
148.500	      0.208111	      0.216191	
149.000	      0.208392	      0.216165	
149.500	       0.20866	      0.216139	
150.000	       0.20866	      0.216139	
150.500	      0.208917	      0.216113	
151.000	      0.209164	      0.216085	
151.500	      0.209164	      0.216085	
152.000	      0.209401	      0.216058	
152.500	      0.209629	       0.21603	
153.000	      0.209847	      0.216002	
153.500	      0.209847	      0.216002	
154.000	      0.210057	      0.215973	
154.500	      0.210259	      0.215944	
155.000	      0.210259	      0.215944	
155.500	      0.210454	      0.215914	
156.000	      0.210641	      0.215883	
156.500	      0.210822	      0.215852	
157.000	      0.210822	      0.215852	
157.500	      0.210995	      0.215821	
158.000	      0.211163	      0.215789	
158.500	      0.211163	      0.215789	
159.000	      0.211325	      0.215756	
159.500	      0.211481	      0.215723	
160.000	      0.211631	      0.215689	
160.500	      0.211631	      0.215689	
161.000	      0.211777	      0.215655	
161.500	      0.211917	       0.21562	
162.000	      0.211917	       0.21562	
162.500	      0.212053	      0.215584	
163.000	      0.212184	      0.215547	
163.500	      0.212311	       0.21551	
164.000	      0.212311	       0.21551	
164.500	      0.212434	      0.215472	
165.000	      0.212553	      0.215433	
165.500	      0.212553	      0.215433	
166.000	      0.212669	      0.215393	
166.500	       0.21278	      0.215353	
167.000	      0.212888	      0.215311	
167.500	      0.212888	      0.215311	
168.000	      0.212993	      0.215269	
168.500	      0.213095	      0.215226	
169.000	      0.213095	      0.215226	
169.500	      0.213194	      0.215181	
170.000	      0.213289	      0.215136	
170.500	      0.213289	      0.215136	
171.000	      0.213382	       0.21509	
171.500	      0.213473	      0.215043	
172.000	       0.21356	      0.214994	
172.500	       0.21356	      0.214994	
173.000	      0.213645	      0.214945	
173.500	      0.213728	      0.214894	
174.000	      0.213728	      0.214894	
174.500	      0.213809	      0.214842	
175.000	      0.213887	      0.214789	
175.500	      0.213963	      0.214735	
176.000	      0.213963	      0.214735	
176.500	      0.214037	      0.214679	
177.000	      0.214109	      0.214622	
177.500	      0.214109	      0.214622	
178.000	      0.214179	      0.214564	
178.500	      0.214247	      0.214504	
179.000	      0.214314	      0.214442	
179.500	      0.214314	      0.214442	
180.000	      0.214379	      0.214379	
