
TracePro Release: 3 2 0 
Polar Candela Distribution Data for 
Data covers +/- 180.000 degrees from Normal
Data for Missed Rays
Data generated at 09:35:06 June 25, 2025

	   0.0	 180.0
0.000	      0.287942	      0.287942	
0.500	      0.287235	      0.288617	
1.000	      0.287235	      0.288617	
1.500	      0.286496	       0.28926	
2.000	      0.285732	      0.289872	
2.500	      0.284952	      0.290454	
3.000	      0.284952	      0.290454	
3.500	      0.284184	      0.291009	
4.000	       0.28349	      0.291538	
4.500	       0.28349	      0.291538	
5.000	      0.283038	      0.292043	
5.500	      0.283362	      0.292528	
6.000	      0.286868	      0.292995	
6.500	      0.286868	      0.292995	
7.000	      0.322815	      0.293448	
7.500	      0.210559	      0.293896	
8.000	      0.210559	      0.293896	
8.500	      0.312064	      0.294349	
9.000	      0.229085	      0.294829	
9.500	      0.822883	      0.295378	
10.000	      0.822883	      0.295378	
10.500	       0.21855	      0.296103	
11.000	      0.258978	      0.297309	
11.500	      0.258978	      0.297309	
12.000	      0.262271	      0.300293	
12.500	      0.261649	      0.319903	
13.000	      0.261649	      0.319903	
13.500	      0.259867	     0.0574333	
14.000	      0.257577	       0.33446	
14.500	      0.255105	        0.1032	
15.000	      0.255105	        0.1032	
15.500	      0.253042	      0.475417	
16.000	      0.254152	      0.209176	
16.500	      0.254152	      0.209176	
17.000	      0.297664	      0.368839	
17.500	      0.535773	      0.144972	
18.000	       1.01138	      0.696307	
18.500	       1.01138	      0.696307	
19.000	      0.171321	      0.210636	
19.500	      0.253678	      0.290443	
20.000	      0.253678	      0.290443	
20.500	      0.677292	      0.286414	
21.000	       1.70804	      0.276337	
21.500	     0.0792321	      0.210766	
22.000	     0.0792321	      0.210766	
22.500	       1.66879	       1.02606	
23.000	     0.0380377	     0.0583695	
23.500	     0.0380377	     0.0583695	
24.000	      0.969456	       1.99147	
24.500	      0.713345	      0.127257	
25.000	      0.170071	        0.2654	
25.500	      0.170071	        0.2654	
26.000	    0.00364752	      0.286473	
26.500	       1.84729	      0.302843	
27.000	       1.84729	      0.302843	
27.500	        2.5963	       0.17604	
28.000	       1.79308	      0.308113	
28.500	      0.184982	      0.299951	
29.000	      0.184982	      0.299951	
29.500	      0.916863	      0.299489	
30.000	        2.6343	      0.299631	
30.500	        2.6343	      0.299631	
31.000	     0.0712586	      0.299823	
31.500	      0.509469	      0.299912	
32.000	        1.0348	      0.299643	
32.500	        1.0348	      0.299643	
33.000	       1.05542	      0.296308	
33.500	      0.410237	      0.344771	
34.000	      0.410237	      0.344771	
34.500	       2.90966	      0.296243	
35.000	       2.30622	      0.299008	
35.500	       2.30622	      0.299008	
36.000	       7.06108	       0.29337	
36.500	       12.6472	      0.379566	
37.000	       76.7567	      0.293409	
37.500	       76.7567	      0.293409	
38.000	       777.251	      0.298786	
38.500	       75.7942	      0.292544	
39.000	       75.7942	      0.292544	
39.500	       14.4079	      0.393505	
40.000	       6.03808	      0.293226	
40.500	       3.22611	      0.300666	
41.000	       3.22611	      0.300666	
41.500	       1.94377	      0.301846	
42.000	       1.25211	      0.302422	
42.500	       1.25211	      0.302422	
43.000	      0.836697	      0.303108	
43.500	      0.567734	      0.307235	
44.000	      0.383699	      0.240136	
44.500	      0.383699	      0.240136	
45.000	      0.252585	      0.363266	
45.500	      0.159656	      0.298776	
46.000	      0.159656	      0.298776	
46.500	     0.0214347	      0.302593	
47.000	     0.0272175	      0.303086	
47.500	     0.0239818	       0.30331	
48.000	     0.0239818	       0.30331	
48.500	     0.0631537	      0.303497	
49.000	     0.0970777	      0.303744	
49.500	     0.0970777	      0.303744	
50.000	      0.131857	      0.304287	
50.500	      0.214423	      0.307757	
51.000	       0.54716	      0.260612	
51.500	       0.54716	      0.260612	
52.000	      0.367658	      0.307888	
52.500	       1.16739	      0.304551	
53.000	       1.16739	      0.304551	
53.500	      0.323179	      0.304147	
54.000	      0.217928	      0.304047	
54.500	      0.195668	      0.304031	
55.000	      0.195668	      0.304031	
55.500	     0.0909175	      0.304045	
56.000	       1.56101	      0.304073	
56.500	       1.56101	      0.304073	
57.000	      0.092498	      0.304107	
57.500	       0.18766	      0.304145	
58.000	       0.18766	      0.304145	
58.500	     0.0944738	      0.304184	
59.000	       1.66296	      0.304224	
59.500	     0.0943709	      0.304264	
60.000	     0.0943709	      0.304264	
60.500	      0.631521	      0.304304	
61.000	      0.728892	      0.304343	
61.500	      0.728892	      0.304343	
62.000	      0.338007	      0.304382	
62.500	      0.272297	       0.30442	
63.000	        0.2672	      0.304457	
63.500	        0.2672	      0.304457	
64.000	      0.267469	      0.304494	
64.500	      0.268877	       0.30453	
65.000	      0.268877	       0.30453	
65.500	      0.270553	      0.304565	
66.000	      0.272251	      0.304599	
66.500	      0.273888	      0.304632	
67.000	      0.273888	      0.304632	
67.500	      0.275439	      0.304665	
68.000	      0.276897	      0.304697	
68.500	      0.276897	      0.304697	
69.000	      0.278264	      0.304729	
69.500	      0.279544	      0.304759	
70.000	      0.280743	      0.304789	
70.500	      0.280743	      0.304789	
71.000	      0.281866	      0.304819	
71.500	       0.28292	      0.304848	
72.000	       0.28292	      0.304848	
72.500	       0.28391	      0.304876	
73.000	      0.284841	      0.304903	
73.500	      0.285718	       0.30493	
74.000	      0.285718	       0.30493	
74.500	      0.286544	      0.304956	
75.000	      0.287323	      0.304982	
75.500	      0.287323	      0.304982	
76.000	      0.288059	      0.305007	
76.500	      0.288755	      0.305032	
77.000	      0.289414	      0.305056	
77.500	      0.289414	      0.305056	
78.000	      0.290038	      0.305079	
78.500	       0.29063	      0.305102	
79.000	       0.29063	      0.305102	
79.500	      0.291192	      0.305125	
80.000	      0.291726	      0.305147	
80.500	      0.291726	      0.305147	
81.000	      0.292233	      0.305169	
81.500	      0.292716	       0.30519	
82.000	      0.293176	      0.305211	
82.500	      0.293176	      0.305211	
83.000	      0.293615	      0.305231	
83.500	      0.294033	      0.305251	
84.000	      0.294033	      0.305251	
84.500	      0.294433	       0.30527	
85.000	      0.294814	      0.305289	
85.500	      0.295179	      0.305308	
86.000	      0.295179	      0.305308	
86.500	      0.295528	      0.305326	
87.000	      0.295862	      0.305343	
87.500	      0.295862	      0.305343	
88.000	      0.296182	      0.305361	
88.500	      0.296489	      0.305378	
89.000	      0.296783	      0.305395	
89.500	      0.296783	      0.305395	
90.000	      0.297065	      0.305411	
90.500	      0.297335	      0.305427	
91.000	      0.297335	      0.305427	
91.500	      0.297596	      0.305442	
92.000	      0.297846	      0.305458	
92.500	      0.298086	      0.305473	
93.000	      0.298086	      0.305473	
93.500	      0.298317	      0.305487	
94.000	       0.29854	      0.305501	
94.500	       0.29854	      0.305501	
95.000	      0.298754	      0.305515	
95.500	       0.29896	      0.305529	
96.000	      0.299159	      0.305542	
96.500	      0.299159	      0.305542	
97.000	      0.299351	      0.305555	
97.500	      0.299536	      0.305568	
98.000	      0.299536	      0.305568	
98.500	      0.299715	      0.305581	
99.000	      0.299887	      0.305593	
99.500	      0.300054	      0.305605	
100.000	      0.300054	      0.305605	
100.500	      0.300215	      0.305617	
101.000	       0.30037	      0.305628	
101.500	       0.30037	      0.305628	
102.000	      0.300521	      0.305639	
102.500	      0.300666	       0.30565	
103.000	      0.300666	       0.30565	
103.500	      0.300807	       0.30566	
104.000	      0.300943	      0.305671	
104.500	      0.301075	      0.305681	
105.000	      0.301075	      0.305681	
105.500	      0.301203	      0.305691	
106.000	      0.301326	        0.3057	
106.500	      0.301326	        0.3057	
107.000	      0.301446	       0.30571	
107.500	      0.301562	      0.305719	
108.000	      0.301675	      0.305728	
108.500	      0.301675	      0.305728	
109.000	      0.301784	      0.305737	
109.500	       0.30189	      0.305745	
110.000	       0.30189	      0.305745	
110.500	      0.301993	      0.305753	
111.000	      0.302093	      0.305761	
111.500	       0.30219	      0.305769	
112.000	       0.30219	      0.305769	
112.500	      0.302285	      0.305777	
113.000	      0.302376	      0.305784	
113.500	      0.302376	      0.305784	
114.000	      0.302465	      0.305791	
114.500	      0.302552	      0.305798	
115.000	      0.302636	      0.305805	
115.500	      0.302636	      0.305805	
116.000	      0.302718	      0.305812	
116.500	      0.302797	      0.305818	
117.000	      0.302797	      0.305818	
117.500	      0.302875	      0.305824	
118.000	       0.30295	       0.30583	
118.500	      0.303023	      0.305836	
119.000	      0.303023	      0.305836	
119.500	      0.303095	      0.305842	
120.000	      0.303164	      0.305847	
120.500	      0.303164	      0.305847	
121.000	      0.303232	      0.305852	
121.500	      0.303298	      0.305857	
122.000	      0.303362	      0.305862	
122.500	      0.303362	      0.305862	
123.000	      0.303424	      0.305867	
123.500	      0.303485	      0.305871	
124.000	      0.303485	      0.305871	
124.500	      0.303545	      0.305876	
125.000	      0.303603	       0.30588	
125.500	      0.303603	       0.30588	
126.000	      0.303659	      0.305884	
126.500	      0.303715	      0.305888	
127.000	      0.303768	      0.305891	
127.500	      0.303768	      0.305891	
128.000	      0.303821	      0.305895	
128.500	      0.303872	      0.305898	
129.000	      0.303872	      0.305898	
129.500	      0.303922	      0.305901	
130.000	      0.303971	      0.305904	
130.500	      0.304018	      0.305907	
131.000	      0.304018	      0.305907	
131.500	      0.304065	      0.305909	
132.000	       0.30411	      0.305912	
132.500	       0.30411	      0.305912	
133.000	      0.304154	      0.305914	
133.500	      0.304198	      0.305916	
134.000	       0.30424	      0.305918	
134.500	       0.30424	      0.305918	
135.000	      0.304281	       0.30592	
135.500	      0.304322	      0.305921	
136.000	      0.304322	      0.305921	
136.500	      0.304361	      0.305923	
137.000	        0.3044	      0.305924	
137.500	      0.304437	      0.305925	
138.000	      0.304437	      0.305925	
138.500	      0.304474	      0.305926	
139.000	       0.30451	      0.305927	
139.500	       0.30451	      0.305927	
140.000	      0.304545	      0.305928	
140.500	       0.30458	      0.305928	
141.000	      0.304613	      0.305928	
141.500	      0.304613	      0.305928	
142.000	      0.304646	      0.305929	
142.500	      0.304678	      0.305929	
143.000	      0.304678	      0.305929	
143.500	       0.30471	      0.305928	
144.000	      0.304741	      0.305928	
144.500	      0.304771	      0.305928	
145.000	      0.304771	      0.305928	
145.500	        0.3048	      0.305927	
146.000	      0.304829	      0.305926	
146.500	      0.304829	      0.305926	
147.000	      0.304857	      0.305925	
147.500	      0.304885	      0.305924	
148.000	      0.304885	      0.305924	
148.500	      0.304912	      0.305923	
149.000	      0.304938	      0.305921	
149.500	      0.304964	       0.30592	
150.000	      0.304964	       0.30592	
150.500	      0.304989	      0.305918	
151.000	      0.305014	      0.305916	
151.500	      0.305014	      0.305916	
152.000	      0.305038	      0.305914	
152.500	      0.305062	      0.305912	
153.000	      0.305085	      0.305909	
153.500	      0.305085	      0.305909	
154.000	      0.305108	      0.305907	
154.500	       0.30513	      0.305904	
155.000	       0.30513	      0.305904	
155.500	      0.305152	      0.305901	
156.000	      0.305173	      0.305898	
156.500	      0.305194	      0.305895	
157.000	      0.305194	      0.305895	
157.500	      0.305215	      0.305891	
158.000	      0.305235	      0.305887	
158.500	      0.305235	      0.305887	
159.000	      0.305254	      0.305884	
159.500	      0.305273	       0.30588	
160.000	      0.305292	      0.305876	
160.500	      0.305292	      0.305876	
161.000	      0.305311	      0.305871	
161.500	      0.305329	      0.305867	
162.000	      0.305329	      0.305867	
162.500	      0.305346	      0.305862	
163.000	      0.305363	      0.305857	
163.500	       0.30538	      0.305852	
164.000	       0.30538	      0.305852	
164.500	      0.305397	      0.305847	
165.000	      0.305413	      0.305842	
165.500	      0.305413	      0.305842	
166.000	      0.305429	      0.305836	
166.500	      0.305444	       0.30583	
167.000	      0.305459	      0.305824	
167.500	      0.305459	      0.305824	
168.000	      0.305474	      0.305818	
168.500	      0.305489	      0.305812	
169.000	      0.305489	      0.305812	
169.500	      0.305503	      0.305805	
170.000	      0.305517	      0.305798	
170.500	      0.305517	      0.305798	
171.000	       0.30553	      0.305791	
171.500	      0.305544	      0.305784	
172.000	      0.305557	      0.305777	
172.500	      0.305557	      0.305777	
173.000	      0.305569	      0.305769	
173.500	      0.305582	      0.305761	
174.000	      0.305582	      0.305761	
174.500	      0.305594	      0.305753	
175.000	      0.305606	      0.305745	
175.500	      0.305617	      0.305737	
176.000	      0.305617	      0.305737	
176.500	      0.305629	      0.305728	
177.000	       0.30564	      0.305719	
177.500	       0.30564	      0.305719	
178.000	       0.30565	       0.30571	
178.500	      0.305661	      0.305701	
179.000	      0.305671	      0.305691	
179.500	      0.305671	      0.305691	
180.000	      0.305681	      0.305681	
