
TracePro Release: 3 2 0 
Polar Candela Distribution Data for 
Data covers +/- 180.000 degrees from Normal
Data for Missed Rays
Data generated at 09:44:22 June 30, 2025

	   0.0	 180.0
0.000	     0.0714424	     0.0714424	
0.500	     0.0761851	      0.065745	
1.000	     0.0761851	      0.065745	
1.500	     0.0801754	      0.058817	
2.000	     0.0835644	     0.0502737	
2.500	     0.0864669	     0.0395641	
3.000	     0.0864669	     0.0395641	
3.500	     0.0889715	     0.0258758	
4.000	     0.0911476	    0.00796441	
4.500	     0.0911476	    0.00796441	
5.000	     0.0930498	     0.0161622	
5.500	      0.094722	     0.0498797	
6.000	     0.0961996	     0.0993424	
6.500	     0.0961996	     0.0993424	
7.000	     0.0975113	      0.176927	
7.500	     0.0986809	      0.311236	
8.000	     0.0986809	      0.311236	
8.500	     0.0997279	      0.583963	
9.000	      0.100669	       1.33268	
9.500	      0.101517	       6.43421	
10.000	      0.101517	       6.43421	
10.500	      0.102284	        62.635	
11.000	       0.10298	       7.12091	
11.500	       0.10298	       7.12091	
12.000	      0.103613	       3.54349	
12.500	      0.104191	       13.2115	
13.000	      0.104191	       13.2115	
13.500	      0.104719	       130.843	
14.000	      0.105203	       12.8706	
14.500	      0.105647	       2.45758	
15.000	      0.105647	       2.45758	
15.500	      0.106056	       1.00453	
16.000	      0.106433	      0.497596	
16.500	      0.106433	      0.497596	
17.000	      0.106781	      0.250934	
17.500	      0.107103	      0.100727	
18.000	      0.107401	      0.013019	
18.500	      0.107401	      0.013019	
19.000	      0.107678	      0.124728	
19.500	      0.107935	      0.273714	
20.000	      0.107935	      0.273714	
20.500	      0.108174	      0.550912	
21.000	      0.108397	        1.3261	
21.500	      0.108604	       6.92725	
22.000	      0.108604	       6.92725	
22.500	      0.108797	       70.8592	
23.000	      0.108978	       6.89388	
23.500	      0.108978	       6.89388	
24.000	      0.109146	        1.2262	
24.500	      0.109304	      0.238257	
25.000	      0.109452	       1.70721	
25.500	      0.109452	       1.70721	
26.000	       0.10959	       21.7226	
26.500	      0.109719	       1.87896	
27.000	      0.109719	       1.87896	
27.500	       0.10984	      0.219258	
28.000	      0.109953	    0.00995041	
28.500	      0.110059	     0.0533246	
29.000	      0.110059	     0.0533246	
29.500	      0.110158	     0.0788687	
30.000	      0.110251	     0.0909819	
30.500	      0.110251	     0.0909819	
31.000	      0.110338	     0.0973823	
31.500	       0.11042	      0.101054	
32.000	      0.110496	      0.103311	
32.500	      0.110496	      0.103311	
33.000	      0.110566	      0.104786	
33.500	      0.110633	      0.105806	
34.000	      0.110633	      0.105806	
34.500	      0.110694	       0.10655	
35.000	      0.110752	      0.107118	
35.500	      0.110752	      0.107118	
36.000	      0.110805	      0.107572	
36.500	      0.110854	      0.107948	
37.000	      0.110899	       0.10827	
37.500	      0.110899	       0.10827	
38.000	      0.110941	      0.108551	
38.500	      0.110979	      0.108802	
39.000	      0.110979	      0.108802	
39.500	      0.111014	       0.10903	
40.000	      0.111046	      0.109239	
40.500	      0.111074	      0.109433	
41.000	      0.111074	      0.109433	
41.500	      0.111099	      0.109613	
42.000	      0.111122	      0.109782	
42.500	      0.111122	      0.109782	
43.000	      0.111141	      0.109941	
43.500	      0.111157	      0.110091	
44.000	      0.111171	      0.110232	
44.500	      0.111171	      0.110232	
45.000	      0.111182	      0.110367	
45.500	       0.11119	      0.110494	
46.000	       0.11119	      0.110494	
46.500	      0.111195	      0.110616	
47.000	      0.111198	      0.110731	
47.500	      0.111198	      0.110841	
48.000	      0.111198	      0.110841	
48.500	      0.111195	      0.110946	
49.000	      0.111189	      0.111046	
49.500	      0.111189	      0.111046	
50.000	      0.111181	      0.111142	
50.500	       0.11117	      0.111233	
51.000	      0.111156	       0.11132	
51.500	      0.111156	       0.11132	
52.000	       0.11114	      0.111404	
52.500	       0.11112	      0.111484	
53.000	       0.11112	      0.111484	
53.500	      0.111098	       0.11156	
54.000	      0.111073	      0.111633	
54.500	      0.111045	      0.111704	
55.000	      0.111045	      0.111704	
55.500	      0.111013	      0.111771	
56.000	      0.110979	      0.111836	
56.500	      0.110979	      0.111836	
57.000	      0.110941	      0.111898	
57.500	        0.1109	      0.111958	
58.000	        0.1109	      0.111958	
58.500	      0.110855	      0.112015	
59.000	      0.110806	       0.11207	
59.500	      0.110754	      0.112123	
60.000	      0.110754	      0.112123	
60.500	      0.110698	      0.112174	
61.000	      0.110637	      0.112223	
61.500	      0.110637	      0.112223	
62.000	      0.110573	      0.112271	
62.500	      0.110503	      0.112316	
63.000	      0.110429	       0.11236	
63.500	      0.110429	       0.11236	
64.000	       0.11035	      0.112402	
64.500	      0.110266	      0.112443	
65.000	      0.110266	      0.112443	
65.500	      0.110176	      0.112482	
66.000	       0.11008	       0.11252	
66.500	      0.109978	      0.112557	
67.000	      0.109978	      0.112557	
67.500	      0.109869	      0.112592	
68.000	      0.109752	      0.112626	
68.500	      0.109752	      0.112626	
69.000	      0.109629	      0.112659	
69.500	      0.109497	      0.112691	
70.000	      0.109356	      0.112722	
70.500	      0.109356	      0.112722	
71.000	      0.109206	      0.112752	
71.500	      0.109047	       0.11278	
72.000	      0.109047	       0.11278	
72.500	      0.108876	      0.112808	
73.000	      0.108694	      0.112835	
73.500	      0.108499	      0.112861	
74.000	      0.108499	      0.112861	
74.500	      0.108291	      0.112886	
75.000	      0.108068	      0.112911	
75.500	      0.108068	      0.112911	
76.000	       0.10783	      0.112934	
76.500	      0.107574	      0.112957	
77.000	      0.107299	      0.112979	
77.500	      0.107299	      0.112979	
78.000	      0.107004	      0.113001	
78.500	      0.106686	      0.113022	
79.000	      0.106686	      0.113022	
79.500	      0.106344	      0.113042	
80.000	      0.105974	      0.113062	
80.500	      0.105974	      0.113062	
81.000	      0.105575	      0.113081	
81.500	      0.105142	      0.113099	
82.000	      0.104674	      0.113117	
82.500	      0.104674	      0.113117	
83.000	      0.104164	      0.113134	
83.500	       0.10361	      0.113151	
84.000	       0.10361	      0.113151	
84.500	      0.103005	      0.113167	
85.000	      0.102343	      0.113183	
85.500	      0.101618	      0.113198	
86.000	      0.101618	      0.113198	
86.500	      0.100821	      0.113213	
87.000	     0.0999424	      0.113228	
87.500	     0.0999424	      0.113228	
88.000	     0.0989717	      0.113242	
88.500	     0.0978955	      0.113255	
89.000	     0.0966983	      0.113269	
89.500	     0.0966983	      0.113269	
90.000	     0.0953615	      0.113281	
90.500	     0.0938632	      0.113294	
91.000	     0.0938632	      0.113294	
91.500	     0.0921766	      0.113306	
92.000	     0.0902695	      0.113318	
92.500	     0.0881022	      0.113329	
93.000	     0.0881022	      0.113329	
93.500	     0.0856259	       0.11334	
94.000	     0.0827799	      0.113351	
94.500	     0.0827799	      0.113351	
95.000	     0.0794878	      0.113361	
95.500	     0.0756524	      0.113371	
96.000	     0.0711488	      0.113381	
96.500	     0.0711488	      0.113381	
97.000	      0.065814	      0.113391	
97.500	     0.0594324	        0.1134	
98.000	     0.0594324	        0.1134	
98.500	     0.0517138	      0.113409	
99.000	     0.0422605	      0.113418	
99.500	     0.0305155	      0.113426	
100.000	     0.0305155	      0.113426	
100.500	     0.0156792	      0.113434	
101.000	     0.0034286	      0.113442	
101.500	     0.0034286	      0.113442	
102.000	     0.0286096	       0.11345	
102.500	      0.062725	      0.113458	
103.000	      0.062725	      0.113458	
103.500	      0.110542	      0.113465	
104.000	       0.18049	      0.113472	
104.500	       0.28865	      0.113479	
105.000	       0.28865	      0.113479	
105.500	      0.468917	      0.113485	
106.000	      0.803411	      0.113492	
106.500	      0.803411	      0.113492	
107.000	       1.53737	      0.113498	
107.500	       3.72286	      0.113504	
108.000	       19.7546	      0.113509	
108.500	       19.7546	      0.113509	
109.000	       203.011	      0.113515	
109.500	       19.7534	       0.11352	
110.000	       19.7534	       0.11352	
110.500	        3.7204	      0.113526	
111.000	       1.53361	      0.113531	
111.500	       0.79827	      0.113535	
112.000	       0.79827	      0.113535	
112.500	      0.462267	       0.11354	
113.000	      0.280321	      0.113545	
113.500	      0.280321	      0.113545	
114.000	      0.170256	      0.113549	
114.500	     0.0980993	      0.113553	
115.000	     0.0476698	      0.113557	
115.500	     0.0476698	      0.113557	
116.000	     0.0103949	      0.113561	
116.500	     0.0186986	      0.113564	
117.000	     0.0186986	      0.113564	
117.500	     0.0427817	      0.113568	
118.000	      0.064143	      0.113571	
118.500	     0.0847729	      0.113574	
119.000	     0.0847729	      0.113574	
119.500	       0.10692	      0.113578	
120.000	      0.133996	       0.11358	
120.500	      0.133996	       0.11358	
121.000	      0.172859	      0.113583	
121.500	      0.241861	      0.113586	
122.000	       0.41448	      0.113588	
122.500	       0.41448	      0.113588	
123.000	       1.52127	      0.113591	
123.500	       13.2009	      0.113593	
124.000	       13.2009	      0.113593	
124.500	        1.7525	      0.113595	
125.000	       1.15001	      0.113597	
125.500	       1.15001	      0.113597	
126.000	       4.37937	      0.113598	
126.500	       42.5248	        0.1136	
127.000	        4.3121	      0.113601	
127.500	        4.3121	      0.113601	
128.000	       0.92938	      0.113603	
128.500	      0.463782	      0.113604	
129.000	      0.463782	      0.113604	
129.500	      0.305913	      0.113605	
130.000	      0.233425	      0.113606	
130.500	      0.194188	      0.113607	
131.000	      0.194188	      0.113607	
131.500	      0.170624	      0.113608	
132.000	      0.155425	      0.113608	
132.500	      0.155425	      0.113608	
133.000	      0.145097	      0.113609	
133.500	      0.137795	      0.113609	
134.000	      0.132471	      0.113609	
134.500	      0.132471	      0.113609	
135.000	      0.128492	      0.113609	
135.500	      0.125457	      0.113609	
136.000	      0.125457	      0.113609	
136.500	      0.123104	      0.113609	
137.000	      0.121252	      0.113608	
137.500	      0.119778	      0.113608	
138.000	      0.119778	      0.113608	
138.500	      0.118593	      0.113607	
139.000	      0.117632	      0.113607	
139.500	      0.117632	      0.113607	
140.000	      0.116847	      0.113606	
140.500	      0.116201	      0.113605	
141.000	      0.115666	      0.113604	
141.500	      0.115666	      0.113604	
142.000	      0.115223	      0.113603	
142.500	      0.114852	      0.113601	
143.000	      0.114852	      0.113601	
143.500	      0.114543	        0.1136	
144.000	      0.114283	      0.113598	
144.500	      0.114065	      0.113596	
145.000	      0.114065	      0.113596	
145.500	      0.113881	      0.113594	
146.000	      0.113726	      0.113592	
146.500	      0.113726	      0.113592	
147.000	      0.113596	       0.11359	
147.500	      0.113487	      0.113588	
148.000	      0.113487	      0.113588	
148.500	      0.113394	      0.113586	
149.000	      0.113317	      0.113583	
149.500	      0.113253	       0.11358	
150.000	      0.113253	       0.11358	
150.500	      0.113199	      0.113578	
151.000	      0.113155	      0.113575	
151.500	      0.113155	      0.113575	
152.000	      0.113119	      0.113572	
152.500	      0.113089	      0.113568	
153.000	      0.113066	      0.113565	
153.500	      0.113066	      0.113565	
154.000	      0.113048	      0.113562	
154.500	      0.113034	      0.113558	
155.000	      0.113034	      0.113558	
155.500	      0.113024	      0.113554	
156.000	      0.113017	       0.11355	
156.500	      0.113013	      0.113546	
157.000	      0.113013	      0.113546	
157.500	      0.113012	      0.113542	
158.000	      0.113012	      0.113537	
158.500	      0.113012	      0.113537	
159.000	      0.113015	      0.113533	
159.500	      0.113019	      0.113528	
160.000	      0.113024	      0.113523	
160.500	      0.113024	      0.113523	
161.000	      0.113031	      0.113518	
161.500	      0.113038	      0.113513	
162.000	      0.113038	      0.113513	
162.500	      0.113046	      0.113508	
163.000	      0.113055	      0.113502	
163.500	      0.113065	      0.113497	
164.000	      0.113065	      0.113497	
164.500	      0.113075	      0.113491	
165.000	      0.113086	      0.113485	
165.500	      0.113086	      0.113485	
166.000	      0.113096	      0.113479	
166.500	      0.113107	      0.113473	
167.000	      0.113119	      0.113466	
167.500	      0.113119	      0.113466	
168.000	       0.11313	      0.113459	
168.500	      0.113142	      0.113453	
169.000	      0.113142	      0.113453	
169.500	      0.113153	      0.113445	
170.000	      0.113165	      0.113438	
170.500	      0.113165	      0.113438	
171.000	      0.113176	      0.113431	
171.500	      0.113188	      0.113423	
172.000	        0.1132	      0.113416	
172.500	        0.1132	      0.113416	
173.000	      0.113211	      0.113408	
173.500	      0.113222	        0.1134	
174.000	      0.113222	        0.1134	
174.500	      0.113234	      0.113391	
175.000	      0.113245	      0.113383	
175.500	      0.113256	      0.113374	
176.000	      0.113256	      0.113374	
176.500	      0.113266	      0.113365	
177.000	      0.113277	      0.113356	
177.500	      0.113277	      0.113356	
178.000	      0.113288	      0.113347	
178.500	      0.113298	      0.113337	
179.000	      0.113308	      0.113328	
179.500	      0.113308	      0.113328	
180.000	      0.113318	      0.113318	
