
TracePro Release: 3 2 0 
Polar Candela Distribution Data for 
Data covers +/- 180.000 degrees from Normal
Data for Missed Rays
Data generated at 09:42:13 June 25, 2025

	   0.0	 180.0
0.000	     0.0584412	     0.0584412	
0.500	     0.0586861	     0.0581886	
1.000	     0.0586861	     0.0581886	
1.500	     0.0589375	     0.0579081	
2.000	     0.0592128	      0.057562	
2.500	     0.0595531	     0.0570616	
3.000	     0.0595531	     0.0570616	
3.500	     0.0601439	     0.0561426	
4.000	     0.0635813	     0.0536432	
4.500	     0.0635813	     0.0536432	
5.000	    0.00844126	     0.0349781	
5.500	      0.117058	      0.321349	
6.000	     0.0569474	      0.164997	
6.500	     0.0569474	      0.164997	
7.000	     0.0611333	       0.27307	
7.500	     0.0625424	     0.0191359	
8.000	     0.0625424	     0.0191359	
8.500	     0.0669818	      0.159875	
9.000	     0.0186522	     0.0469745	
9.500	     0.0761724	     0.0552102	
10.000	     0.0761724	     0.0552102	
10.500	     0.0260689	     0.0568763	
11.000	     0.0764736	     0.0610991	
11.500	     0.0764736	     0.0610991	
12.000	    0.00639052	   0.000971253	
12.500	      0.181556	      0.106594	
13.000	      0.181556	      0.106594	
13.500	      0.004209	     0.0569547	
14.000	     0.0686645	     0.0753066	
14.500	     0.0552008	      0.154057	
15.000	     0.0552008	      0.154057	
15.500	      0.229222	      0.216628	
16.000	     0.0759041	       0.23214	
16.500	     0.0759041	       0.23214	
17.000	      0.270485	      0.364189	
17.500	     0.0110204	      0.276531	
18.000	      0.215017	      0.274687	
18.500	      0.215017	      0.274687	
19.000	      0.151726	      0.167134	
19.500	        0.1028	      0.411967	
20.000	        0.1028	      0.411967	
20.500	     0.0319299	      0.234266	
21.000	      0.212986	     0.0821371	
21.500	     0.0115205	     0.0176136	
22.000	     0.0115205	     0.0176136	
22.500	      0.174635	     0.0660456	
23.000	     0.0337859	     0.0122951	
23.500	     0.0337859	     0.0122951	
24.000	      0.122993	     0.0612986	
24.500	     0.0716713	     0.0574019	
25.000	      0.144183	     0.0567371	
25.500	      0.144183	     0.0567371	
26.000	     0.0984805	     0.0564579	
26.500	      0.297178	     0.0563001	
27.000	      0.297178	     0.0563001	
27.500	      0.151402	     0.0561956	
28.000	      0.315582	     0.0561192	
28.500	      0.222633	     0.0560596	
29.000	      0.222633	     0.0560596	
29.500	      0.611948	     0.0560107	
30.000	      0.607698	     0.0559692	
30.500	      0.607698	     0.0559692	
31.000	        1.2823	     0.0559332	
31.500	        2.7349	     0.0559011	
32.000	       14.0057	     0.0558722	
32.500	       14.0057	     0.0558722	
33.000	       142.871	     0.0558459	
33.500	       15.6131	     0.0558216	
34.000	       15.6131	     0.0558216	
34.500	       1.74069	      0.055799	
35.000	       2.07843	     0.0557779	
35.500	       2.07843	     0.0557779	
36.000	      0.523755	     0.0557581	
36.500	       1.18407	     0.0557395	
37.000	      0.064667	     0.0557218	
37.500	      0.064667	     0.0557218	
38.000	       1.96568	      0.055705	
38.500	      0.182805	     0.0556891	
39.000	      0.182805	     0.0556891	
39.500	       2.65758	     0.0556738	
40.000	       1.84833	     0.0556592	
40.500	       1.13298	     0.0556453	
41.000	       1.13298	     0.0556453	
41.500	       1.07211	     0.0556319	
42.000	       2.60891	      0.055619	
42.500	       2.60891	      0.055619	
43.000	       1.36875	     0.0556067	
43.500	       4.26909	     0.0555948	
44.000	       1.18883	     0.0555833	
44.500	       1.18883	     0.0555833	
45.000	        1.3268	     0.0555722	
45.500	       5.22638	     0.0555615	
46.000	       5.22638	     0.0555615	
46.500	       5.04407	     0.0555512	
47.000	       4.52165	     0.0555412	
47.500	       2.32078	     0.0555316	
48.000	       2.32078	     0.0555316	
48.500	       3.56119	     0.0555222	
49.000	       3.16859	     0.0555131	
49.500	       3.16859	     0.0555131	
50.000	       3.19976	     0.0555043	
50.500	        7.1205	     0.0554958	
51.000	       5.50848	     0.0554875	
51.500	       5.50848	     0.0554875	
52.000	       9.07511	     0.0554795	
52.500	       6.11131	     0.0554716	
53.000	       6.11131	     0.0554716	
53.500	       3.99816	      0.055464	
54.000	        5.0331	     0.0554566	
54.500	       8.27878	     0.0554494	
55.000	       8.27878	     0.0554494	
55.500	       6.92678	     0.0554424	
56.000	       7.52063	     0.0554356	
56.500	       7.52063	     0.0554356	
57.000	       5.73005	     0.0554289	
57.500	       4.05747	     0.0554224	
58.000	       4.05747	     0.0554224	
58.500	       5.17567	     0.0554161	
59.000	       9.69151	     0.0554099	
59.500	       11.1105	     0.0554038	
60.000	       11.1105	     0.0554038	
60.500	       8.14372	     0.0553979	
61.000	       7.54091	     0.0553922	
61.500	       7.54091	     0.0553922	
62.000	       7.02532	     0.0553865	
62.500	       6.39249	      0.055381	
63.000	       7.12078	     0.0553756	
63.500	       7.12078	     0.0553756	
64.000	       17.4871	     0.0553703	
64.500	       11.9649	     0.0553651	
65.000	       11.9649	     0.0553651	
65.500	       16.2439	       0.05536	
66.000	       13.4156	      0.055355	
66.500	       16.9583	     0.0553501	
67.000	       16.9583	     0.0553501	
67.500	       18.0035	     0.0553453	
68.000	       13.3135	     0.0553406	
68.500	       13.3135	     0.0553406	
69.000	       16.1854	     0.0553359	
69.500	       13.3143	     0.0553314	
70.000	       9.24618	     0.0553269	
70.500	       9.24618	     0.0553269	
71.000	       10.1902	     0.0553225	
71.500	       8.47313	     0.0553182	
72.000	       8.47313	     0.0553182	
72.500	       9.64538	     0.0553139	
73.000	       5.51255	     0.0553097	
73.500	        5.0395	     0.0553055	
74.000	        5.0395	     0.0553055	
74.500	       5.37025	     0.0553014	
75.000	       7.18214	     0.0552974	
75.500	       7.18214	     0.0552974	
76.000	        3.4494	     0.0552934	
76.500	       2.87176	     0.0552895	
77.000	       1.09186	     0.0552856	
77.500	       1.09186	     0.0552856	
78.000	        1.2231	     0.0552818	
78.500	       3.81037	      0.055278	
79.000	       3.81037	      0.055278	
79.500	       6.20766	     0.0552742	
80.000	         8.997	     0.0552705	
80.500	         8.997	     0.0552705	
81.000	       1.93309	     0.0552668	
81.500	       9.30551	     0.0552632	
82.000	       1.89931	     0.0552596	
82.500	       1.89931	     0.0552596	
83.000	       1.03453	      0.055256	
83.500	       3.19242	     0.0552524	
84.000	       3.19242	     0.0552524	
84.500	       1.22208	     0.0552489	
85.000	       1.45583	     0.0552454	
85.500	       3.96266	     0.0552419	
86.000	       3.96266	     0.0552419	
86.500	       2.39904	     0.0552385	
87.000	      0.507568	      0.055235	
87.500	      0.507568	      0.055235	
88.000	       2.54575	     0.0552316	
88.500	      0.652871	     0.0552282	
89.000	       3.92104	     0.0552248	
89.500	       3.92104	     0.0552248	
90.000	       5.04586	     0.0552215	
90.500	       28.1415	     0.0552181	
91.000	       28.1415	     0.0552181	
91.500	       280.234	     0.0552148	
92.000	        27.366	     0.0552114	
92.500	       5.24245	     0.0552081	
93.000	       5.24245	     0.0552081	
93.500	       2.22798	     0.0552048	
94.000	       1.21565	     0.0552015	
94.500	       1.21565	     0.0552015	
95.000	      0.754123	     0.0551982	
95.500	      0.505225	     0.0551948	
96.000	      0.355742	     0.0551915	
96.500	      0.355742	     0.0551915	
97.000	      0.258951	     0.0551882	
97.500	      0.192689	     0.0551849	
98.000	      0.192689	     0.0551849	
98.500	      0.145336	     0.0551816	
99.000	      0.110321	     0.0551783	
99.500	     0.0836987	      0.055175	
100.000	     0.0836987	      0.055175	
100.500	     0.0629827	     0.0551717	
101.000	     0.0465446	     0.0551683	
101.500	     0.0465446	     0.0551683	
102.000	     0.0332809	      0.055165	
102.500	     0.0224267	     0.0551617	
103.000	     0.0224267	     0.0551617	
103.500	     0.0134569	     0.0551583	
104.000	    0.00613696	     0.0551549	
104.500	    0.00309332	     0.0551515	
105.000	    0.00309332	     0.0551515	
105.500	     0.0732163	     0.0551481	
106.000	      0.116663	     0.0551447	
106.500	      0.116663	     0.0551447	
107.000	       0.16131	     0.0551413	
107.500	      0.226869	     0.0551378	
108.000	      0.103867	     0.0551344	
108.500	      0.103867	     0.0551344	
109.000	      0.109873	     0.0551309	
109.500	      0.211914	     0.0551274	
110.000	      0.211914	     0.0551274	
110.500	     0.0486361	     0.0551239	
111.000	      0.102262	     0.0551203	
111.500	      0.102518	     0.0551167	
112.000	      0.102518	     0.0551167	
112.500	      0.150285	     0.0551131	
113.000	     0.0136749	     0.0551095	
113.500	     0.0136749	     0.0551095	
114.000	      0.221382	     0.0551058	
114.500	      0.232683	     0.0551021	
115.000	      0.252033	     0.0550984	
115.500	      0.252033	     0.0550984	
116.000	      0.170448	     0.0550946	
116.500	      0.243359	     0.0550909	
117.000	      0.243359	     0.0550909	
117.500	      0.117175	      0.055087	
118.000	      0.382686	     0.0550832	
118.500	      0.364861	     0.0550793	
119.000	      0.364861	     0.0550793	
119.500	      0.333834	     0.0550753	
120.000	      0.230763	     0.0550714	
120.500	      0.230763	     0.0550714	
121.000	      0.258038	     0.0550673	
121.500	      0.179359	     0.0550633	
122.000	        0.4518	     0.0550592	
122.500	        0.4518	     0.0550592	
123.000	      0.377102	      0.055055	
123.500	      0.463531	     0.0550508	
124.000	      0.463531	     0.0550508	
124.500	      0.298116	     0.0550466	
125.000	      0.275991	     0.0550423	
125.500	      0.275991	     0.0550423	
126.000	      0.293991	      0.055038	
126.500	      0.391892	     0.0550336	
127.000	      0.258771	     0.0550291	
127.500	      0.258771	     0.0550291	
128.000	      0.570447	     0.0550246	
128.500	      0.254219	       0.05502	
129.000	      0.254219	       0.05502	
129.500	      0.419197	     0.0550154	
130.000	      0.609931	     0.0550107	
130.500	      0.575155	      0.055006	
131.000	      0.575155	      0.055006	
131.500	        0.6204	     0.0550012	
132.000	      0.626807	     0.0549963	
132.500	      0.626807	     0.0549963	
133.000	      0.486636	     0.0549914	
133.500	      0.343242	     0.0549864	
134.000	     0.0918496	     0.0549813	
134.500	     0.0918496	     0.0549813	
135.000	      0.204183	     0.0549761	
135.500	      0.205949	     0.0549709	
136.000	      0.205949	     0.0549709	
136.500	      0.305962	     0.0549656	
137.000	      0.581983	     0.0549602	
137.500	      0.346448	     0.0549547	
138.000	      0.346448	     0.0549547	
138.500	     0.0388644	     0.0549492	
139.000	      0.051691	     0.0549436	
139.500	      0.051691	     0.0549436	
140.000	     0.0523178	     0.0549378	
140.500	     0.0523481	      0.054932	
141.000	     0.0523348	     0.0549261	
141.500	     0.0523348	     0.0549261	
142.000	     0.0523381	     0.0549201	
142.500	     0.0523604	      0.054914	
143.000	     0.0523604	      0.054914	
143.500	     0.0523969	     0.0549078	
144.000	     0.0524429	     0.0549016	
144.500	     0.0524951	     0.0548952	
145.000	     0.0524951	     0.0548952	
145.500	     0.0525512	     0.0548887	
146.000	     0.0526095	      0.054882	
146.500	     0.0526095	      0.054882	
147.000	     0.0526688	     0.0548753	
147.500	     0.0527284	     0.0548685	
148.000	     0.0527284	     0.0548685	
148.500	     0.0527877	     0.0548615	
149.000	     0.0528464	     0.0548544	
149.500	     0.0529042	     0.0548472	
150.000	     0.0529042	     0.0548472	
150.500	     0.0529608	     0.0548399	
151.000	     0.0530163	     0.0548324	
151.500	     0.0530163	     0.0548324	
152.000	     0.0530704	     0.0548248	
152.500	     0.0531232	     0.0548171	
153.000	     0.0531746	     0.0548092	
153.500	     0.0531746	     0.0548092	
154.000	     0.0532246	     0.0548012	
154.500	     0.0532732	      0.054793	
155.000	     0.0532732	      0.054793	
155.500	     0.0533204	     0.0547846	
156.000	     0.0533664	     0.0547761	
156.500	      0.053411	     0.0547675	
157.000	      0.053411	     0.0547675	
157.500	     0.0534543	     0.0547587	
158.000	     0.0534964	     0.0547497	
158.500	     0.0534964	     0.0547497	
159.000	     0.0535372	     0.0547405	
159.500	     0.0535769	     0.0547312	
160.000	     0.0536154	     0.0547216	
160.500	     0.0536154	     0.0547216	
161.000	     0.0536528	     0.0547119	
161.500	     0.0536891	      0.054702	
162.000	     0.0536891	      0.054702	
162.500	     0.0537244	     0.0546919	
163.000	     0.0537587	     0.0546815	
163.500	      0.053792	      0.054671	
164.000	      0.053792	      0.054671	
164.500	     0.0538244	     0.0546602	
165.000	     0.0538559	     0.0546492	
165.500	     0.0538559	     0.0546492	
166.000	     0.0538864	      0.054638	
166.500	     0.0539162	     0.0546266	
167.000	     0.0539451	     0.0546149	
167.500	     0.0539451	     0.0546149	
168.000	     0.0539732	     0.0546029	
168.500	     0.0540006	     0.0545907	
169.000	     0.0540006	     0.0545907	
169.500	     0.0540272	     0.0545782	
170.000	     0.0540531	     0.0545654	
170.500	     0.0540531	     0.0545654	
171.000	     0.0540783	     0.0545524	
171.500	     0.0541029	     0.0545391	
172.000	     0.0541268	     0.0545254	
172.500	     0.0541268	     0.0545254	
173.000	     0.0541501	     0.0545115	
173.500	     0.0541727	     0.0544972	
174.000	     0.0541727	     0.0544972	
174.500	     0.0541948	     0.0544826	
175.000	     0.0542164	     0.0544677	
175.500	     0.0542373	     0.0544524	
176.000	     0.0542373	     0.0544524	
176.500	     0.0542578	     0.0544368	
177.000	     0.0542777	     0.0544207	
177.500	     0.0542777	     0.0544207	
178.000	     0.0542972	     0.0544043	
178.500	     0.0543162	     0.0543876	
179.000	     0.0543347	     0.0543703	
179.500	     0.0543347	     0.0543703	
180.000	     0.0543527	     0.0543527	
