
TracePro Release: 3 2 0 
Polar Candela Distribution Data for 
Data covers +/- 180.000 degrees from Normal
Data for Missed Rays
Data generated at 09:42:15 June 25, 2025

	   0.0	 180.0
0.000	       0.22008	       0.22008	
0.500	      0.263511	      0.824906	
1.000	      0.263511	      0.824906	
1.500	      0.269347	      0.220243	
2.000	      0.271237	      0.263834	
2.500	      0.272037	      0.269825	
3.000	      0.272037	      0.269825	
3.500	      0.272413	      0.271858	
4.000	      0.272587	      0.272783	
4.500	      0.272587	      0.272783	
5.000	      0.272653	       0.27325	
5.500	      0.272653	       0.27345	
6.000	       0.27261	      0.273402	
6.500	       0.27261	      0.273402	
7.000	      0.272537	      0.272928	
7.500	      0.272442	      0.271107	
8.000	      0.272442	      0.271107	
8.500	      0.272328	      0.256862	
9.000	      0.272199	       0.45609	
9.500	      0.272057	      0.256887	
10.000	      0.272057	      0.256887	
10.500	      0.271903	      0.271081	
11.000	      0.271737	      0.272604	
11.500	      0.271737	      0.272604	
12.000	      0.271558	      0.271793	
12.500	      0.271368	      0.260812	
13.000	      0.271368	      0.260812	
13.500	      0.271165	      0.418823	
14.000	      0.270949	      0.261204	
14.500	      0.270718	      0.272681	
15.000	      0.270718	      0.272681	
15.500	       0.27047	      0.274327	
16.000	      0.270203	      0.274926	
16.500	      0.270203	      0.274926	
17.000	      0.269912	      0.275229	
17.500	      0.269592	      0.275409	
18.000	      0.269233	      0.275526	
18.500	      0.269233	      0.275526	
19.000	      0.268821	        0.2756	
19.500	       0.26833	      0.275637	
20.000	       0.26833	      0.275637	
20.500	      0.267709	      0.275635	
21.000	      0.266852	      0.275575	
21.500	      0.265502	      0.275413	
22.000	      0.265502	      0.275413	
22.500	       0.26288	      0.275018	
23.000	      0.255627	      0.273883	
23.500	      0.255627	      0.273883	
24.000	      0.203954	      0.266588	
24.500	      0.919846	      0.358766	
25.000	      0.204408	      0.252066	
25.500	      0.204408	      0.252066	
26.000	      0.257515	      0.437425	
26.500	      0.270517	      0.259779	
27.000	      0.270517	      0.259779	
27.500	      0.321698	      0.272905	
28.000	      0.370518	      0.274646	
28.500	      0.320427	      0.274707	
29.000	      0.320427	      0.274707	
29.500	      0.268498	      0.269901	
30.000	      0.257814	      0.343986	
30.500	      0.257814	      0.343986	
31.000	       0.24736	      0.271316	
31.500	      0.222846	      0.281849	
32.000	     0.0506792	      0.215299	
32.500	     0.0506792	      0.215299	
33.000	       2.51262	      0.288369	
33.500	       0.56929	       0.22016	
34.000	       0.56929	       0.22016	
34.500	       0.81405	      0.287382	
35.000	      0.133892	      0.218589	
35.500	      0.133892	      0.218589	
36.000	       1.06396	      0.339484	
36.500	      0.646521	      0.216559	
37.000	       1.20042	      0.332418	
37.500	       1.20042	      0.332418	
38.000	       1.51302	      0.272586	
38.500	       1.94126	      0.275668	
39.000	       1.94126	      0.275668	
39.500	     0.0821213	      0.272493	
40.000	       1.22868	      0.322488	
40.500	       2.26752	      0.272709	
41.000	       2.26752	      0.272709	
41.500	       1.36153	      0.276358	
42.000	       1.56393	       0.27691	
42.500	       1.56393	       0.27691	
43.000	       1.93931	      0.277152	
43.500	      0.128577	      0.277344	
44.000	       2.65258	       0.27761	
44.500	       2.65258	       0.27761	
45.000	       1.07648	      0.278256	
45.500	       2.83732	      0.282684	
46.000	       2.83732	      0.282684	
46.500	      0.245074	      0.221709	
47.000	       2.74046	      0.282745	
47.500	        1.8046	      0.278381	
48.000	        1.8046	      0.278381	
48.500	       2.06382	      0.277806	
49.000	       1.80242	      0.277628	
49.500	       1.80242	      0.277628	
50.000	       2.82972	      0.277558	
50.500	       1.05728	       0.27753	
51.000	       2.76057	       0.27752	
51.500	       2.76057	       0.27752	
52.000	      0.990714	       0.27752	
52.500	        2.0458	      0.277525	
53.000	        2.0458	      0.277525	
53.500	       2.85106	      0.277534	
54.000	       5.58186	      0.277545	
54.500	       2.66074	      0.277556	
55.000	       2.66074	      0.277556	
55.500	      0.803092	      0.277569	
56.000	       6.09573	      0.277582	
56.500	       6.09573	      0.277582	
57.000	       6.69564	      0.277595	
57.500	       2.89647	      0.277608	
58.000	       2.89647	      0.277608	
58.500	       2.23703	      0.277621	
59.000	       3.47455	      0.277634	
59.500	       2.13565	      0.277647	
60.000	       2.13565	      0.277647	
60.500	       1.99291	       0.27766	
61.000	       3.65926	      0.277673	
61.500	       3.65926	      0.277673	
62.000	       3.06466	      0.277685	
62.500	       3.67149	      0.277697	
63.000	       4.14273	      0.277709	
63.500	       4.14273	      0.277709	
64.000	       5.30935	      0.277721	
64.500	       4.11196	      0.277733	
65.000	       4.11196	      0.277733	
65.500	      0.844663	      0.277744	
66.000	       4.30772	      0.277755	
66.500	       1.85812	      0.277766	
67.000	       1.85812	      0.277766	
67.500	       4.67632	      0.277776	
68.000	      0.894213	      0.277787	
68.500	      0.894213	      0.277787	
69.000	       9.26641	      0.277797	
69.500	       8.93515	      0.277807	
70.000	       74.8022	      0.277817	
70.500	       74.8022	      0.277817	
71.000	        705.57	      0.277826	
71.500	       68.6703	      0.277835	
72.000	       68.6703	      0.277835	
72.500	       13.0344	      0.277845	
73.000	       5.46083	      0.277853	
73.500	        2.9245	      0.277862	
74.000	        2.9245	      0.277862	
74.500	       1.81581	       0.27787	
75.000	      0.490679	      0.277879	
75.500	      0.490679	      0.277879	
76.000	      0.815745	      0.277887	
76.500	      0.522501	      0.277894	
77.000	      0.349435	      0.277902	
77.500	      0.349435	      0.277902	
78.000	        0.2284	      0.277909	
78.500	      0.139585	      0.277917	
79.000	      0.139585	      0.277917	
79.500	     0.0723134	      0.277924	
80.000	     0.0200893	       0.27793	
80.500	     0.0200893	       0.27793	
81.000	     0.0212818	      0.277937	
81.500	     0.0546198	      0.277944	
82.000	     0.0818815	       0.27795	
82.500	     0.0818815	       0.27795	
83.000	      0.104461	      0.277956	
83.500	      0.123373	      0.277962	
84.000	      0.123373	      0.277962	
84.500	      0.139372	      0.277967	
85.000	      0.153027	      0.277973	
85.500	      0.164776	      0.277978	
86.000	      0.164776	      0.277978	
86.500	      0.174957	      0.277984	
87.000	      0.183837	      0.277989	
87.500	      0.183837	      0.277989	
88.000	      0.191629	      0.277993	
88.500	      0.198505	      0.277998	
89.000	      0.204602	      0.278003	
89.500	      0.204602	      0.278003	
90.000	      0.210033	      0.278007	
90.500	      0.214893	      0.278011	
91.000	      0.214893	      0.278011	
91.500	      0.219258	      0.278015	
92.000	      0.223194	      0.278019	
92.500	      0.226755	      0.278023	
93.000	      0.226755	      0.278023	
93.500	      0.229988	      0.278026	
94.000	      0.232931	       0.27803	
94.500	      0.232931	       0.27803	
95.000	      0.235618	      0.278033	
95.500	      0.238078	      0.278036	
96.000	      0.240336	      0.278039	
96.500	      0.240336	      0.278039	
97.000	      0.242413	      0.278041	
97.500	      0.244329	      0.278044	
98.000	      0.244329	      0.278044	
98.500	      0.246099	      0.278046	
99.000	      0.247738	      0.278049	
99.500	      0.249258	      0.278051	
100.000	      0.249258	      0.278051	
100.500	      0.250671	      0.278053	
101.000	      0.251987	      0.278055	
101.500	      0.251987	      0.278055	
102.000	      0.253214	      0.278056	
102.500	       0.25436	      0.278058	
103.000	       0.25436	      0.278058	
103.500	      0.255433	      0.278059	
104.000	      0.256437	      0.278061	
104.500	       0.25738	      0.278062	
105.000	       0.25738	      0.278062	
105.500	      0.258265	      0.278063	
106.000	      0.259098	      0.278063	
106.500	      0.259098	      0.278063	
107.000	      0.259882	      0.278064	
107.500	      0.260621	      0.278065	
108.000	      0.261319	      0.278065	
108.500	      0.261319	      0.278065	
109.000	      0.261979	      0.278065	
109.500	      0.262602	      0.278065	
110.000	      0.262602	      0.278065	
110.500	      0.263193	      0.278065	
111.000	      0.263753	      0.278065	
111.500	      0.264284	      0.278064	
112.000	      0.264284	      0.278064	
112.500	      0.264788	      0.278064	
113.000	      0.265268	      0.278063	
113.500	      0.265268	      0.278063	
114.000	      0.265724	      0.278062	
114.500	      0.266158	      0.278061	
115.000	      0.266571	       0.27806	
115.500	      0.266571	       0.27806	
116.000	      0.266965	      0.278059	
116.500	      0.267342	      0.278058	
117.000	      0.267342	      0.278058	
117.500	      0.267701	      0.278056	
118.000	      0.268044	      0.278054	
118.500	      0.268372	      0.278053	
119.000	      0.268372	      0.278053	
119.500	      0.268686	      0.278051	
120.000	      0.268987	      0.278048	
120.500	      0.268987	      0.278048	
121.000	      0.269275	      0.278046	
121.500	      0.269551	      0.278044	
122.000	      0.269815	      0.278041	
122.500	      0.269815	      0.278041	
123.000	      0.270069	      0.278038	
123.500	      0.270313	      0.278035	
124.000	      0.270313	      0.278035	
124.500	      0.270547	      0.278032	
125.000	      0.270773	      0.278029	
125.500	      0.270773	      0.278029	
126.000	      0.270989	      0.278026	
126.500	      0.271198	      0.278022	
127.000	      0.271398	      0.278018	
127.500	      0.271398	      0.278018	
128.000	      0.271591	      0.278015	
128.500	      0.271777	      0.278011	
129.000	      0.271777	      0.278011	
129.500	      0.271957	      0.278006	
130.000	       0.27213	      0.278002	
130.500	      0.272296	      0.277997	
131.000	      0.272296	      0.277997	
131.500	      0.272457	      0.277993	
132.000	      0.272613	      0.277988	
132.500	      0.272613	      0.277988	
133.000	      0.272763	      0.277983	
133.500	      0.272908	      0.277978	
134.000	      0.273048	      0.277972	
134.500	      0.273048	      0.277972	
135.000	      0.273184	      0.277967	
135.500	      0.273315	      0.277961	
136.000	      0.273315	      0.277961	
136.500	      0.273442	      0.277955	
137.000	      0.273565	      0.277949	
137.500	      0.273684	      0.277943	
138.000	      0.273684	      0.277943	
138.500	      0.273799	      0.277936	
139.000	      0.273911	       0.27793	
139.500	      0.273911	       0.27793	
140.000	      0.274019	      0.277923	
140.500	      0.274124	      0.277916	
141.000	      0.274226	      0.277909	
141.500	      0.274226	      0.277909	
142.000	      0.274324	      0.277901	
142.500	       0.27442	      0.277894	
143.000	       0.27442	      0.277894	
143.500	      0.274513	      0.277886	
144.000	      0.274603	      0.277878	
144.500	      0.274691	       0.27787	
145.000	      0.274691	       0.27787	
145.500	      0.274776	      0.277861	
146.000	      0.274858	      0.277853	
146.500	      0.274858	      0.277853	
147.000	      0.274939	      0.277844	
147.500	      0.275017	      0.277835	
148.000	      0.275017	      0.277835	
148.500	      0.275093	      0.277825	
149.000	      0.275167	      0.277816	
149.500	      0.275238	      0.277806	
150.000	      0.275238	      0.277806	
150.500	      0.275308	      0.277796	
151.000	      0.275376	      0.277786	
151.500	      0.275376	      0.277786	
152.000	      0.275443	      0.277775	
152.500	      0.275507	      0.277765	
153.000	       0.27557	      0.277754	
153.500	       0.27557	      0.277754	
154.000	      0.275631	      0.277743	
154.500	       0.27569	      0.277731	
155.000	       0.27569	      0.277731	
155.500	      0.275748	      0.277719	
156.000	      0.275805	      0.277707	
156.500	       0.27586	      0.277695	
157.000	       0.27586	      0.277695	
157.500	      0.275914	      0.277683	
158.000	      0.275966	       0.27767	
158.500	      0.275966	       0.27767	
159.000	      0.276017	      0.277657	
159.500	      0.276067	      0.277643	
160.000	      0.276115	       0.27763	
160.500	      0.276115	       0.27763	
161.000	      0.276163	      0.277616	
161.500	      0.276209	      0.277601	
162.000	      0.276209	      0.277601	
162.500	      0.276254	      0.277587	
163.000	      0.276298	      0.277572	
163.500	      0.276341	      0.277557	
164.000	      0.276341	      0.277557	
164.500	      0.276383	      0.277541	
165.000	      0.276424	      0.277525	
165.500	      0.276424	      0.277525	
166.000	      0.276464	      0.277509	
166.500	      0.276503	      0.277492	
167.000	      0.276542	      0.277475	
167.500	      0.276542	      0.277475	
168.000	      0.276579	      0.277458	
168.500	      0.276615	       0.27744	
169.000	      0.276615	       0.27744	
169.500	      0.276651	      0.277422	
170.000	      0.276686	      0.277404	
170.500	      0.276686	      0.277404	
171.000	       0.27672	      0.277385	
171.500	      0.276753	      0.277366	
172.000	      0.276786	      0.277346	
172.500	      0.276786	      0.277346	
173.000	      0.276817	      0.277326	
173.500	      0.276848	      0.277305	
174.000	      0.276848	      0.277305	
174.500	      0.276879	      0.277284	
175.000	      0.276909	      0.277263	
175.500	      0.276938	      0.277241	
176.000	      0.276938	      0.277241	
176.500	      0.276966	      0.277219	
177.000	      0.276994	      0.277196	
177.500	      0.276994	      0.277196	
178.000	      0.277021	      0.277172	
178.500	      0.277048	      0.277149	
179.000	      0.277074	      0.277124	
179.500	      0.277074	      0.277124	
180.000	      0.277099	      0.277099	
