
TracePro Release: 3 2 0 
Polar Candela Distribution Data for 
Data covers +/- 180.000 degrees from Normal
Data for Missed Rays
Data generated at 09:42:41 June 25, 2025

	   0.0	 180.0
0.000	     0.0471247	     0.0471247	
0.500	     0.0472525	     0.0470838	
1.000	     0.0472525	     0.0470838	
1.500	     0.0475757	     0.0470895	
2.000	     0.0484372	     0.0471274	
2.500	     0.0513578	     0.0471958	
3.000	     0.0513578	     0.0471958	
3.500	     0.0745416	      0.047303	
4.000	      0.254223	     0.0474716	
4.500	      0.254223	     0.0474716	
5.000	     0.0727614	     0.0477526	
5.500	     0.0469414	     0.0482721	
6.000	     0.0379266	     0.0494085	
6.500	     0.0379266	     0.0494085	
7.000	  7.40943e-006	     0.0527863	
7.500	      0.475674	     0.0775428	
8.000	      0.475674	     0.0775428	
8.500	      0.045708	      0.266394	
9.000	      0.514723	     0.0775545	
9.500	      0.013658	     0.0528135	
10.000	      0.013658	     0.0528135	
10.500	     0.0103037	     0.0494607	
11.000	      0.107322	     0.0483688	
11.500	      0.107322	     0.0483688	
12.000	       1.73994	      0.047936	
12.500	      0.669318	      0.047842	
13.000	      0.669318	      0.047842	
13.500	     0.0718195	      0.048144	
14.000	     0.0502643	     0.0496171	
14.500	     0.0912613	     0.0623051	
15.000	     0.0912613	     0.0623051	
15.500	      0.614105	      0.120871	
16.000	       0.71618	     0.0593799	
16.500	       0.71618	     0.0593799	
17.000	    0.00332447	     0.0313424	
17.500	     0.0351799	      0.250042	
18.000	     0.0020233	      0.146808	
18.500	     0.0020233	      0.146808	
19.000	       0.74959	      0.374896	
19.500	      0.639802	     0.0174734	
20.000	      0.639802	     0.0174734	
20.500	      0.164782	      0.041657	
21.000	      0.576875	     0.0450012	
21.500	      0.174574	     0.0465097	
22.000	      0.174574	     0.0465097	
22.500	       0.58702	     0.0484597	
23.000	      0.123115	     0.0599072	
23.500	      0.123115	     0.0599072	
24.000	      0.184025	     0.0964806	
24.500	      0.721382	     0.0599796	
25.000	    0.00501137	     0.0486554	
25.500	    0.00501137	     0.0486554	
26.000	     0.0450462	     0.0469746	
26.500	     0.0574566	     0.0461517	
27.000	     0.0574566	     0.0461517	
27.500	      0.109317	     0.0450893	
28.000	      0.589364	     0.0393856	
28.500	       0.10958	      0.115112	
29.000	       0.10958	      0.115112	
29.500	     0.0579595	     0.0389091	
30.000	     0.0457591	     0.0440434	
30.500	     0.0457591	     0.0440434	
31.000	    0.00272067	     0.0442566	
31.500	      0.668435	     0.0432918	
32.000	    0.00917957	     0.0358829	
32.500	    0.00917957	     0.0358829	
33.000	      0.122788	       0.13694	
33.500	      0.762531	     0.0359155	
34.000	      0.762531	     0.0359155	
34.500	      0.137685	     0.0483497	
35.000	     0.0837535	     0.0487088	
35.500	     0.0837535	     0.0487088	
36.000	      0.125594	      0.130342	
36.500	      0.459941	     0.0382285	
37.000	      0.246982	     0.0924809	
37.500	      0.246982	     0.0924809	
38.000	       1.17467	      0.972078	
38.500	      0.281544	       1.79412	
39.000	      0.281544	       1.79412	
39.500	      0.247779	       1.16498	
40.000	       1.43058	       2.52297	
40.500	       21.1074	        1.9482	
41.000	       21.1074	        1.9482	
41.500	       39.1096	       2.42324	
42.000	       35.5933	      0.505566	
42.500	       35.5933	      0.505566	
43.000	       27.3065	       3.32642	
43.500	         26.93	       2.72193	
44.000	       32.8779	       1.78031	
44.500	       32.8779	       1.78031	
45.000	       34.8713	      0.106853	
45.500	       25.4819	      0.143124	
46.000	       25.4819	      0.143124	
46.500	       23.7518	     0.0304179	
47.000	        18.654	      0.045337	
47.500	       22.9583	    0.00848222	
48.000	       22.9583	    0.00848222	
48.500	       20.6359	     0.0469894	
49.000	       16.8827	     0.0442712	
49.500	       16.8827	     0.0442712	
50.000	       24.9714	     0.0443498	
50.500	       28.5457	     0.0396306	
51.000	       25.9539	      0.162138	
51.500	       25.9539	      0.162138	
52.000	       29.2676	      0.175583	
52.500	       27.5855	     0.0717133	
53.000	       27.5855	     0.0717133	
53.500	       23.8075	     0.0190688	
54.000	        21.397	     0.0594235	
54.500	       20.2416	    0.00871543	
55.000	       20.2416	    0.00871543	
55.500	       22.3193	     0.0526049	
56.000	       18.1112	     0.0478406	
56.500	       18.1112	     0.0478406	
57.000	       19.3195	     0.0471224	
57.500	        15.469	     0.0468799	
58.000	        15.469	     0.0468799	
58.500	       12.9688	     0.0467804	
59.000	        12.833	     0.0467387	
59.500	       14.4511	     0.0467241	
60.000	       14.4511	     0.0467241	
60.500	       9.26379	      0.046723	
61.000	       13.8307	     0.0467287	
61.500	       13.8307	     0.0467287	
62.000	       13.3172	     0.0467375	
62.500	       8.02557	     0.0467473	
63.000	      0.535394	     0.0467566	
63.500	      0.535394	     0.0467566	
64.000	      0.071477	     0.0467643	
64.500	      0.103479	      0.046769	
65.000	      0.103479	      0.046769	
65.500	       1.06721	     0.0467686	
66.000	      0.125722	     0.0467589	
66.500	      0.524727	     0.0467295	
67.000	      0.524727	     0.0467295	
67.500	     0.0260846	     0.0466458	
68.000	     0.0176936	     0.0463384	
68.500	     0.0176936	     0.0463384	
69.000	     0.0211841	      0.043395	
69.500	     0.0104983	     0.0947912	
70.000	     0.0884586	    0.00368291	
70.500	     0.0884586	    0.00368291	
71.000	       1.28649	     0.0537277	
71.500	      0.128241	     0.0163327	
72.000	      0.128241	     0.0163327	
72.500	      0.477714	      0.153522	
73.000	     0.0165693	     0.0334039	
73.500	     0.0201945	     0.0928848	
74.000	     0.0201945	     0.0928848	
74.500	    0.00647634	      0.041757	
75.000	      0.469156	     0.0457783	
75.500	      0.469156	     0.0457783	
76.000	    0.00184355	     0.0464094	
76.500	     0.0331544	     0.0466446	
77.000	     0.0384415	     0.0467611	
77.500	     0.0384415	     0.0467611	
78.000	      0.040449	     0.0468287	
78.500	     0.0414792	     0.0468721	
79.000	     0.0414792	     0.0468721	
79.500	     0.0420926	      0.046902	
80.000	     0.0424876	     0.0469238	
80.500	     0.0424876	     0.0469238	
81.000	     0.0427517	     0.0469404	
81.500	     0.0429292	     0.0469534	
82.000	      0.043045	     0.0469639	
82.500	      0.043045	     0.0469639	
83.000	     0.0431138	     0.0469726	
83.500	     0.0431444	     0.0469798	
84.000	     0.0431444	     0.0469798	
84.500	     0.0431423	      0.046986	
85.000	     0.0431101	     0.0469913	
85.500	      0.043048	     0.0469959	
86.000	      0.043048	     0.0469959	
86.500	     0.0429536	         0.047	
87.000	     0.0428201	     0.0470035	
87.500	     0.0428201	     0.0470035	
88.000	     0.0426329	     0.0470066	
88.500	       0.04236	     0.0470094	
89.000	     0.0419226	     0.0470118	
89.500	     0.0419226	     0.0470118	
90.000	     0.0410852	      0.047014	
90.500	     0.0388376	     0.0470158	
91.000	     0.0388376	     0.0470158	
91.500	     0.0232864	     0.0470175	
92.000	      0.236841	      0.047019	
92.500	       0.02289	     0.0470202	
93.000	       0.02289	     0.0470202	
93.500	     0.0380411	     0.0470213	
94.000	      0.039881	     0.0470223	
94.500	      0.039881	     0.0470223	
95.000	     0.0402988	      0.047023	
95.500	     0.0402993	     0.0470237	
96.000	     0.0401112	     0.0470242	
96.500	     0.0401112	     0.0470242	
97.000	     0.0398039	     0.0470245	
97.500	      0.039395	     0.0470248	
98.000	      0.039395	     0.0470248	
98.500	     0.0388755	     0.0470249	
99.000	     0.0382092	     0.0470249	
99.500	     0.0373097	     0.0470248	
100.000	     0.0373097	     0.0470248	
100.500	     0.0359634	     0.0470246	
101.000	     0.0335308	     0.0470244	
101.500	     0.0335308	     0.0470244	
102.000	     0.0272674	      0.047024	
102.500	     0.0151845	     0.0470235	
103.000	     0.0151845	     0.0470235	
103.500	        0.5659	     0.0470229	
104.000	     0.0163648	     0.0470223	
104.500	     0.0250463	     0.0470215	
105.000	     0.0250463	     0.0470215	
105.500	     0.0306793	     0.0470207	
106.000	     0.0336799	     0.0470198	
106.500	     0.0336799	     0.0470198	
107.000	     0.0401681	     0.0470188	
107.500	     0.0904005	     0.0470177	
108.000	      0.621366	     0.0470165	
108.500	      0.621366	     0.0470165	
109.000	     0.0893645	     0.0470153	
109.500	     0.0424737	      0.047014	
110.000	     0.0424737	      0.047014	
110.500	     0.0865912	     0.0470126	
111.000	       0.68665	     0.0470111	
111.500	     0.0715758	     0.0470095	
112.000	     0.0715758	     0.0470095	
112.500	    0.00688278	     0.0470079	
113.000	     0.0157299	     0.0470062	
113.500	     0.0157299	     0.0470062	
114.000	     0.0801892	     0.0470044	
114.500	      0.899634	     0.0470026	
115.000	       2.85516	     0.0470006	
115.500	       2.85516	     0.0470006	
116.000	        5.0248	     0.0469986	
116.500	       3.95837	     0.0469965	
117.000	       3.95837	     0.0469965	
117.500	       3.40318	     0.0469943	
118.000	       1.64766	     0.0469921	
118.500	       1.10518	     0.0469898	
119.000	       1.10518	     0.0469898	
119.500	       1.47682	     0.0469874	
120.000	      0.977683	     0.0469849	
120.500	      0.977683	     0.0469849	
121.000	       11.3221	     0.0469823	
121.500	       109.082	     0.0469797	
122.000	       10.6413	     0.0469769	
122.500	       10.6413	     0.0469769	
123.000	       1.91996	     0.0469741	
123.500	      0.962138	     0.0469712	
124.000	      0.962138	     0.0469712	
124.500	      0.207779	     0.0469682	
125.000	      0.360863	     0.0469651	
125.500	      0.360863	     0.0469651	
126.000	     0.0861646	      0.046962	
126.500	      0.362951	     0.0469587	
127.000	     0.0560445	     0.0469554	
127.500	     0.0560445	     0.0469554	
128.000	      0.111963	     0.0469519	
128.500	     0.0211144	     0.0469484	
129.000	     0.0211144	     0.0469484	
129.500	     0.0653711	     0.0469448	
130.000	    0.00422924	     0.0469411	
130.500	   0.000824004	     0.0469372	
131.000	   0.000824004	     0.0469372	
131.500	    0.00691636	     0.0469333	
132.000	     0.0120153	     0.0469293	
132.500	     0.0120153	     0.0469293	
133.000	     0.0162351	     0.0469251	
133.500	     0.0197499	     0.0469209	
134.000	     0.0227038	     0.0469165	
134.500	     0.0227038	     0.0469165	
135.000	     0.0252083	     0.0469121	
135.500	     0.0273495	     0.0469075	
136.000	     0.0273495	     0.0469075	
136.500	     0.0291942	     0.0469028	
137.000	     0.0307944	      0.046898	
137.500	     0.0321916	      0.046893	
138.000	     0.0321916	      0.046893	
138.500	     0.0334186	      0.046888	
139.000	      0.034502	     0.0468828	
139.500	      0.034502	     0.0468828	
140.000	     0.0354633	     0.0468774	
140.500	     0.0363202	      0.046872	
141.000	     0.0370873	     0.0468664	
141.500	     0.0370873	     0.0468664	
142.000	     0.0377767	     0.0468606	
142.500	     0.0383986	     0.0468547	
143.000	     0.0383986	     0.0468547	
143.500	     0.0389615	     0.0468487	
144.000	     0.0394727	     0.0468425	
144.500	     0.0399383	     0.0468361	
145.000	     0.0399383	     0.0468361	
145.500	     0.0403635	     0.0468296	
146.000	      0.040753	     0.0468229	
146.500	      0.040753	     0.0468229	
147.000	     0.0411105	      0.046816	
147.500	     0.0414396	      0.046809	
148.000	     0.0414396	      0.046809	
148.500	     0.0417431	     0.0468017	
149.000	     0.0420237	     0.0467943	
149.500	     0.0422835	     0.0467867	
150.000	     0.0422835	     0.0467867	
150.500	     0.0425246	     0.0467789	
151.000	     0.0427488	     0.0467709	
151.500	     0.0427488	     0.0467709	
152.000	     0.0429576	     0.0467627	
152.500	     0.0431523	     0.0467542	
153.000	     0.0433343	     0.0467456	
153.500	     0.0433343	     0.0467456	
154.000	     0.0435045	     0.0467367	
154.500	     0.0436641	     0.0467275	
155.000	     0.0436641	     0.0467275	
155.500	     0.0438138	     0.0467181	
156.000	     0.0439544	     0.0467085	
156.500	     0.0440867	     0.0466986	
157.000	     0.0440867	     0.0466986	
157.500	     0.0442114	     0.0466884	
158.000	     0.0443289	     0.0466779	
158.500	     0.0443289	     0.0466779	
159.000	     0.0444399	     0.0466671	
159.500	     0.0445447	     0.0466561	
160.000	      0.044644	     0.0466447	
160.500	      0.044644	     0.0466447	
161.000	     0.0447379	      0.046633	
161.500	      0.044827	     0.0466209	
162.000	      0.044827	     0.0466209	
162.500	     0.0449115	     0.0466086	
163.000	     0.0449918	     0.0465958	
163.500	     0.0450681	     0.0465827	
164.000	     0.0450681	     0.0465827	
164.500	     0.0451407	     0.0465692	
165.000	     0.0452098	     0.0465553	
165.500	     0.0452098	     0.0465553	
166.000	     0.0452756	     0.0465409	
166.500	     0.0453384	     0.0465261	
167.000	     0.0453983	     0.0465109	
167.500	     0.0453983	     0.0465109	
168.000	     0.0454555	     0.0464952	
168.500	     0.0455102	      0.046479	
169.000	     0.0455102	      0.046479	
169.500	     0.0455625	     0.0464624	
170.000	     0.0456125	     0.0464451	
170.500	     0.0456125	     0.0464451	
171.000	     0.0456604	     0.0464274	
171.500	     0.0457063	      0.046409	
172.000	     0.0457503	     0.0463901	
172.500	     0.0457503	     0.0463901	
173.000	     0.0457924	     0.0463705	
173.500	     0.0458329	     0.0463503	
174.000	     0.0458329	     0.0463503	
174.500	     0.0458718	     0.0463294	
175.000	     0.0459091	     0.0463078	
175.500	      0.045945	     0.0462854	
176.000	      0.045945	     0.0462854	
176.500	     0.0459796	     0.0462623	
177.000	     0.0460128	     0.0462384	
177.500	     0.0460128	     0.0462384	
178.000	     0.0460447	     0.0462136	
178.500	     0.0460755	     0.0461879	
179.000	     0.0461052	     0.0461613	
179.500	     0.0461052	     0.0461613	
180.000	     0.0461338	     0.0461338	
