
TracePro Release: 3 2 0 
Polar Candela Distribution Data for 
Data covers +/- 180.000 degrees from Normal
Data for Missed Rays
Data generated at 09:42:39 June 25, 2025

	   0.0	 180.0
0.000	      0.308472	      0.308472	
0.500	      0.301177	      0.187732	
1.000	      0.301177	      0.187732	
1.500	      0.300367	      0.415804	
2.000	      0.300146	      0.187465	
2.500	      0.300072	      0.401848	
3.000	      0.300072	      0.401848	
3.500	      0.300048	       0.29336	
4.000	      0.300045	      0.306591	
4.500	      0.300045	      0.306591	
5.000	      0.300051	      0.213032	
5.500	      0.300061	      0.307362	
6.000	      0.300073	      0.300573	
6.500	      0.300073	      0.300573	
7.000	      0.300085	       0.29959	
7.500	      0.300096	      0.299195	
8.000	      0.300096	      0.299195	
8.500	      0.300106	      0.298955	
9.000	      0.300114	      0.298769	
9.500	      0.300121	      0.298607	
10.000	      0.300121	      0.298607	
10.500	      0.300126	       0.29846	
11.000	      0.300129	      0.298329	
11.500	      0.300129	      0.298329	
12.000	       0.30013	      0.298234	
12.500	      0.300129	      0.298239	
13.000	      0.300129	      0.298239	
13.500	      0.300126	      0.298634	
14.000	      0.300121	      0.302853	
14.500	      0.300114	      0.240863	
15.000	      0.300114	      0.240863	
15.500	      0.300106	      0.302349	
16.000	      0.300095	      0.297624	
16.500	      0.300095	      0.297624	
17.000	      0.300083	      0.296712	
17.500	      0.300069	      0.296178	
18.000	      0.300052	      0.295725	
18.500	      0.300052	      0.295725	
19.000	      0.300034	      0.295282	
19.500	      0.300014	      0.294823	
20.000	      0.300014	      0.294823	
20.500	      0.299993	      0.294334	
21.000	      0.299969	      0.293805	
21.500	      0.299943	      0.293227	
22.000	      0.299943	      0.293227	
22.500	      0.299916	      0.292593	
23.000	      0.299886	      0.291894	
23.500	      0.299886	      0.291894	
24.000	      0.299855	      0.291118	
24.500	      0.299822	      0.290255	
25.000	      0.299787	      0.289289	
25.500	      0.299787	      0.289289	
26.000	       0.29975	      0.288205	
26.500	      0.299711	      0.286981	
27.000	      0.299711	      0.286981	
27.500	       0.29967	      0.285594	
28.000	      0.299627	      0.284011	
28.500	      0.299582	      0.282196	
29.000	      0.299582	      0.282196	
29.500	      0.299535	        0.2801	
30.000	      0.299486	      0.277662	
30.500	      0.299486	      0.277662	
31.000	      0.299435	      0.274806	
31.500	      0.299382	      0.271428	
32.000	      0.299328	      0.267396	
32.500	      0.299328	      0.267396	
33.000	      0.299271	      0.262527	
33.500	      0.299213	      0.256575	
34.000	      0.299213	      0.256575	
34.500	      0.299153	      0.249193	
35.000	      0.299092	      0.239884	
35.500	      0.299092	      0.239884	
36.000	       0.29903	      0.227914	
36.500	      0.298968	      0.212163	
37.000	      0.298907	      0.190856	
37.500	      0.298907	      0.190856	
38.000	      0.298849	       0.16103	
38.500	      0.298796	      0.117451	
39.000	      0.298796	      0.117451	
39.500	      0.298754	     0.0501362	
40.000	      0.298733	     0.0619581	
40.500	      0.298754	       0.26981	
41.000	      0.298754	       0.26981	
41.500	       0.29887	      0.725647	
42.000	      0.299236	       2.08254	
42.500	      0.299236	       2.08254	
43.000	       0.30052	       12.0344	
43.500	      0.310601	       126.245	
44.000	      0.168901	       12.0344	
44.500	      0.168901	       12.0344	
45.000	       0.31037	       2.08252	
45.500	      0.300058	      0.725614	
46.000	      0.300058	      0.725614	
46.500	      0.298542	      0.269765	
47.000	      0.297943	     0.0619025	
47.500	      0.297593	     0.0502029	
48.000	      0.297593	     0.0502029	
48.500	      0.297335	      0.117529	
49.000	      0.297117	      0.161119	
49.500	      0.297117	      0.161119	
50.000	      0.296918	      0.190956	
50.500	      0.296726	      0.212275	
51.000	      0.296536	      0.228036	
51.500	      0.296536	      0.228036	
52.000	      0.296345	      0.240017	
52.500	       0.29615	      0.249338	
53.000	       0.29615	      0.249338	
53.500	       0.29595	      0.256731	
54.000	      0.295743	      0.262694	
54.500	      0.295529	      0.267574	
55.000	      0.295529	      0.267574	
55.500	      0.295307	      0.271618	
56.000	      0.295075	      0.275007	
56.500	      0.295075	      0.275007	
57.000	      0.294833	      0.277874	
57.500	      0.294579	      0.280323	
58.000	      0.294579	      0.280323	
58.500	      0.294314	       0.28243	
59.000	      0.294034	      0.284256	
59.500	      0.293739	      0.285849	
60.000	      0.293739	      0.285849	
60.500	      0.293427	      0.287248	
61.000	      0.293095	      0.288482	
61.500	      0.293095	      0.288482	
62.000	      0.292741	      0.289576	
62.500	      0.292359	      0.290551	
63.000	      0.291943	      0.291424	
63.500	      0.291943	      0.291424	
64.000	      0.291483	      0.292208	
64.500	      0.290962	      0.292915	
65.000	      0.290962	      0.292915	
65.500	      0.290353	      0.293554	
66.000	      0.289602	      0.294134	
66.500	      0.288595	      0.294663	
67.000	      0.288595	      0.294663	
67.500	       0.28706	      0.295145	
68.000	      0.284176	      0.295587	
68.500	      0.284176	      0.295587	
69.000	      0.276426	      0.295992	
69.500	      0.222288	      0.296364	
70.000	      0.968239	      0.296708	
70.500	      0.968239	      0.296708	
71.000	      0.221512	      0.297025	
71.500	      0.274901	      0.297319	
72.000	      0.274901	      0.297319	
72.500	      0.281825	      0.297591	
73.000	      0.282377	      0.297844	
73.500	      0.245766	       0.29808	
74.000	      0.245766	       0.29808	
74.500	       1.22157	      0.298299	
75.000	       2.09605	      0.298504	
75.500	       2.09605	      0.298504	
76.000	       1.23749	      0.298695	
76.500	      0.240494	      0.298874	
77.000	      0.276473	      0.299042	
77.500	      0.276473	      0.299042	
78.000	      0.273929	      0.299199	
78.500	      0.264171	      0.299347	
79.000	      0.264171	      0.299347	
79.500	      0.200944	      0.299486	
80.000	       1.05877	      0.299617	
80.500	       1.05877	      0.299617	
81.000	       0.19876	       0.29974	
81.500	       0.26069	      0.299857	
82.000	      0.273594	      0.299966	
82.500	      0.273594	      0.299966	
83.000	      0.330777	       0.30007	
83.500	      0.609936	      0.300168	
84.000	      0.609936	      0.300168	
84.500	       1.20881	      0.300261	
85.000	      0.690911	      0.300348	
85.500	       1.13217	      0.300432	
86.000	       1.13217	      0.300432	
86.500	      0.132655	       0.30051	
87.000	       1.20006	      0.300585	
87.500	       1.20006	      0.300585	
88.000	       1.54272	      0.300656	
88.500	       1.20662	      0.300724	
89.000	       0.19383	      0.300787	
89.500	       0.19383	      0.300787	
90.000	      0.300955	      0.300848	
90.500	      0.606487	      0.300906	
91.000	      0.606487	      0.300906	
91.500	      0.266064	      0.300961	
92.000	     0.0148808	      0.301013	
92.500	        2.8242	      0.301063	
93.000	        2.8242	      0.301063	
93.500	       1.76223	       0.30111	
94.000	       1.12491	      0.301155	
94.500	       1.12491	      0.301155	
95.000	     0.0594762	      0.301198	
95.500	       1.13619	      0.301239	
96.000	       1.57717	      0.301277	
96.500	       1.57717	      0.301277	
97.000	      0.336758	      0.301314	
97.500	      0.762673	      0.301349	
98.000	      0.762673	      0.301349	
98.500	       1.12229	      0.301383	
99.000	       1.75475	      0.301415	
99.500	       1.06481	      0.301445	
100.000	       1.06481	      0.301445	
100.500	       2.03104	      0.301474	
101.000	       2.52514	      0.301501	
101.500	       2.52514	      0.301501	
102.000	       2.72618	      0.301527	
102.500	        6.5309	      0.301551	
103.000	        6.5309	      0.301551	
103.500	       3.80013	      0.301575	
104.000	     0.0537096	      0.301597	
104.500	       2.42822	      0.301618	
105.000	       2.42822	      0.301618	
105.500	       2.28702	      0.301638	
106.000	       8.42219	      0.301656	
106.500	       8.42219	      0.301656	
107.000	        9.8714	      0.301674	
107.500	        65.083	       0.30169	
108.000	       650.101	      0.301706	
108.500	       650.101	      0.301706	
109.000	       63.3042	      0.301721	
109.500	       11.9867	      0.301735	
110.000	       11.9867	      0.301735	
110.500	       4.99341	      0.301747	
111.000	       2.64487	      0.301759	
111.500	       1.57426	      0.301771	
112.000	       1.57426	      0.301771	
112.500	      0.996975	      0.301781	
113.000	      0.650343	       0.30179	
113.500	      0.650343	       0.30179	
114.000	      0.425951	      0.301799	
114.500	      0.272375	      0.301807	
115.000	      0.162655	      0.301814	
115.500	      0.162655	      0.301814	
116.000	     0.0815459	      0.301821	
116.500	      0.019896	      0.301827	
117.000	      0.019896	      0.301827	
117.500	     0.0280582	      0.301832	
118.000	     0.0660937	      0.301836	
118.500	     0.0967695	       0.30184	
119.000	     0.0967695	       0.30184	
119.500	      0.121869	      0.301843	
120.000	      0.142667	      0.301845	
120.500	      0.142667	      0.301845	
121.000	      0.160094	      0.301847	
121.500	       0.17484	      0.301848	
122.000	      0.187428	      0.301849	
122.500	      0.187428	      0.301849	
123.000	       0.19826	      0.301849	
123.500	      0.207649	      0.301848	
124.000	      0.207649	      0.301848	
124.500	      0.215839	      0.301846	
125.000	      0.223026	      0.301845	
125.500	      0.223026	      0.301845	
126.000	      0.229368	      0.301842	
126.500	      0.234992	      0.301839	
127.000	      0.240003	      0.301835	
127.500	      0.240003	      0.301835	
128.000	      0.244487	      0.301831	
128.500	      0.248514	      0.301826	
129.000	      0.248514	      0.301826	
129.500	      0.252146	      0.301821	
130.000	      0.255431	      0.301815	
130.500	      0.258414	      0.301808	
131.000	      0.258414	      0.301808	
131.500	      0.261129	      0.301801	
132.000	      0.263608	      0.301793	
132.500	      0.263608	      0.301793	
133.000	      0.265878	      0.301785	
133.500	      0.267961	      0.301776	
134.000	      0.269877	      0.301766	
134.500	      0.269877	      0.301766	
135.000	      0.271645	      0.301756	
135.500	      0.273277	      0.301746	
136.000	      0.273277	      0.301746	
136.500	      0.274789	      0.301734	
137.000	      0.276192	      0.301723	
137.500	      0.277496	       0.30171	
138.000	      0.277496	       0.30171	
138.500	      0.278709	      0.301697	
139.000	      0.279841	      0.301684	
139.500	      0.279841	      0.301684	
140.000	      0.280898	      0.301669	
140.500	      0.281887	      0.301655	
141.000	      0.282813	      0.301639	
141.500	      0.282813	      0.301639	
142.000	      0.283682	      0.301623	
142.500	      0.284498	      0.301606	
143.000	      0.284498	      0.301606	
143.500	      0.285266	      0.301589	
144.000	      0.285989	      0.301571	
144.500	       0.28667	      0.301552	
145.000	       0.28667	      0.301552	
145.500	      0.287313	      0.301533	
146.000	      0.287921	      0.301513	
146.500	      0.287921	      0.301513	
147.000	      0.288496	      0.301492	
147.500	       0.28904	      0.301471	
148.000	       0.28904	      0.301471	
148.500	      0.289556	      0.301448	
149.000	      0.290045	      0.301426	
149.500	       0.29051	      0.301402	
150.000	       0.29051	      0.301402	
150.500	      0.290951	      0.301378	
151.000	      0.291371	      0.301352	
151.500	      0.291371	      0.301352	
152.000	       0.29177	      0.301326	
152.500	      0.292151	        0.3013	
153.000	      0.292514	      0.301272	
153.500	      0.292514	      0.301272	
154.000	       0.29286	      0.301244	
154.500	       0.29319	      0.301214	
155.000	       0.29319	      0.301214	
155.500	      0.293506	      0.301184	
156.000	      0.293807	      0.301153	
156.500	      0.294096	      0.301121	
157.000	      0.294096	      0.301121	
157.500	      0.294372	      0.301088	
158.000	      0.294637	      0.301054	
158.500	      0.294637	      0.301054	
159.000	       0.29489	       0.30102	
159.500	      0.295133	      0.300984	
160.000	      0.295366	      0.300947	
160.500	      0.295366	      0.300947	
161.000	       0.29559	      0.300909	
161.500	      0.295805	       0.30087	
162.000	      0.295805	       0.30087	
162.500	      0.296011	      0.300829	
163.000	       0.29621	      0.300788	
163.500	        0.2964	      0.300745	
164.000	        0.2964	      0.300745	
164.500	      0.296584	      0.300702	
165.000	      0.296761	      0.300657	
165.500	      0.296761	      0.300657	
166.000	      0.296931	       0.30061	
166.500	      0.297095	      0.300562	
167.000	      0.297253	      0.300513	
167.500	      0.297253	      0.300513	
168.000	      0.297406	      0.300463	
168.500	      0.297553	      0.300411	
169.000	      0.297553	      0.300411	
169.500	      0.297694	      0.300357	
170.000	      0.297831	      0.300302	
170.500	      0.297831	      0.300302	
171.000	      0.297963	      0.300246	
171.500	      0.298091	      0.300187	
172.000	      0.298215	      0.300127	
172.500	      0.298215	      0.300127	
173.000	      0.298334	      0.300065	
173.500	      0.298449	      0.300002	
174.000	      0.298449	      0.300002	
174.500	      0.298561	      0.299936	
175.000	      0.298669	      0.299868	
175.500	      0.298773	      0.299799	
176.000	      0.298773	      0.299799	
176.500	      0.298874	      0.299727	
177.000	      0.298972	      0.299653	
177.500	      0.298972	      0.299653	
178.000	      0.299067	      0.299577	
178.500	      0.299158	      0.299498	
179.000	      0.299247	      0.299417	
179.500	      0.299247	      0.299417	
180.000	      0.299334	      0.299334	
