
TracePro Release: 3 2 0 
Polar Candela Distribution Data for 
Data covers +/- 180.000 degrees from Normal
Data for Missed Rays
Data generated at 09:42:38 June 25, 2025

	   0.0	 180.0
0.000	      0.298921	      0.298921	
0.500	      0.298263	      0.299543	
1.000	      0.298263	      0.299543	
1.500	      0.297568	      0.300132	
2.000	      0.296831	      0.300691	
2.500	       0.29605	      0.301221	
3.000	       0.29605	      0.301221	
3.500	      0.295221	      0.301725	
4.000	       0.29434	      0.302204	
4.500	       0.29434	      0.302204	
5.000	      0.293402	       0.30266	
5.500	      0.292403	      0.303093	
6.000	      0.291337	      0.303507	
6.500	      0.291337	      0.303507	
7.000	      0.290197	      0.303901	
7.500	      0.288978	      0.304278	
8.000	      0.288978	      0.304278	
8.500	      0.287671	      0.304637	
9.000	      0.286268	      0.304981	
9.500	      0.284758	       0.30531	
10.000	      0.284758	       0.30531	
10.500	      0.283132	      0.305624	
11.000	      0.281376	      0.305926	
11.500	      0.281376	      0.305926	
12.000	      0.279476	      0.306214	
12.500	      0.277416	      0.306491	
13.000	      0.277416	      0.306491	
13.500	      0.275178	      0.306757	
14.000	       0.27274	      0.307012	
14.500	      0.270078	      0.307257	
15.000	      0.270078	      0.307257	
15.500	      0.267164	      0.307492	
16.000	      0.263964	      0.307718	
16.500	      0.263964	      0.307718	
17.000	      0.260439	      0.307936	
17.500	      0.256545	      0.308145	
18.000	      0.252227	      0.308347	
18.500	      0.252227	      0.308347	
19.000	      0.247421	      0.308541	
19.500	      0.242052	      0.308728	
20.000	      0.242052	      0.308728	
20.500	      0.236027	      0.308909	
21.000	      0.229234	      0.309083	
21.500	      0.221538	      0.309251	
22.000	      0.221538	      0.309251	
22.500	       0.21277	      0.309413	
23.000	      0.202721	       0.30957	
23.500	      0.202721	       0.30957	
24.000	      0.191129	      0.309721	
24.500	      0.177661	      0.309868	
25.000	      0.161886	      0.310009	
25.500	      0.161886	      0.310009	
26.000	      0.143248	      0.310146	
26.500	      0.121007	      0.310278	
27.000	      0.121007	      0.310278	
27.500	     0.0941702	      0.310406	
28.000	     0.0613759	       0.31053	
28.500	     0.0207193	       0.31065	
29.000	     0.0207193	       0.31065	
29.500	     0.0305327	      0.310767	
30.000	     0.0964136	       0.31088	
30.500	     0.0964136	       0.31088	
31.000	      0.183078	      0.310989	
31.500	      0.300298	      0.311095	
32.000	      0.464351	      0.311198	
32.500	      0.464351	      0.311198	
33.000	      0.704016	      0.311298	
33.500	       1.07418	      0.311394	
34.000	       1.07418	      0.311394	
34.500	       1.69054	      0.311489	
35.000	       2.83337	       0.31158	
35.500	       2.83337	       0.31158	
36.000	       5.33962	      0.311668	
36.500	       12.7998	      0.311755	
37.000	       67.5149	      0.311838	
37.500	       67.5149	      0.311838	
38.000	       692.739	       0.31192	
38.500	       67.5149	      0.311999	
39.000	       67.5149	      0.311999	
39.500	       12.7999	      0.312076	
40.000	       5.33972	      0.312151	
40.500	       2.83344	      0.312223	
41.000	       2.83344	      0.312223	
41.500	       1.69048	      0.312294	
42.000	       1.07378	      0.312363	
42.500	       1.07378	      0.312363	
43.000	      0.702775	       0.31243	
43.500	      0.460876	      0.312496	
44.000	      0.289123	      0.312559	
44.500	      0.289123	      0.312559	
45.000	      0.109205	      0.312621	
45.500	      0.923697	      0.312682	
46.000	      0.923697	      0.312682	
46.500	     0.0292791	       0.31274	
47.000	     0.0518103	      0.312798	
47.500	      0.869995	      0.312854	
48.000	      0.869995	      0.312854	
48.500	     0.0638899	      0.312908	
49.000	      0.925612	      0.312961	
49.500	      0.925612	      0.312961	
50.000	     0.0564053	      0.313013	
50.500	      0.142188	      0.313064	
51.000	       0.16774	      0.313113	
51.500	       0.16774	      0.313113	
52.000	       0.18459	      0.313161	
52.500	      0.197712	      0.313208	
53.000	      0.197712	      0.313208	
53.500	      0.208549	      0.313254	
54.000	      0.217747	      0.313298	
54.500	      0.225683	      0.313342	
55.000	      0.225683	      0.313342	
55.500	      0.232604	      0.313385	
56.000	      0.238694	      0.313426	
56.500	      0.238694	      0.313426	
57.000	      0.244095	      0.313467	
57.500	      0.248923	      0.313507	
58.000	      0.248923	      0.313507	
58.500	      0.253283	      0.313545	
59.000	      0.257277	      0.313583	
59.500	      0.261026	       0.31362	
60.000	      0.261026	       0.31362	
60.500	      0.264714	      0.313656	
61.000	      0.268711	      0.313692	
61.500	      0.268711	      0.313692	
62.000	      0.274044	      0.313726	
62.500	      0.285002	       0.31376	
63.000	       0.35184	      0.313793	
63.500	       0.35184	      0.313793	
64.000	      0.549358	      0.313825	
64.500	      0.354914	      0.313857	
65.000	      0.354914	      0.313857	
65.500	      0.291168	      0.313887	
66.000	      0.283341	      0.313917	
66.500	      0.281193	      0.313947	
67.000	      0.281193	      0.313947	
67.500	      0.280445	      0.313976	
68.000	      0.280071	      0.314004	
68.500	      0.280071	      0.314004	
69.000	      0.279671	      0.314031	
69.500	      0.278966	      0.314058	
70.000	      0.277551	      0.314085	
70.500	      0.277551	      0.314085	
71.000	      0.274384	       0.31411	
71.500	      0.265165	      0.314135	
72.000	      0.265165	      0.314135	
72.500	      0.199602	       0.31416	
73.000	       1.10201	      0.314184	
73.500	      0.197703	      0.314208	
74.000	      0.197703	      0.314208	
74.500	      0.261249	      0.314231	
75.000	      0.268196	      0.314253	
75.500	      0.268196	      0.314253	
76.000	      0.268649	      0.314275	
76.500	      0.266615	      0.314297	
77.000	      0.262577	      0.314318	
77.500	      0.262577	      0.314318	
78.000	      0.255583	      0.314339	
78.500	      0.240963	      0.314359	
79.000	      0.240963	      0.314359	
79.500	       0.16724	      0.314379	
80.000	       1.05419	      0.314398	
80.500	       1.05419	      0.314398	
81.000	     0.0761829	      0.314417	
81.500	       1.03159	      0.314435	
82.000	      0.119928	      0.314453	
82.500	      0.119928	      0.314453	
83.000	      0.164624	      0.314471	
83.500	      0.145109	      0.314488	
84.000	      0.145109	      0.314488	
84.500	      0.153961	      0.314505	
85.000	      0.847476	      0.314522	
85.500	      0.128859	      0.314538	
86.000	      0.128859	      0.314538	
86.500	      0.600851	      0.314554	
87.000	        1.8233	      0.314569	
87.500	        1.8233	      0.314569	
88.000	       10.7318	      0.314584	
88.500	       113.016	      0.314599	
89.000	        10.733	      0.314614	
89.500	        10.733	      0.314614	
90.000	        1.8269	      0.314628	
90.500	       0.61252	      0.314642	
91.000	       0.61252	      0.314642	
91.500	      0.204456	      0.314655	
92.000	     0.0182876	      0.314668	
92.500	     0.0822018	      0.314681	
93.000	     0.0822018	      0.314681	
93.500	      0.142625	      0.314694	
94.000	      0.181808	      0.314706	
94.500	      0.181808	      0.314706	
95.000	      0.208683	      0.314718	
95.500	      0.227933	      0.314729	
96.000	      0.242206	      0.314741	
96.500	      0.242206	      0.314741	
97.000	      0.253092	      0.314752	
97.500	      0.261592	      0.314763	
98.000	      0.261592	      0.314763	
98.500	      0.268363	      0.314773	
99.000	       0.27385	      0.314784	
99.500	      0.278362	      0.314794	
100.000	      0.278362	      0.314794	
100.500	      0.282122	      0.314803	
101.000	      0.285291	      0.314813	
101.500	      0.285291	      0.314813	
102.000	      0.287989	      0.314822	
102.500	      0.290309	      0.314831	
103.000	      0.290309	      0.314831	
103.500	      0.292318	       0.31484	
104.000	      0.294073	      0.314849	
104.500	      0.295615	      0.314857	
105.000	      0.295615	      0.314857	
105.500	       0.29698	      0.314865	
106.000	      0.298193	      0.314873	
106.500	      0.298193	      0.314873	
107.000	      0.299279	       0.31488	
107.500	      0.300254	      0.314888	
108.000	      0.301135	      0.314895	
108.500	      0.301135	      0.314895	
109.000	      0.301934	      0.314902	
109.500	       0.30266	      0.314909	
110.000	       0.30266	      0.314909	
110.500	      0.303324	      0.314915	
111.000	      0.303932	      0.314921	
111.500	      0.304491	      0.314928	
112.000	      0.304491	      0.314928	
112.500	      0.305007	      0.314933	
113.000	      0.305484	      0.314939	
113.500	      0.305484	      0.314939	
114.000	      0.305926	      0.314944	
114.500	      0.306337	       0.31495	
115.000	      0.306719	      0.314955	
115.500	      0.306719	      0.314955	
116.000	      0.307077	       0.31496	
116.500	      0.307411	      0.314964	
117.000	      0.307411	      0.314964	
117.500	      0.307724	      0.314969	
118.000	      0.308018	      0.314973	
118.500	      0.308295	      0.314977	
119.000	      0.308295	      0.314977	
119.500	      0.308556	      0.314981	
120.000	      0.308802	      0.314984	
120.500	      0.308802	      0.314984	
121.000	      0.309034	      0.314988	
121.500	      0.309254	      0.314991	
122.000	      0.309463	      0.314994	
122.500	      0.309463	      0.314994	
123.000	      0.309661	      0.314997	
123.500	      0.309849	         0.315	
124.000	      0.309849	         0.315	
124.500	      0.310028	      0.315002	
125.000	      0.310198	      0.315005	
125.500	      0.310198	      0.315005	
126.000	      0.310361	      0.315007	
126.500	      0.310516	      0.315009	
127.000	      0.310664	      0.315011	
127.500	      0.310664	      0.315011	
128.000	      0.310806	      0.315012	
128.500	      0.310941	      0.315014	
129.000	      0.310941	      0.315014	
129.500	      0.311071	      0.315015	
130.000	      0.311196	      0.315016	
130.500	      0.311315	      0.315017	
131.000	      0.311315	      0.315017	
131.500	       0.31143	      0.315017	
132.000	       0.31154	      0.315018	
132.500	       0.31154	      0.315018	
133.000	      0.311646	      0.315018	
133.500	      0.311747	      0.315018	
134.000	      0.311846	      0.315018	
134.500	      0.311846	      0.315018	
135.000	       0.31194	      0.315018	
135.500	      0.312031	      0.315018	
136.000	      0.312031	      0.315018	
136.500	      0.312119	      0.315017	
137.000	      0.312204	      0.315016	
137.500	      0.312285	      0.315015	
138.000	      0.312285	      0.315015	
138.500	      0.312364	      0.315014	
139.000	      0.312441	      0.315013	
139.500	      0.312441	      0.315013	
140.000	      0.312515	      0.315011	
140.500	      0.312586	       0.31501	
141.000	      0.312655	      0.315008	
141.500	      0.312655	      0.315008	
142.000	      0.312722	      0.315006	
142.500	      0.312787	      0.315003	
143.000	      0.312787	      0.315003	
143.500	       0.31285	      0.315001	
144.000	      0.312911	      0.314998	
144.500	       0.31297	      0.314995	
145.000	       0.31297	      0.314995	
145.500	      0.313027	      0.314992	
146.000	      0.313082	      0.314989	
146.500	      0.313082	      0.314989	
147.000	      0.313136	      0.314986	
147.500	      0.313189	      0.314982	
148.000	      0.313189	      0.314982	
148.500	      0.313239	      0.314978	
149.000	      0.313289	      0.314974	
149.500	      0.313337	       0.31497	
150.000	      0.313337	       0.31497	
150.500	      0.313383	      0.314965	
151.000	      0.313429	      0.314961	
151.500	      0.313429	      0.314961	
152.000	      0.313473	      0.314956	
152.500	      0.313516	      0.314951	
153.000	      0.313557	      0.314946	
153.500	      0.313557	      0.314946	
154.000	      0.313598	       0.31494	
154.500	      0.313638	      0.314935	
155.000	      0.313638	      0.314935	
155.500	      0.313676	      0.314929	
156.000	      0.313714	      0.314923	
156.500	       0.31375	      0.314916	
157.000	       0.31375	      0.314916	
157.500	      0.313786	       0.31491	
158.000	       0.31382	      0.314903	
158.500	       0.31382	      0.314903	
159.000	      0.313854	      0.314896	
159.500	      0.313887	      0.314889	
160.000	      0.313919	      0.314881	
160.500	      0.313919	      0.314881	
161.000	       0.31395	      0.314873	
161.500	      0.313981	      0.314865	
162.000	      0.313981	      0.314865	
162.500	       0.31401	      0.314857	
163.000	      0.314039	      0.314849	
163.500	      0.314068	       0.31484	
164.000	      0.314068	       0.31484	
164.500	      0.314095	      0.314831	
165.000	      0.314122	      0.314822	
165.500	      0.314122	      0.314822	
166.000	      0.314149	      0.314812	
166.500	      0.314174	      0.314803	
167.000	      0.314199	      0.314793	
167.500	      0.314199	      0.314793	
168.000	      0.314224	      0.314782	
168.500	      0.314247	      0.314772	
169.000	      0.314247	      0.314772	
169.500	      0.314271	      0.314761	
170.000	      0.314293	       0.31475	
170.500	      0.314293	       0.31475	
171.000	      0.314316	      0.314738	
171.500	      0.314337	      0.314727	
172.000	      0.314358	      0.314715	
172.500	      0.314358	      0.314715	
173.000	      0.314379	      0.314702	
173.500	      0.314399	       0.31469	
174.000	      0.314399	       0.31469	
174.500	      0.314419	      0.314677	
175.000	      0.314438	      0.314663	
175.500	      0.314457	       0.31465	
176.000	      0.314457	       0.31465	
176.500	      0.314475	      0.314636	
177.000	      0.314493	      0.314621	
177.500	      0.314493	      0.314621	
178.000	       0.31451	      0.314606	
178.500	      0.314527	      0.314591	
179.000	      0.314544	      0.314576	
179.500	      0.314544	      0.314576	
180.000	       0.31456	       0.31456	
