
TracePro Release: 3 2 0 
Polar Candela Distribution Data for 
Data covers +/- 180.000 degrees from Normal
Data for Missed Rays
Data generated at 09:44:33 June 30, 2025

	   0.0	 180.0
0.000	     0.0733083	     0.0733083	
0.500	     0.0730864	     0.0735172	
1.000	     0.0730864	     0.0735172	
1.500	     0.0728504	     0.0737142	
2.000	     0.0725992	        0.0739	
2.500	     0.0723315	     0.0740754	
3.000	     0.0723315	     0.0740754	
3.500	     0.0720457	     0.0742413	
4.000	     0.0717403	     0.0743983	
4.500	     0.0717403	     0.0743983	
5.000	     0.0714136	      0.074547	
5.500	     0.0710634	     0.0746879	
6.000	     0.0706876	     0.0748216	
6.500	     0.0706876	     0.0748216	
7.000	     0.0702836	     0.0749485	
7.500	     0.0698487	     0.0750691	
8.000	     0.0698487	     0.0750691	
8.500	     0.0693796	     0.0751838	
9.000	     0.0688727	      0.075293	
9.500	      0.068324	      0.075397	
10.000	      0.068324	      0.075397	
10.500	     0.0677288	      0.075496	
11.000	     0.0670818	     0.0755905	
11.500	     0.0670818	     0.0755905	
12.000	     0.0663769	     0.0756807	
12.500	     0.0656072	     0.0757667	
13.000	     0.0656072	     0.0757667	
13.500	     0.0647646	      0.075849	
14.000	     0.0638397	     0.0759276	
14.500	     0.0628217	     0.0760029	
15.000	     0.0628217	     0.0760029	
15.500	     0.0616977	     0.0760749	
16.000	     0.0604529	     0.0761438	
16.500	     0.0604529	     0.0761438	
17.000	     0.0590696	     0.0762099	
17.500	     0.0575265	     0.0762732	
18.000	     0.0557987	     0.0763339	
18.500	     0.0557987	     0.0763339	
19.000	     0.0538557	     0.0763922	
19.500	     0.0516606	     0.0764482	
20.000	     0.0516606	     0.0764482	
20.500	     0.0491686	     0.0765019	
21.000	     0.0463241	     0.0765536	
21.500	      0.043058	     0.0766032	
22.000	      0.043058	     0.0766032	
22.500	     0.0392836	      0.076651	
23.000	     0.0348907	     0.0766969	
23.500	     0.0348907	     0.0766969	
24.000	     0.0297375	     0.0767412	
24.500	     0.0236395	     0.0767837	
25.000	     0.0163522	     0.0768248	
25.500	     0.0163522	     0.0768248	
26.000	    0.00754715	     0.0768643	
26.500	     0.0032258	     0.0769024	
27.000	     0.0032258	     0.0769024	
27.500	     0.0165969	     0.0769392	
28.000	     0.0334703	     0.0769746	
28.500	     0.0551804	     0.0770088	
29.000	     0.0551804	     0.0770088	
29.500	     0.0837635	     0.0770418	
30.000	      0.122453	     0.0770737	
30.500	      0.122453	     0.0770737	
31.000	      0.176634	     0.0771045	
31.500	      0.255829	     0.0771343	
32.000	        0.3782	      0.077163	
32.500	        0.3782	      0.077163	
33.000	      0.582028	     0.0771909	
33.500	      0.960052	     0.0772177	
34.000	      0.960052	     0.0772177	
34.500	       1.78921	     0.0772437	
35.000	       4.25755	     0.0772689	
35.500	       4.25755	     0.0772689	
36.000	       22.3619	     0.0772933	
36.500	       229.196	     0.0773168	
37.000	       22.3616	     0.0773397	
37.500	       22.3616	     0.0773397	
38.000	         4.257	     0.0773618	
38.500	       1.78837	     0.0773832	
39.000	       1.78837	     0.0773832	
39.500	      0.958925	     0.0774039	
40.000	      0.580611	      0.077424	
40.500	      0.376486	     0.0774435	
41.000	      0.376486	     0.0774435	
41.500	      0.253812	     0.0774624	
42.000	      0.174304	     0.0774807	
42.500	      0.174304	     0.0774807	
43.000	      0.119801	     0.0774985	
43.500	     0.0807787	     0.0775157	
44.000	     0.0518485	     0.0775324	
44.500	     0.0518485	     0.0775324	
45.000	     0.0297759	     0.0775486	
45.500	     0.0125223	     0.0775643	
46.000	     0.0125223	     0.0775643	
46.500	    0.00124915	     0.0775796	
47.000	     0.0124455	     0.0775944	
47.500	        0.0217	     0.0776088	
48.000	        0.0217	     0.0776088	
48.500	     0.0294668	     0.0776228	
49.000	     0.0360786	     0.0776363	
49.500	     0.0360786	     0.0776363	
50.000	     0.0417848	     0.0776495	
50.500	      0.046776	     0.0776623	
51.000	     0.0512013	     0.0776747	
51.500	     0.0512013	     0.0776747	
52.000	     0.0551794	     0.0776868	
52.500	     0.0588077	     0.0776985	
53.000	     0.0588077	     0.0776985	
53.500	     0.0621685	     0.0777099	
54.000	     0.0653336	     0.0777209	
54.500	     0.0683691	     0.0777317	
55.000	     0.0683691	     0.0777317	
55.500	      0.071339	     0.0777421	
56.000	     0.0743094	     0.0777523	
56.500	     0.0743094	     0.0777523	
57.000	     0.0773536	     0.0777621	
57.500	     0.0805592	     0.0777717	
58.000	     0.0805592	     0.0777717	
58.500	     0.0840376	      0.077781	
59.000	     0.0879406	       0.07779	
59.500	     0.0924873	     0.0777988	
60.000	     0.0924873	     0.0777988	
60.500	     0.0980133	     0.0778073	
61.000	      0.105065	     0.0778156	
61.500	      0.105065	     0.0778156	
62.000	      0.114594	     0.0778237	
62.500	      0.128402	     0.0778315	
63.000	      0.150261	     0.0778391	
63.500	      0.150261	     0.0778391	
64.000	       0.18929	     0.0778464	
64.500	      0.272673	     0.0778536	
65.000	      0.272673	     0.0778536	
65.500	      0.516959	     0.0778606	
66.000	       2.29496	     0.0778673	
66.500	       22.3749	     0.0778738	
67.000	       22.3749	     0.0778738	
67.500	       2.30029	     0.0778802	
68.000	      0.527707	     0.0778864	
68.500	      0.527707	     0.0778864	
69.000	      0.289022	     0.0778923	
69.500	      0.211527	     0.0778981	
70.000	      0.178787	     0.0779038	
70.500	      0.178787	     0.0779038	
71.000	      0.163752	     0.0779092	
71.500	      0.157466	     0.0779145	
72.000	      0.157466	     0.0779145	
72.500	      0.156355	     0.0779196	
73.000	      0.158872	     0.0779246	
73.500	      0.164394	     0.0779294	
74.000	      0.164394	     0.0779294	
74.500	      0.172808	      0.077934	
75.000	      0.184368	     0.0779385	
75.500	      0.184368	     0.0779385	
76.000	      0.199672	     0.0779428	
76.500	      0.219736	      0.077947	
77.000	       0.24616	      0.077951	
77.500	       0.24616	      0.077951	
78.000	      0.281464	     0.0779549	
78.500	      0.329699	     0.0779587	
79.000	      0.329699	     0.0779587	
79.500	      0.397659	     0.0779623	
80.000	      0.497387	     0.0779658	
80.500	      0.497387	     0.0779658	
81.000	      0.651883	     0.0779692	
81.500	      0.909655	     0.0779724	
82.000	       1.38824	     0.0779755	
82.500	       1.38824	     0.0779755	
83.000	       2.43866	     0.0779784	
83.500	       5.56687	     0.0779813	
84.000	       5.56687	     0.0779813	
84.500	       28.5148	      0.077984	
85.000	       290.355	     0.0779866	
85.500	        28.513	     0.0779891	
86.000	        28.513	     0.0779891	
86.500	       5.56323	     0.0779914	
87.000	       2.43312	     0.0779937	
87.500	       2.43312	     0.0779937	
88.000	       1.38068	     0.0779958	
88.500	      0.899923	     0.0779978	
89.000	      0.639767	     0.0779997	
89.500	      0.639767	     0.0779997	
90.000	      0.482607	     0.0780015	
90.500	      0.379845	     0.0780031	
91.000	      0.379845	     0.0780031	
91.500	      0.308365	     0.0780047	
92.000	      0.255962	     0.0780062	
92.500	      0.215619	     0.0780075	
93.000	      0.215619	     0.0780075	
93.500	      0.182957	     0.0780087	
94.000	      0.154971	     0.0780099	
94.500	      0.154971	     0.0780099	
95.000	      0.129298	     0.0780109	
95.500	      0.103675	     0.0780118	
96.000	      0.075334	     0.0780126	
96.500	      0.075334	     0.0780126	
97.000	      0.039952	     0.0780133	
97.500	     0.0107871	     0.0780139	
98.000	     0.0107871	     0.0780139	
98.500	     0.0963196	     0.0780144	
99.000	      0.273977	     0.0780147	
99.500	      0.788855	      0.078015	
100.000	      0.788855	      0.078015	
100.500	       4.52634	     0.0780152	
101.000	       47.3234	     0.0780153	
101.500	       47.3234	     0.0780153	
102.000	        4.5363	     0.0780152	
102.500	      0.808998	     0.0780151	
103.000	      0.808998	     0.0780151	
103.500	      0.304718	     0.0780149	
104.000	      0.138322	     0.0780145	
104.500	     0.0649931	     0.0780141	
105.000	     0.0649931	     0.0780141	
105.500	     0.0277356	     0.0780135	
106.000	    0.00753077	     0.0780128	
106.500	    0.00753077	     0.0780128	
107.000	    0.00340048	     0.0780121	
107.500	    0.00866873	     0.0780112	
108.000	     0.0100741	     0.0780102	
108.500	     0.0100741	     0.0780102	
109.000	    0.00852189	     0.0780091	
109.500	    0.00441409	     0.0780079	
110.000	    0.00441409	     0.0780079	
110.500	    0.00217951	     0.0780066	
111.000	     0.0114582	     0.0780052	
111.500	     0.0238948	     0.0780037	
112.000	     0.0238948	     0.0780037	
112.500	     0.0403008	     0.0780021	
113.000	     0.0619688	     0.0780003	
113.500	     0.0619688	     0.0780003	
114.000	      0.090941	     0.0779985	
114.500	      0.130513	     0.0779965	
115.000	      0.186219	     0.0779944	
115.500	      0.186219	     0.0779944	
116.000	      0.267874	     0.0779922	
116.500	      0.394229	     0.0779899	
117.000	      0.394229	     0.0779899	
117.500	      0.604836	     0.0779874	
118.000	      0.995533	     0.0779848	
118.500	       1.85253	     0.0779822	
119.000	       1.85253	     0.0779822	
119.500	       4.40375	     0.0779794	
120.000	       23.1154	     0.0779764	
120.500	       23.1154	     0.0779764	
121.000	        236.88	     0.0779734	
121.500	       23.1154	     0.0779702	
122.000	       4.40371	     0.0779668	
122.500	       4.40371	     0.0779668	
123.000	       1.85247	     0.0779634	
123.500	      0.995409	     0.0779598	
124.000	      0.995409	     0.0779598	
124.500	      0.604626	      0.077956	
125.000	      0.393893	     0.0779522	
125.500	      0.393893	     0.0779522	
126.000	      0.267358	     0.0779482	
126.500	      0.185454	      0.077944	
127.000	       0.12941	     0.0779397	
127.500	       0.12941	     0.0779397	
128.000	     0.0893832	     0.0779352	
128.500	     0.0598065	     0.0779306	
129.000	     0.0598065	     0.0779306	
129.500	     0.0373377	     0.0779258	
130.000	     0.0198715	     0.0779209	
130.500	    0.00602845	     0.0779158	
131.000	    0.00602845	     0.0779158	
131.500	    0.00512646	     0.0779106	
132.000	     0.0142449	     0.0779051	
132.500	     0.0142449	     0.0779051	
133.000	     0.0217925	     0.0778995	
133.500	      0.028109	     0.0778937	
134.000	     0.0334472	     0.0778878	
134.500	     0.0334472	     0.0778878	
135.000	     0.0379981	     0.0778816	
135.500	     0.0419084	     0.0778753	
136.000	     0.0419084	     0.0778753	
136.500	     0.0452921	     0.0778687	
137.000	     0.0482392	      0.077862	
137.500	     0.0508209	      0.077855	
138.000	     0.0508209	      0.077855	
138.500	     0.0530949	     0.0778479	
139.000	     0.0551076	     0.0778405	
139.500	     0.0551076	     0.0778405	
140.000	     0.0568973	     0.0778329	
140.500	     0.0584954	     0.0778251	
141.000	      0.059928	      0.077817	
141.500	      0.059928	      0.077817	
142.000	     0.0612169	     0.0778087	
142.500	     0.0623804	     0.0778002	
143.000	     0.0623804	     0.0778002	
143.500	     0.0634342	     0.0777914	
144.000	     0.0643913	     0.0777823	
144.500	     0.0652632	      0.077773	
145.000	     0.0652632	      0.077773	
145.500	     0.0660594	     0.0777634	
146.000	     0.0667884	     0.0777536	
146.500	     0.0667884	     0.0777536	
147.000	     0.0674574	     0.0777434	
147.500	     0.0680727	     0.0777329	
148.000	     0.0680727	     0.0777329	
148.500	     0.0686397	     0.0777221	
149.000	     0.0691634	      0.077711	
149.500	     0.0696479	     0.0776996	
150.000	     0.0696479	     0.0776996	
150.500	      0.070097	     0.0776878	
151.000	      0.070514	     0.0776757	
151.500	      0.070514	     0.0776757	
152.000	     0.0709018	     0.0776632	
152.500	     0.0712631	     0.0776504	
153.000	     0.0716001	     0.0776371	
153.500	     0.0716001	     0.0776371	
154.000	     0.0719149	     0.0776235	
154.500	     0.0722094	     0.0776094	
155.000	     0.0722094	     0.0776094	
155.500	     0.0724852	      0.077595	
156.000	     0.0727439	     0.0775801	
156.500	     0.0729869	     0.0775647	
157.000	     0.0729869	     0.0775647	
157.500	     0.0732153	     0.0775488	
158.000	     0.0734302	     0.0775325	
158.500	     0.0734302	     0.0775325	
159.000	     0.0736327	     0.0775157	
159.500	     0.0738237	     0.0774983	
160.000	     0.0740041	     0.0774804	
160.500	     0.0740041	     0.0774804	
161.000	     0.0741745	     0.0774619	
161.500	     0.0743357	     0.0774429	
162.000	     0.0743357	     0.0774429	
162.500	     0.0744883	     0.0774232	
163.000	     0.0746329	     0.0774029	
163.500	       0.07477	      0.077382	
164.000	       0.07477	      0.077382	
164.500	     0.0749002	     0.0773604	
165.000	     0.0750238	     0.0773381	
165.500	     0.0750238	     0.0773381	
166.000	     0.0751414	      0.077315	
166.500	     0.0752532	     0.0772912	
167.000	     0.0753596	     0.0772666	
167.500	     0.0753596	     0.0772666	
168.000	      0.075461	     0.0772411	
168.500	     0.0755577	     0.0772148	
169.000	     0.0755577	     0.0772148	
169.500	     0.0756499	     0.0771876	
170.000	     0.0757379	     0.0771594	
170.500	     0.0757379	     0.0771594	
171.000	      0.075822	     0.0771303	
171.500	     0.0759023	     0.0771002	
172.000	     0.0759791	      0.077069	
172.500	     0.0759791	      0.077069	
173.000	     0.0760526	     0.0770366	
173.500	      0.076123	     0.0770032	
174.000	      0.076123	     0.0770032	
174.500	     0.0761904	     0.0769685	
175.000	      0.076255	     0.0769325	
175.500	     0.0763169	     0.0768952	
176.000	     0.0763169	     0.0768952	
176.500	     0.0763763	     0.0768565	
177.000	     0.0764333	     0.0768164	
177.500	     0.0764333	     0.0768164	
178.000	      0.076488	     0.0767747	
178.500	     0.0765406	     0.0767314	
179.000	     0.0765911	     0.0766864	
179.500	     0.0765911	     0.0766864	
180.000	     0.0766397	     0.0766397	
