
TracePro Release: 3 2 0 
Polar Candela Distribution Data for 
Data covers +/- 180.000 degrees from Normal
Data for Missed Rays
Data generated at 09:43:06 June 30, 2025

	   0.0	 180.0
0.000	      0.144221	      0.144221	
0.500	      0.133403	      0.160275	
1.000	      0.133403	      0.160275	
1.500	      0.125702	      0.185959	
2.000	      0.119984	      0.231774	
2.500	      0.115596	      0.328771	
3.000	      0.115596	      0.328771	
3.500	      0.112135	      0.609316	
4.000	      0.109342	       2.62814	
4.500	      0.109342	       2.62814	
5.000	      0.107042	       25.2889	
5.500	      0.105113	       2.65832	
6.000	      0.103468	        0.6759	
6.500	      0.103468	        0.6759	
7.000	      0.102043	      0.447787	
7.500	      0.100786	      0.440752	
8.000	      0.100786	      0.440752	
8.500	     0.0996607	      0.584852	
9.000	      0.098634	       1.11492	
9.500	     0.0976795	       5.14817	
10.000	     0.0976795	       5.14817	
10.500	     0.0967733	       51.0621	
11.000	     0.0958933	       5.14143	
11.500	     0.0958933	       5.14143	
12.000	     0.0950169	       1.10188	
12.500	     0.0941201	      0.568975	
13.000	     0.0941201	      0.568975	
13.500	     0.0931755	      0.446929	
14.000	     0.0921493	      0.844873	
14.500	     0.0909975	       5.93893	
15.000	     0.0909975	       5.93893	
15.500	     0.0896606	      0.768115	
16.000	     0.0880532	      0.263956	
16.500	     0.0880532	      0.263956	
17.000	     0.0860473	      0.184185	
17.500	     0.0834425	      0.151822	
18.000	     0.0799065	      0.133812	
18.500	     0.0799065	      0.133812	
19.000	     0.0748546	      0.121981	
19.500	     0.0671732	       0.11336	
20.000	     0.0671732	       0.11336	
20.500	     0.0545173	      0.106593	
21.000	     0.0312088	      0.100957	
21.500	     0.0197058	      0.096021	
22.000	     0.0197058	      0.096021	
22.500	      0.170953	     0.0914967	
23.000	       1.27933	     0.0871747	
23.500	       1.27933	     0.0871747	
24.000	       14.1193	     0.0828858	
24.500	       1.27958	     0.0784784	
25.000	      0.171457	     0.0738027	
25.500	      0.171457	     0.0738027	
26.000	     0.0204646	     0.0686963	
26.500	     0.0301905	     0.0629695	
27.000	     0.0301905	     0.0629695	
27.500	     0.0532336	      0.056387	
28.000	     0.0656166	     0.0486423	
28.500	     0.0730159	     0.0393202	
29.000	     0.0730159	     0.0393202	
29.500	     0.0777746	     0.0278371	
30.000	     0.0810041	     0.0133442	
30.500	     0.0810041	     0.0133442	
31.000	      0.083287	    0.00544151	
31.500	     0.0849526	     0.0305409	
32.000	     0.0861986	     0.0652993	
32.500	     0.0861986	     0.0652993	
33.000	     0.0871495	      0.115598	
33.500	     0.0878867	      0.192593	
34.000	     0.0878867	      0.192593	
34.500	     0.0884652	      0.319686	
35.000	     0.0889235	      0.553293	
35.500	     0.0889235	      0.553293	
36.000	     0.0892889	       1.06119	
36.500	     0.0895814	       2.56069	
37.000	     0.0898156	       13.4839	
37.500	     0.0898156	       13.4839	
38.000	     0.0900027	       137.948	
38.500	     0.0901512	       13.6127	
39.000	     0.0901512	       13.6127	
39.500	     0.0902677	       2.97472	
40.000	     0.0903572	       3.42023	
40.500	     0.0904239	       23.9229	
41.000	     0.0904239	       23.9229	
41.500	     0.0904709	       2.69302	
42.000	     0.0905008	      0.638163	
42.500	     0.0905008	      0.638163	
43.000	     0.0905157	      0.300849	
43.500	     0.0905173	      0.164427	
44.000	     0.0905068	     0.0911792	
44.500	     0.0905068	     0.0911792	
45.000	     0.0904853	     0.0458197	
45.500	     0.0904539	     0.0152062	
46.000	     0.0904539	     0.0152062	
46.500	      0.090413	    0.00669633	
47.000	     0.0903633	     0.0230556	
47.500	     0.0903052	     0.0356955	
48.000	     0.0903052	     0.0356955	
48.500	     0.0902391	     0.0457402	
49.000	     0.0901651	     0.0539201	
49.500	     0.0901651	     0.0539201	
50.000	     0.0900834	     0.0607306	
50.500	     0.0899941	       0.06652	
51.000	     0.0898971	     0.0715418	
51.500	     0.0898971	     0.0715418	
52.000	     0.0897924	      0.075986	
52.500	       0.08968	     0.0799999	
53.000	       0.08968	     0.0799999	
53.500	     0.0895596	     0.0837019	
54.000	      0.089431	     0.0871909	
54.500	     0.0892939	     0.0905531	
55.000	     0.0892939	     0.0905531	
55.500	     0.0891481	     0.0938682	
56.000	     0.0889931	     0.0972137	
56.500	     0.0889931	     0.0972137	
57.000	     0.0888285	       0.10067	
57.500	     0.0886537	      0.104323	
58.000	     0.0886537	      0.104323	
58.500	     0.0884683	      0.108276	
59.000	     0.0882716	      0.112649	
59.500	      0.088063	      0.117593	
60.000	      0.088063	      0.117593	
60.500	     0.0878415	      0.123308	
61.000	     0.0876064	      0.130057	
61.500	     0.0876064	      0.130057	
62.000	     0.0873567	      0.138206	
62.500	     0.0870914	      0.148273	
63.000	     0.0868092	      0.161021	
63.500	     0.0868092	      0.161021	
64.000	     0.0865089	      0.177611	
64.500	     0.0861889	      0.199884	
65.000	     0.0861889	      0.199884	
65.500	     0.0858478	      0.230907	
66.000	     0.0854836	      0.276103	
66.500	     0.0850944	      0.345823	
67.000	     0.0850944	      0.345823	
67.500	     0.0846779	      0.461899	
68.000	     0.0842317	      0.677253	
68.500	     0.0842317	      0.677253	
69.000	     0.0837529	          1.15	
69.500	     0.0832384	       2.55871	
70.000	     0.0826845	       12.8991	
70.500	     0.0826845	       12.8991	
71.000	     0.0820873	       130.811	
71.500	     0.0814421	       12.8906	
72.000	     0.0814421	       12.8906	
72.500	     0.0807439	       2.53925	
73.000	     0.0799866	       1.11255	
73.500	     0.0791635	       0.60231	
74.000	     0.0791635	       0.60231	
74.500	     0.0782667	      0.277288	
75.000	     0.0772873	      0.639735	
75.500	     0.0772873	      0.639735	
76.000	     0.0762148	       10.4157	
76.500	     0.0750371	      0.754713	
77.000	       0.07374	     0.0150886	
77.500	       0.07374	     0.0150886	
78.000	     0.0723069	      0.102228	
78.500	     0.0707179	      0.122643	
79.000	     0.0707179	      0.122643	
79.500	     0.0689497	      0.127028	
80.000	     0.0669743	      0.126468	
80.500	     0.0669743	      0.126468	
81.000	      0.064758	      0.124302	
81.500	       0.06226	      0.121708	
82.000	     0.0594302	      0.119129	
82.500	     0.0594302	      0.119129	
83.000	     0.0562072	      0.116728	
83.500	     0.0525144	      0.114557	
84.000	     0.0525144	      0.114557	
84.500	     0.0482559	       0.11262	
85.000	     0.0433095	        0.1109	
85.500	     0.0375184	      0.109376	
86.000	     0.0375184	      0.109376	
86.500	     0.0306783	      0.108026	
87.000	     0.0225192	      0.106827	
87.500	     0.0225192	      0.106827	
88.000	     0.0126778	      0.105761	
88.500	   0.000656763	       0.10481	
89.000	     0.0142402	       0.10396	
89.500	     0.0142402	       0.10396	
90.000	     0.0330118	      0.103197	
90.500	     0.0571314	      0.102511	
91.000	     0.0571314	      0.102511	
91.500	     0.0888472	      0.101893	
92.000	      0.131728	      0.101333	
92.500	      0.191719	      0.100826	
93.000	      0.191719	      0.100826	
93.500	      0.279329	      0.100365	
94.000	      0.414599	     0.0999448	
94.500	      0.414599	     0.0999448	
95.000	      0.639774	     0.0995611	
95.500	       1.05719	     0.0992098	
96.000	       1.97241	     0.0988876	
96.500	       1.97241	     0.0988876	
97.000	       4.69638	     0.0985914	
97.500	       24.6733	     0.0983186	
98.000	       24.6733	     0.0983186	
98.500	       252.898	     0.0980668	
99.000	        24.674	      0.097834	
99.500	       4.69777	     0.0976184	
100.000	       4.69777	     0.0976184	
100.500	       1.97457	     0.0974184	
101.000	       1.06019	     0.0972325	
101.500	       1.06019	     0.0972325	
102.000	      0.643773	     0.0970595	
102.500	      0.419785	     0.0968982	
103.000	      0.419785	     0.0968982	
103.500	      0.285994	     0.0967476	
104.000	      0.200301	     0.0966069	
104.500	      0.142906	     0.0964751	
105.000	      0.142906	     0.0964751	
105.500	      0.103737	     0.0963516	
106.000	      0.077721	     0.0962356	
106.500	      0.077721	     0.0962356	
107.000	      0.063283	     0.0961266	
107.500	     0.0638291	      0.096024	
108.000	      0.101101	     0.0959274	
108.500	      0.101101	     0.0959274	
109.000	      0.439565	     0.0958362	
109.500	       4.29255	     0.0957501	
110.000	       4.29255	     0.0957501	
110.500	      0.476849	     0.0956687	
111.000	       0.24177	     0.0955916	
111.500	       1.01699	     0.0955186	
112.000	       1.01699	     0.0955186	
112.500	       10.5012	     0.0954493	
113.000	      0.985106	     0.0953836	
113.500	      0.985106	     0.0953836	
114.000	      0.150122	      0.095321	
114.500	     0.0317968	     0.0952615	
115.000	      0.010403	     0.0952049	
115.500	      0.010403	     0.0952049	
116.000	     0.0311821	     0.0951508	
116.500	     0.0434273	     0.0950993	
117.000	     0.0434273	     0.0950993	
117.500	     0.0515195	       0.09505	
118.000	     0.0573028	     0.0950029	
118.500	     0.0616737	     0.0949578	
119.000	     0.0616737	     0.0949578	
119.500	     0.0651158	     0.0949146	
120.000	     0.0679119	     0.0948732	
120.500	     0.0679119	     0.0948732	
121.000	     0.0702384	     0.0948334	
121.500	     0.0722108	     0.0947952	
122.000	     0.0739085	     0.0947584	
122.500	     0.0739085	     0.0947584	
123.000	     0.0753878	      0.094723	
123.500	     0.0766899	     0.0946889	
124.000	     0.0766899	     0.0946889	
124.500	     0.0778458	      0.094656	
125.000	     0.0788794	     0.0946243	
125.500	     0.0788794	     0.0946243	
126.000	     0.0798094	     0.0945936	
126.500	     0.0806507	      0.094564	
127.000	     0.0814154	     0.0945352	
127.500	     0.0814154	     0.0945352	
128.000	     0.0821134	     0.0945074	
128.500	     0.0827529	     0.0944804	
129.000	     0.0827529	     0.0944804	
129.500	     0.0833407	     0.0944542	
130.000	     0.0838828	     0.0944288	
130.500	      0.084384	      0.094404	
131.000	      0.084384	      0.094404	
131.500	     0.0848487	     0.0943799	
132.000	     0.0852805	     0.0943564	
132.500	     0.0852805	     0.0943564	
133.000	     0.0856826	     0.0943335	
133.500	     0.0860579	     0.0943111	
134.000	     0.0864087	     0.0942892	
134.500	     0.0864087	     0.0942892	
135.000	     0.0867372	     0.0942679	
135.500	     0.0870455	     0.0942469	
136.000	     0.0870455	     0.0942469	
136.500	     0.0873351	     0.0942264	
137.000	     0.0876076	     0.0942063	
137.500	     0.0878644	     0.0941865	
138.000	     0.0878644	     0.0941865	
138.500	     0.0881067	     0.0941671	
139.000	     0.0883356	      0.094148	
139.500	     0.0883356	      0.094148	
140.000	     0.0885521	     0.0941292	
140.500	     0.0887571	     0.0941107	
141.000	     0.0889515	     0.0940924	
141.500	     0.0889515	     0.0940924	
142.000	     0.0891359	     0.0940743	
142.500	     0.0893111	     0.0940565	
143.000	     0.0893111	     0.0940565	
143.500	     0.0894777	     0.0940389	
144.000	     0.0896363	     0.0940214	
144.500	     0.0897873	     0.0940041	
145.000	     0.0897873	     0.0940041	
145.500	     0.0899313	     0.0939869	
146.000	     0.0900687	     0.0939699	
146.500	     0.0900687	     0.0939699	
147.000	     0.0901999	     0.0939529	
147.500	     0.0903253	     0.0939361	
148.000	     0.0903253	     0.0939361	
148.500	     0.0904452	     0.0939193	
149.000	     0.0905599	     0.0939026	
149.500	     0.0906699	      0.093886	
150.000	     0.0906699	      0.093886	
150.500	     0.0907752	     0.0938694	
151.000	     0.0908762	     0.0938528	
151.500	     0.0908762	     0.0938528	
152.000	     0.0909732	     0.0938362	
152.500	     0.0910663	     0.0938197	
153.000	     0.0911557	     0.0938031	
153.500	     0.0911557	     0.0938031	
154.000	     0.0912417	     0.0937864	
154.500	     0.0913245	     0.0937698	
155.000	     0.0913245	     0.0937698	
155.500	     0.0914041	     0.0937531	
156.000	     0.0914808	     0.0937363	
156.500	     0.0915546	     0.0937194	
157.000	     0.0915546	     0.0937194	
157.500	     0.0916259	     0.0937025	
158.000	     0.0916946	     0.0936854	
158.500	     0.0916946	     0.0936854	
159.000	     0.0917609	     0.0936682	
159.500	     0.0918249	     0.0936509	
160.000	     0.0918867	     0.0936335	
160.500	     0.0918867	     0.0936335	
161.000	     0.0919465	     0.0936159	
161.500	     0.0920042	     0.0935982	
162.000	     0.0920042	     0.0935982	
162.500	     0.0920601	     0.0935802	
163.000	     0.0921142	     0.0935621	
163.500	     0.0921666	     0.0935438	
164.000	     0.0921666	     0.0935438	
164.500	     0.0922173	     0.0935252	
165.000	     0.0922664	     0.0935065	
165.500	     0.0922664	     0.0935065	
166.000	     0.0923141	     0.0934874	
166.500	     0.0923603	     0.0934682	
167.000	     0.0924051	     0.0934486	
167.500	     0.0924051	     0.0934486	
168.000	     0.0924487	     0.0934288	
168.500	     0.0924909	     0.0934087	
169.000	     0.0924909	     0.0934087	
169.500	      0.092532	     0.0933882	
170.000	     0.0925719	     0.0933675	
170.500	     0.0925719	     0.0933675	
171.000	     0.0926107	     0.0933463	
171.500	     0.0926484	     0.0933249	
172.000	     0.0926851	      0.093303	
172.500	     0.0926851	      0.093303	
173.000	     0.0927209	     0.0932808	
173.500	     0.0927557	     0.0932581	
174.000	     0.0927557	     0.0932581	
174.500	     0.0927896	      0.093235	
175.000	     0.0928226	     0.0932115	
175.500	     0.0928548	     0.0931875	
176.000	     0.0928548	     0.0931875	
176.500	     0.0928862	      0.093163	
177.000	     0.0929169	      0.093138	
177.500	     0.0929169	      0.093138	
178.000	     0.0929468	     0.0931124	
178.500	      0.092976	     0.0930863	
179.000	     0.0930045	     0.0930597	
179.500	     0.0930045	     0.0930597	
180.000	     0.0930324	     0.0930324	
