
TracePro Release: 3 2 0 
Polar Candela Distribution Data for 
Data covers +/- 180.000 degrees from Normal
Data for Missed Rays
Data generated at 09:43:07 June 30, 2025

	   0.0	 180.0
0.000	      0.201013	      0.201013	
0.500	      0.207512	       0.19194	
1.000	      0.207512	       0.19194	
1.500	       0.21233	      0.178708	
2.000	      0.216006	      0.158293	
2.500	      0.218879	      0.124315	
3.000	      0.218879	      0.124315	
3.500	      0.221171	     0.0612984	
4.000	      0.223032	     0.0770276	
4.500	      0.223032	     0.0770276	
5.000	      0.224568	      0.489399	
5.500	      0.225853	       3.51909	
6.000	      0.226945	       38.6071	
6.500	      0.226945	       38.6071	
7.000	      0.227883	       3.50667	
7.500	        0.2287	      0.451232	
8.000	        0.2287	      0.451232	
8.500	      0.229421	     0.0542323	
9.000	      0.230065	       1.12316	
9.500	      0.230649	         15.42	
10.000	      0.230649	         15.42	
10.500	      0.231187	        17.624	
11.000	       0.23169	       1.13487	
11.500	       0.23169	       1.13487	
12.000	       0.23217	  7.39293e-005	
12.500	      0.232637	      0.131781	
13.000	      0.232637	      0.131781	
13.500	        0.2331	      0.173349	
14.000	      0.233573	      0.192128	
14.500	      0.234066	      0.202463	
15.000	      0.234066	      0.202463	
15.500	      0.234594	      0.208874	
16.000	      0.235177	      0.213166	
16.500	      0.235177	      0.213166	
17.000	      0.235837	       0.21618	
17.500	      0.236608	      0.218359	
18.000	      0.237533	      0.219953	
18.500	      0.237533	      0.219953	
19.000	       0.23868	      0.221113	
19.500	      0.240147	      0.221933	
20.000	      0.240147	      0.221933	
20.500	      0.242091	      0.222471	
21.000	      0.244773	      0.222761	
21.500	      0.248654	       0.22282	
22.000	      0.248654	       0.22282	
22.500	      0.254608	       0.22265	
23.000	      0.264485	      0.222239	
23.500	      0.264485	      0.222239	
24.000	      0.282756	      0.221559	
24.500	      0.322778	      0.220563	
25.000	      0.441853	      0.219177	
25.500	      0.441853	      0.219177	
26.000	       1.31503	      0.217292	
26.500	       10.8174	      0.214739	
27.000	       10.8174	      0.214739	
27.500	       1.31505	      0.211255	
28.000	      0.441885	      0.206423	
28.500	      0.322829	       0.19954	
29.000	      0.322829	       0.19954	
29.500	      0.282825	      0.189364	
30.000	      0.264575	      0.173519	
30.500	      0.264575	      0.173519	
31.000	      0.254723	      0.146998	
31.500	      0.248796	     0.0976658	
32.000	      0.244947	     0.0107198	
32.500	      0.244947	     0.0107198	
33.000	      0.242301	      0.333643	
33.500	      0.240398	        2.7029	
34.000	      0.240398	        2.7029	
34.500	      0.238979	       30.2193	
35.000	      0.237889	       2.70268	
35.500	      0.237889	       2.70268	
36.000	      0.237028	      0.333193	
36.500	      0.236332	     0.0100404	
37.000	      0.235758	     0.0985796	
37.500	      0.235758	     0.0985796	
38.000	      0.235276	      0.148153	
38.500	      0.234863	      0.174925	
39.000	      0.234863	      0.174925	
39.500	      0.234504	      0.191031	
40.000	      0.234187	      0.201483	
40.500	      0.233902	      0.208657	
41.000	      0.233902	      0.208657	
41.500	      0.233644	      0.213801	
42.000	      0.233406	      0.217619	
42.500	      0.233406	      0.217619	
43.000	      0.233185	      0.220535	
43.500	      0.232977	      0.222817	
44.000	      0.232778	      0.224637	
44.500	      0.232778	      0.224637	
45.000	      0.232588	      0.226117	
45.500	      0.232403	      0.227337	
46.000	      0.232403	      0.227337	
46.500	      0.232223	      0.228357	
47.000	      0.232046	      0.229221	
47.500	       0.23187	      0.229961	
48.000	       0.23187	      0.229961	
48.500	      0.231695	      0.230601	
49.000	       0.23152	       0.23116	
49.500	       0.23152	       0.23116	
50.000	      0.231344	      0.231652	
50.500	      0.231165	       0.23209	
51.000	      0.230985	      0.232483	
51.500	      0.230985	      0.232483	
52.000	      0.230801	      0.232837	
52.500	      0.230613	       0.23316	
53.000	      0.230613	       0.23316	
53.500	      0.230421	      0.233457	
54.000	      0.230224	      0.233731	
54.500	      0.230022	      0.233988	
55.000	      0.230022	      0.233988	
55.500	      0.229813	      0.234229	
56.000	      0.229597	      0.234457	
56.500	      0.229597	      0.234457	
57.000	      0.229375	      0.234676	
57.500	      0.229144	      0.234888	
58.000	      0.229144	      0.234888	
58.500	      0.228904	      0.235094	
59.000	      0.228656	      0.235298	
59.500	      0.228397	        0.2355	
60.000	      0.228397	        0.2355	
60.500	      0.228128	      0.235703	
61.000	      0.227847	      0.235909	
61.500	      0.227847	      0.235909	
62.000	      0.227555	       0.23612	
62.500	      0.227249	       0.23634	
63.000	      0.226929	      0.236569	
63.500	      0.226929	      0.236569	
64.000	      0.226594	      0.236812	
64.500	      0.226243	      0.237072	
65.000	      0.226243	      0.237072	
65.500	      0.225875	      0.237353	
66.000	      0.225489	      0.237659	
66.500	      0.225082	      0.237996	
67.000	      0.225082	      0.237996	
67.500	      0.224655	       0.23837	
68.000	      0.224205	      0.238788	
68.500	      0.224205	      0.238788	
69.000	       0.22373	      0.239258	
69.500	      0.223229	      0.239788	
70.000	        0.2227	      0.240383	
70.500	        0.2227	      0.240383	
71.000	       0.22214	      0.241044	
71.500	      0.221547	      0.241749	
72.000	      0.221547	      0.241749	
72.500	      0.220918	      0.242424	
73.000	       0.22025	      0.242844	
73.500	      0.219541	      0.242313	
74.000	      0.219541	      0.242313	
74.500	      0.218785	      0.238366	
75.000	       0.21798	      0.219225	
75.500	       0.21798	      0.219225	
76.000	      0.217121	     0.0377431	
76.500	      0.216203	       2.72966	
77.000	       0.21522	     0.0896749	
77.500	       0.21522	     0.0896749	
78.000	      0.214166	       0.35604	
78.500	      0.213034	      0.602325	
79.000	      0.213034	      0.602325	
79.500	      0.211816	        2.2249	
80.000	      0.210503	       20.1936	
80.500	      0.210503	       20.1936	
81.000	      0.209085	       2.23112	
81.500	       0.20755	      0.618703	
82.000	      0.205886	      0.399536	
82.500	      0.205886	      0.399536	
83.000	      0.204077	      0.326212	
83.500	      0.202106	      0.292934	
84.000	      0.202106	      0.292934	
84.500	      0.199953	      0.275076	
85.000	      0.197595	      0.264404	
85.500	      0.195005	       0.25753	
86.000	      0.195005	       0.25753	
86.500	      0.192152	      0.252847	
87.000	      0.188998	      0.249518	
87.500	      0.188998	      0.249518	
88.000	        0.1855	      0.247068	
88.500	      0.181606	      0.245214	
89.000	      0.177254	      0.243779	
89.500	      0.177254	      0.243779	
90.000	      0.172369	      0.242645	
90.500	      0.166861	      0.241734	
91.000	      0.166861	      0.241734	
91.500	      0.160618	      0.240992	
92.000	      0.153503	       0.24038	
92.500	      0.145348	      0.239869	
93.000	      0.145348	      0.239869	
93.500	      0.135938	      0.239438	
94.000	      0.125002	      0.239071	
94.500	      0.125002	      0.239071	
95.000	      0.112192	      0.238757	
95.500	     0.0970533	      0.238485	
96.000	     0.0789848	      0.238249	
96.500	     0.0789848	      0.238249	
97.000	     0.0571787	      0.238042	
97.500	     0.0305283	       0.23786	
98.000	     0.0305283	       0.23786	
98.500	    0.00251624	      0.237699	
99.000	     0.0441776	      0.237555	
99.500	     0.0977366	      0.237427	
100.000	     0.0977366	      0.237427	
100.500	      0.168199	      0.237312	
101.000	      0.263513	      0.237208	
101.500	      0.263513	      0.237208	
102.000	      0.396917	      0.237114	
102.500	      0.591819	      0.237029	
103.000	      0.591819	      0.237029	
103.500	      0.892861	      0.236951	
104.000	       1.39415	       0.23688	
104.500	       2.32363	      0.236815	
105.000	       2.32363	      0.236815	
105.500	       4.36205	      0.236754	
106.000	       10.4297	      0.236699	
106.500	       10.4297	      0.236699	
107.000	        54.932	      0.236647	
107.500	       563.417	      0.236599	
108.000	        54.932	      0.236554	
108.500	        54.932	      0.236554	
109.000	       10.4297	      0.236512	
109.500	       4.36204	      0.236473	
110.000	       4.36204	      0.236473	
110.500	       2.32363	      0.236436	
111.000	       1.39414	      0.236401	
111.500	      0.892854	      0.236368	
112.000	      0.892854	      0.236368	
112.500	       0.59181	      0.236336	
113.000	      0.396907	      0.236306	
113.500	      0.396907	      0.236306	
114.000	      0.263501	      0.236278	
114.500	      0.168186	       0.23625	
115.000	     0.0977228	      0.236224	
115.500	     0.0977228	      0.236224	
116.000	     0.0441626	      0.236199	
116.500	    0.00249999	      0.236174	
117.000	    0.00249999	      0.236174	
117.500	     0.0305457	      0.236151	
118.000	     0.0571974	      0.236128	
118.500	     0.0790047	      0.236106	
119.000	     0.0790047	      0.236106	
119.500	     0.0970744	      0.236084	
120.000	      0.112215	      0.236063	
120.500	      0.112215	      0.236063	
121.000	      0.125026	      0.236043	
121.500	      0.135963	      0.236023	
122.000	      0.145374	      0.236003	
122.500	      0.145374	      0.236003	
123.000	       0.15353	      0.235983	
123.500	      0.160646	      0.235964	
124.000	      0.160646	      0.235964	
124.500	       0.16689	      0.235945	
125.000	        0.1724	      0.235926	
125.500	        0.1724	      0.235926	
126.000	      0.177286	      0.235908	
126.500	      0.181639	      0.235889	
127.000	      0.185534	      0.235871	
127.500	      0.185534	      0.235871	
128.000	      0.189033	      0.235852	
128.500	      0.192187	      0.235834	
129.000	      0.192187	      0.235834	
129.500	      0.195042	      0.235816	
130.000	      0.197633	      0.235797	
130.500	      0.199991	      0.235779	
131.000	      0.199991	      0.235779	
131.500	      0.202145	      0.235761	
132.000	      0.204117	      0.235742	
132.500	      0.204117	      0.235742	
133.000	      0.205927	      0.235724	
133.500	      0.207592	      0.235705	
134.000	      0.209127	      0.235687	
134.500	      0.209127	      0.235687	
135.000	      0.210546	      0.235668	
135.500	      0.211859	      0.235649	
136.000	      0.211859	      0.235649	
136.500	      0.213078	      0.235629	
137.000	       0.21421	       0.23561	
137.500	      0.215265	       0.23559	
138.000	      0.215265	       0.23559	
138.500	      0.216248	       0.23557	
139.000	      0.217167	       0.23555	
139.500	      0.217167	       0.23555	
140.000	      0.218026	       0.23553	
140.500	      0.218831	      0.235509	
141.000	      0.219586	      0.235488	
141.500	      0.219586	      0.235488	
142.000	      0.220295	      0.235467	
142.500	      0.220963	      0.235446	
143.000	      0.220963	      0.235446	
143.500	      0.221591	      0.235424	
144.000	      0.222183	      0.235402	
144.500	      0.222743	      0.235379	
145.000	      0.222743	      0.235379	
145.500	      0.223271	      0.235356	
146.000	      0.223771	      0.235333	
146.500	      0.223771	      0.235333	
147.000	      0.224244	      0.235309	
147.500	      0.224693	      0.235285	
148.000	      0.224693	      0.235285	
148.500	      0.225118	       0.23526	
149.000	      0.225522	      0.235235	
149.500	      0.225906	      0.235209	
150.000	      0.225906	      0.235209	
150.500	      0.226272	      0.235183	
151.000	      0.226619	      0.235156	
151.500	      0.226619	      0.235156	
152.000	      0.226951	      0.235129	
152.500	      0.227267	      0.235102	
153.000	      0.227568	      0.235073	
153.500	      0.227568	      0.235073	
154.000	      0.227856	      0.235045	
154.500	      0.228131	      0.235015	
155.000	      0.228131	      0.235015	
155.500	      0.228393	      0.234985	
156.000	      0.228645	      0.234954	
156.500	      0.228886	      0.234923	
157.000	      0.228886	      0.234923	
157.500	      0.229116	      0.234891	
158.000	      0.229337	      0.234858	
158.500	      0.229337	      0.234858	
159.000	       0.22955	      0.234824	
159.500	      0.229753	       0.23479	
160.000	      0.229948	      0.234755	
160.500	      0.229948	      0.234755	
161.000	      0.230136	      0.234719	
161.500	      0.230317	      0.234682	
162.000	      0.230317	      0.234682	
162.500	       0.23049	      0.234645	
163.000	      0.230657	      0.234606	
163.500	      0.230818	      0.234567	
164.000	      0.230818	      0.234567	
164.500	      0.230972	      0.234526	
165.000	      0.231121	      0.234485	
165.500	      0.231121	      0.234485	
166.000	      0.231265	      0.234443	
166.500	      0.231404	      0.234399	
167.000	      0.231537	      0.234355	
167.500	      0.231537	      0.234355	
168.000	      0.231667	      0.234309	
168.500	      0.231791	      0.234262	
169.000	      0.231791	      0.234262	
169.500	      0.231911	      0.234214	
170.000	      0.232028	      0.234165	
170.500	      0.232028	      0.234165	
171.000	       0.23214	      0.234114	
171.500	      0.232249	      0.234062	
172.000	      0.232354	      0.234009	
172.500	      0.232354	      0.234009	
173.000	      0.232456	      0.233954	
173.500	      0.232554	      0.233898	
174.000	      0.232554	      0.233898	
174.500	       0.23265	       0.23384	
175.000	      0.232742	      0.233781	
175.500	      0.232832	       0.23372	
176.000	      0.232832	       0.23372	
176.500	      0.232918	      0.233657	
177.000	      0.233003	      0.233592	
177.500	      0.233003	      0.233592	
178.000	      0.233084	      0.233526	
178.500	      0.233163	      0.233458	
179.000	       0.23324	      0.233387	
179.500	       0.23324	      0.233387	
180.000	      0.233315	      0.233315	
