
TracePro Release: 3 2 0 
Polar Candela Distribution Data for 
Data covers +/- 180.000 degrees from Normal
Data for Missed Rays
Data generated at 09:38:09 June 25, 2025

	   0.0	 180.0
0.000	      0.240143	      0.240143	
0.500	      0.274607	      0.215523	
1.000	      0.274607	      0.215523	
1.500	      0.324978	      0.197315	
2.000	      0.402819	      0.183461	
2.500	      0.532501	       0.17266	
3.000	      0.532501	       0.17266	
3.500	      0.773065	       0.16406	
4.000	       1.30082	       0.15708	
4.500	       1.30082	       0.15708	
5.000	       2.87219	      0.151313	
5.500	       14.3993	      0.146465	
6.000	       145.789	      0.142316	
6.500	       145.789	      0.142316	
7.000	       14.4867	        0.1387	
7.500	       2.86544	      0.135481	
8.000	       2.86544	      0.135481	
8.500	       1.30898	      0.132551	
9.000	      0.664722	      0.129816	
9.500	      0.562773	      0.127205	
10.000	      0.562773	      0.127205	
10.500	     0.0357597	      0.124691	
11.000	      0.830998	      0.122452	
11.500	      0.830998	      0.122452	
12.000	     0.0459153	      0.121898	
12.500	      0.681345	       0.14523	
13.000	      0.681345	       0.14523	
13.500	      0.202844	      0.324702	
14.000	      0.209499	      0.455933	
14.500	     0.0212173	    0.00288416	
15.000	     0.0212173	    0.00288416	
15.500	       1.31743	       1.26087	
16.000	      0.298275	       2.39102	
16.500	      0.298275	       2.39102	
17.000	       1.11607	      0.509598	
17.500	      0.616125	       1.46826	
18.000	      0.186767	       16.4032	
18.500	      0.186767	       16.4032	
19.000	      0.140275	       2.43349	
19.500	      0.133784	       1.52093	
20.000	      0.133784	       1.52093	
20.500	      0.124683	       1.13513	
21.000	      0.359058	       1.24256	
21.500	      0.601709	       2.15641	
22.000	      0.601709	       2.15641	
22.500	      0.205842	       1.67725	
23.000	     0.0741072	       2.25193	
23.500	     0.0741072	       2.25193	
24.000	       0.25225	       2.42467	
24.500	      0.530303	        2.6368	
25.000	      0.683796	       2.61958	
25.500	      0.683796	       2.61958	
26.000	      0.739579	      0.641002	
26.500	      0.702482	       1.77576	
27.000	      0.702482	       1.77576	
27.500	      0.686855	       2.87005	
28.000	      0.158641	       2.32697	
28.500	      0.114946	       1.96185	
29.000	      0.114946	       1.96185	
29.500	      0.780839	       2.35386	
30.000	      0.438194	       2.11419	
30.500	      0.438194	       2.11419	
31.000	      0.627355	      0.356825	
31.500	      0.576203	      0.243988	
32.000	       6.21337	      0.727626	
32.500	       6.21337	      0.727626	
33.000	      0.530539	      0.860647	
33.500	     0.0480489	      0.859245	
34.000	     0.0480489	      0.859245	
34.500	     0.0131889	       6.44333	
35.000	     0.0330627	       1.11789	
35.500	     0.0330627	       1.11789	
36.000	      0.147906	      0.018967	
36.500	      0.882367	      0.274242	
37.000	      0.959127	      0.100182	
37.500	      0.959127	      0.100182	
38.000	      0.857536	      0.409597	
38.500	      0.086159	      0.112873	
39.000	      0.086159	      0.112873	
39.500	       0.47602	      0.133073	
40.000	      0.780467	     0.0436306	
40.500	       1.16597	      0.131484	
41.000	       1.16597	      0.131484	
41.500	       2.12541	      0.124104	
42.000	       2.31455	      0.122445	
42.500	       2.31455	      0.122445	
43.000	       2.36001	      0.121527	
43.500	       1.84707	      0.120892	
44.000	       3.58908	      0.120415	
44.500	       3.58908	      0.120415	
45.000	       3.32044	      0.120039	
45.500	       3.08708	      0.119736	
46.000	       3.08708	      0.119736	
46.500	       2.38175	      0.119487	
47.000	       3.52153	      0.119279	
47.500	     0.0181836	      0.119104	
48.000	     0.0181836	      0.119104	
48.500	       6.15459	      0.118954	
49.000	       5.72573	      0.118825	
49.500	       5.72573	      0.118825	
50.000	       43.0166	      0.118714	
50.500	       418.046	      0.118617	
51.000	       42.3518	      0.118533	
51.500	       42.3518	      0.118533	
52.000	       5.89001	       0.11846	
52.500	       4.58367	      0.118397	
53.000	       4.58367	      0.118397	
53.500	      0.775627	      0.118343	
54.000	       2.70908	      0.118298	
54.500	       1.47674	      0.118263	
55.000	       1.47674	      0.118263	
55.500	       5.92098	      0.118241	
56.000	       4.04592	      0.118237	
56.500	       4.04592	      0.118237	
57.000	       3.72022	      0.118269	
57.500	       9.25224	      0.118386	
58.000	       9.25224	      0.118386	
58.500	       3.12692	      0.118808	
59.000	       2.37604	      0.122305	
59.500	       6.29067	      0.066826	
60.000	       6.29067	      0.066826	
60.500	       5.44163	      0.177129	
61.000	        4.1814	     0.0213526	
61.500	        4.1814	     0.0213526	
62.000	       1.57808	       0.17093	
62.500	       1.52835	      0.114987	
63.000	       5.38466	      0.117651	
63.500	       5.38466	      0.117651	
64.000	       4.05252	      0.117833	
64.500	       3.45884	       0.11785	
65.000	       3.45884	       0.11785	
65.500	       3.94835	      0.117839	
66.000	       13.0959	      0.117824	
66.500	       1.78851	      0.117808	
67.000	       1.78851	      0.117808	
67.500	       1.67109	      0.117793	
68.000	       1.96143	      0.117779	
68.500	       1.96143	      0.117779	
69.000	       1.34165	      0.117767	
69.500	      0.962965	      0.117756	
70.000	      0.632484	      0.117746	
70.500	      0.632484	      0.117746	
71.000	      0.205396	      0.117736	
71.500	      0.462896	      0.117728	
72.000	      0.462896	      0.117728	
72.500	      0.173156	      0.117721	
73.000	      0.103842	      0.117714	
73.500	     0.0295697	      0.117708	
74.000	     0.0295697	      0.117708	
74.500	      0.196191	      0.117703	
75.000	     0.0382819	      0.117699	
75.500	     0.0382819	      0.117699	
76.000	     0.0937237	      0.117696	
76.500	     0.0928198	      0.117694	
77.000	     0.0941737	      0.117693	
77.500	     0.0941737	      0.117693	
78.000	     0.0955596	      0.117693	
78.500	      0.096851	      0.117695	
79.000	      0.096851	      0.117695	
79.500	     0.0980364	        0.1177	
80.000	     0.0991226	      0.117708	
80.500	     0.0991226	      0.117708	
81.000	      0.100119	      0.117722	
81.500	      0.101036	      0.117742	
82.000	      0.101881	      0.117776	
82.500	      0.101881	      0.117776	
83.000	      0.102662	      0.117833	
83.500	      0.103386	      0.117937	
84.000	      0.103386	      0.117937	
84.500	      0.104058	       0.11816	
85.000	      0.104684	        0.1188	
85.500	      0.105267	      0.123329	
86.000	      0.105267	      0.123329	
86.500	      0.105812	     0.0612847	
87.000	      0.106323	      0.123698	
87.500	      0.106323	      0.123698	
88.000	      0.106801	      0.120058	
88.500	       0.10725	      0.126273	
89.000	      0.107672	     0.0210958	
89.500	      0.107672	     0.0210958	
90.000	       0.10807	      0.170938	
90.500	      0.108445	      0.115126	
91.000	      0.108445	      0.115126	
91.500	      0.108799	      0.117584	
92.000	      0.109133	      0.117703	
92.500	       0.10945	      0.117695	
93.000	       0.10945	      0.117695	
93.500	      0.109749	      0.117674	
94.000	      0.110034	      0.117654	
94.500	      0.110034	      0.117654	
95.000	      0.110303	      0.117638	
95.500	       0.11056	      0.117625	
96.000	      0.110803	      0.117615	
96.500	      0.110803	      0.117615	
97.000	      0.111035	      0.117606	
97.500	      0.111256	      0.117599	
98.000	      0.111256	      0.117599	
98.500	      0.111467	      0.117592	
99.000	      0.111668	      0.117587	
99.500	      0.111859	      0.117582	
100.000	      0.111859	      0.117582	
100.500	      0.112042	      0.117577	
101.000	      0.112218	      0.117573	
101.500	      0.112218	      0.117573	
102.000	      0.112385	      0.117569	
102.500	      0.112545	      0.117566	
103.000	      0.112545	      0.117566	
103.500	      0.112699	      0.117563	
104.000	      0.112846	       0.11756	
104.500	      0.112987	      0.117557	
105.000	      0.112987	      0.117557	
105.500	      0.113123	      0.117554	
106.000	      0.113253	      0.117552	
106.500	      0.113253	      0.117552	
107.000	      0.113378	      0.117549	
107.500	      0.113498	      0.117547	
108.000	      0.113613	      0.117544	
108.500	      0.113613	      0.117544	
109.000	      0.113724	      0.117542	
109.500	      0.113831	       0.11754	
110.000	      0.113831	       0.11754	
110.500	      0.113934	      0.117538	
111.000	      0.114033	      0.117536	
111.500	      0.114129	      0.117533	
112.000	      0.114129	      0.117533	
112.500	      0.114221	      0.117531	
113.000	       0.11431	      0.117529	
113.500	       0.11431	      0.117529	
114.000	      0.114396	      0.117527	
114.500	      0.114479	      0.117525	
115.000	      0.114559	      0.117523	
115.500	      0.114559	      0.117523	
116.000	      0.114636	      0.117521	
116.500	      0.114711	      0.117519	
117.000	      0.114711	      0.117519	
117.500	      0.114783	      0.117517	
118.000	      0.114853	      0.117515	
118.500	      0.114921	      0.117513	
119.000	      0.114921	      0.117513	
119.500	      0.114986	      0.117511	
120.000	      0.115049	      0.117509	
120.500	      0.115049	      0.117509	
121.000	      0.115111	      0.117507	
121.500	       0.11517	      0.117504	
122.000	      0.115228	      0.117502	
122.500	      0.115228	      0.117502	
123.000	      0.115284	        0.1175	
123.500	      0.115338	      0.117498	
124.000	      0.115338	      0.117498	
124.500	      0.115391	      0.117496	
125.000	      0.115441	      0.117493	
125.500	      0.115441	      0.117493	
126.000	      0.115491	      0.117491	
126.500	      0.115539	      0.117489	
127.000	      0.115586	      0.117487	
127.500	      0.115586	      0.117487	
128.000	      0.115631	      0.117484	
128.500	      0.115675	      0.117482	
129.000	      0.115675	      0.117482	
129.500	      0.115718	       0.11748	
130.000	      0.115759	      0.117477	
130.500	        0.1158	      0.117475	
131.000	        0.1158	      0.117475	
131.500	      0.115839	      0.117472	
132.000	      0.115877	       0.11747	
132.500	      0.115877	       0.11747	
133.000	      0.115915	      0.117467	
133.500	      0.115951	      0.117464	
134.000	      0.115986	      0.117462	
134.500	      0.115986	      0.117462	
135.000	       0.11602	      0.117459	
135.500	      0.116054	      0.117456	
136.000	      0.116054	      0.117456	
136.500	      0.116086	      0.117453	
137.000	      0.116118	      0.117451	
137.500	      0.116149	      0.117448	
138.000	      0.116149	      0.117448	
138.500	      0.116179	      0.117445	
139.000	      0.116209	      0.117442	
139.500	      0.116209	      0.117442	
140.000	      0.116237	      0.117439	
140.500	      0.116265	      0.117436	
141.000	      0.116292	      0.117433	
141.500	      0.116292	      0.117433	
142.000	      0.116319	      0.117429	
142.500	      0.116345	      0.117426	
143.000	      0.116345	      0.117426	
143.500	       0.11637	      0.117423	
144.000	      0.116395	       0.11742	
144.500	      0.116419	      0.117416	
145.000	      0.116419	      0.117416	
145.500	      0.116443	      0.117413	
146.000	      0.116466	      0.117409	
146.500	      0.116466	      0.117409	
147.000	      0.116488	      0.117406	
147.500	       0.11651	      0.117402	
148.000	       0.11651	      0.117402	
148.500	      0.116531	      0.117398	
149.000	      0.116552	      0.117395	
149.500	      0.116573	      0.117391	
150.000	      0.116573	      0.117391	
150.500	      0.116593	      0.117387	
151.000	      0.116612	      0.117383	
151.500	      0.116612	      0.117383	
152.000	      0.116631	      0.117379	
152.500	       0.11665	      0.117375	
153.000	      0.116668	       0.11737	
153.500	      0.116668	       0.11737	
154.000	      0.116686	      0.117366	
154.500	      0.116704	      0.117362	
155.000	      0.116704	      0.117362	
155.500	      0.116721	      0.117357	
156.000	      0.116737	      0.117353	
156.500	      0.116754	      0.117348	
157.000	      0.116754	      0.117348	
157.500	       0.11677	      0.117344	
158.000	      0.116785	      0.117339	
158.500	      0.116785	      0.117339	
159.000	      0.116801	      0.117334	
159.500	      0.116816	      0.117329	
160.000	       0.11683	      0.117324	
160.500	       0.11683	      0.117324	
161.000	      0.116845	      0.117319	
161.500	      0.116859	      0.117314	
162.000	      0.116859	      0.117314	
162.500	      0.116873	      0.117309	
163.000	      0.116886	      0.117304	
163.500	        0.1169	      0.117298	
164.000	        0.1169	      0.117298	
164.500	      0.116912	      0.117293	
165.000	      0.116925	      0.117287	
165.500	      0.116925	      0.117287	
166.000	      0.116938	      0.117281	
166.500	       0.11695	      0.117275	
167.000	      0.116962	      0.117269	
167.500	      0.116962	      0.117269	
168.000	      0.116974	      0.117263	
168.500	      0.116985	      0.117257	
169.000	      0.116985	      0.117257	
169.500	      0.116996	      0.117251	
170.000	      0.117007	      0.117245	
170.500	      0.117007	      0.117245	
171.000	      0.117018	      0.117238	
171.500	      0.117029	      0.117231	
172.000	      0.117039	      0.117225	
172.500	      0.117039	      0.117225	
173.000	      0.117049	      0.117218	
173.500	      0.117059	      0.117211	
174.000	      0.117059	      0.117211	
174.500	      0.117069	      0.117204	
175.000	      0.117079	      0.117196	
175.500	      0.117088	      0.117189	
176.000	      0.117088	      0.117189	
176.500	      0.117098	      0.117181	
177.000	      0.117107	      0.117174	
177.500	      0.117107	      0.117174	
178.000	      0.117116	      0.117166	
178.500	      0.117124	      0.117158	
179.000	      0.117133	       0.11715	
179.500	      0.117133	       0.11715	
180.000	      0.117141	      0.117141	
