
TracePro Release: 3 2 0 
Polar Candela Distribution Data for 
Data covers +/- 180.000 degrees from Normal
Data for Missed Rays
Data generated at 09:38:08 June 25, 2025

	   0.0	 180.0
0.000	     0.0239042	     0.0239042	
0.500	     0.0131779	      0.123981	
1.000	     0.0131779	      0.123981	
1.500	     0.0112968	     0.0238836	
2.000	    0.00544502	      0.013204	
2.500	      0.121245	     0.0117145	
3.000	      0.121245	     0.0117145	
3.500	      0.221875	     0.0111953	
4.000	     0.0768373	     0.0109621	
4.500	     0.0768373	     0.0109621	
5.000	     0.0295482	      0.010883	
5.500	      0.422099	     0.0109946	
6.000	      0.227082	     0.0116638	
6.500	      0.227082	     0.0116638	
7.000	      0.589338	     0.0174763	
7.500	      0.419228	     0.0653022	
8.000	      0.419228	     0.0653022	
8.500	      0.448405	     0.0171882	
9.000	      0.583859	      0.011061	
9.500	      0.870799	     0.0100086	
10.000	      0.870799	     0.0100086	
10.500	      0.636447	    0.00935613	
11.000	      0.117378	    0.00850618	
11.500	      0.117378	    0.00850618	
12.000	        0.7393	    0.00668456	
12.500	      0.716343	   0.000693545	
13.000	      0.716343	   0.000693545	
13.500	     0.0518297	     0.0486038	
14.000	      0.644872	      0.665941	
14.500	       1.77961	      0.151756	
15.000	       1.77961	      0.151756	
15.500	       1.29431	       1.44771	
16.000	       2.06153	       4.49808	
16.500	       2.06153	       4.49808	
17.000	       1.53556	       2.94837	
17.500	       2.13196	       2.23506	
18.000	       1.42547	       2.77476	
18.500	       1.42547	       2.77476	
19.000	      0.357814	       2.99486	
19.500	       3.11201	       2.73849	
20.000	       3.11201	       2.73849	
20.500	       1.40742	       2.71147	
21.000	       1.81422	       2.70937	
21.500	       2.09517	        2.9794	
22.000	       2.09517	        2.9794	
22.500	       1.08321	       7.88812	
23.000	      0.938422	       14.8209	
23.500	      0.938422	       14.8209	
24.000	       1.78542	        13.733	
24.500	       2.13323	       8.48174	
25.000	       2.68109	       3.11839	
25.500	       2.68109	       3.11839	
26.000	       2.22843	       1.17702	
26.500	       2.76003	      0.949564	
27.000	       2.76003	      0.949564	
27.500	       1.39933	       1.50278	
28.000	       2.62901	      0.839331	
28.500	       3.73825	       3.81223	
29.000	       3.73825	       3.81223	
29.500	       2.48428	      0.797717	
30.000	       2.55882	       5.21676	
30.500	       2.55882	       5.21676	
31.000	       1.35375	       36.8382	
31.500	       1.30706	       5.90037	
32.000	       2.57743	      0.794351	
32.500	       2.57743	      0.794351	
33.000	       1.38816	       1.44543	
33.500	       1.26732	         1.171	
34.000	       1.26732	         1.171	
34.500	       2.08827	       1.07535	
35.000	       2.99024	      0.579038	
35.500	       2.99024	      0.579038	
36.000	       2.20716	      0.376802	
36.500	        1.1517	      0.424546	
37.000	      0.759818	      0.458124	
37.500	      0.759818	      0.458124	
38.000	       9.04086	      0.227713	
38.500	       81.7057	      0.283566	
39.000	       81.7057	      0.283566	
39.500	       8.37925	      0.310059	
40.000	        2.3584	      0.265033	
40.500	       3.74192	      0.250284	
41.000	       3.74192	      0.250284	
41.500	       2.54498	       0.22774	
42.000	       3.31031	      0.167084	
42.500	       3.31031	      0.167084	
43.000	       3.68946	      0.235588	
43.500	       4.78258	     0.0976595	
44.000	       5.47765	      0.255493	
44.500	       5.47765	      0.255493	
45.000	       6.89624	      0.205452	
45.500	        6.9202	    0.00698915	
46.000	        6.9202	    0.00698915	
46.500	       8.35338	     0.0041639	
47.000	       3.67621	     0.0044204	
47.500	       4.67071	    0.00173481	
48.000	       4.67071	    0.00173481	
48.500	       5.13081	     0.0215407	
49.000	       5.55085	      0.307018	
49.500	       5.55085	      0.307018	
50.000	       5.05528	     0.0210189	
50.500	       5.30801	    0.00282264	
51.000	        3.8857	    0.00623928	
51.500	        3.8857	    0.00623928	
52.000	       3.96461	    0.00750022	
52.500	       3.04877	    0.00815847	
53.000	       3.04877	    0.00815847	
53.500	       13.7822	    0.00857745	
54.000	        86.422	    0.00887989	
54.500	       11.4936	    0.00911719	
55.000	       11.4936	    0.00911719	
55.500	       2.50756	    0.00931432	
56.000	       6.80686	    0.00948484	
56.500	       6.80686	    0.00948484	
57.000	       4.55942	     0.0096368	
57.500	       3.79436	    0.00977534	
58.000	       3.79436	    0.00977534	
58.500	       1.07965	    0.00990401	
59.000	     0.0232827	     0.0100253	
59.500	      0.335608	     0.0101413	
60.000	      0.335608	     0.0101413	
60.500	       1.28123	     0.0102535	
61.000	       1.95074	     0.0103632	
61.500	       1.95074	     0.0103632	
62.000	        1.2449	     0.0104717	
62.500	       1.23697	     0.0105801	
63.000	      0.100322	     0.0106894	
63.500	      0.100322	     0.0106894	
64.000	        3.6409	     0.0108007	
64.500	       2.46175	     0.0109154	
65.000	       2.46175	     0.0109154	
65.500	       23.7916	     0.0110346	
66.000	       228.719	     0.0111599	
66.500	        25.766	     0.0112933	
67.000	        25.766	     0.0112933	
67.500	       1.05651	     0.0114372	
68.000	        3.1673	     0.0115951	
68.500	        3.1673	     0.0115951	
69.000	       5.31919	     0.0117724	
69.500	       47.9284	     0.0119778	
70.000	       5.96175	     0.0122284	
70.500	       5.96175	     0.0122284	
71.000	       1.67178	     0.0125629	
71.500	       1.33461	     0.0130919	
72.000	       1.33461	     0.0130919	
72.500	       1.10697	     0.0142812	
73.000	      0.441189	     0.0215779	
73.500	      0.265354	     0.0759468	
74.000	      0.265354	     0.0759468	
74.500	     0.0855973	        0.0222	
75.000	     0.0280351	     0.0155442	
75.500	     0.0280351	     0.0155442	
76.000	     0.0219556	     0.0150371	
76.500	     0.0196607	     0.0152666	
77.000	      0.017353	      0.015846	
77.500	      0.017353	      0.015846	
78.000	     0.0150732	     0.0169739	
78.500	     0.0129119	     0.0225933	
79.000	     0.0129119	     0.0225933	
79.500	     0.0109136	     0.0589317	
80.000	    0.00909202	     0.0931323	
80.500	    0.00909202	     0.0931323	
81.000	    0.00744447	     0.0155292	
81.500	    0.00596022	     0.0221021	
82.000	    0.00462533	     0.0252683	
82.500	    0.00462533	     0.0252683	
83.000	    0.00342507	     0.0291143	
83.500	    0.00234516	     0.0346654	
84.000	    0.00234516	     0.0346654	
84.500	    0.00137232	     0.0461685	
85.000	   0.000494553	    0.00335446	
85.500	   0.000298884	     0.0746918	
86.000	   0.000298884	     0.0746918	
86.500	    0.00101749	     0.0966335	
87.000	    0.00166963	      0.289261	
87.500	    0.00166963	      0.289261	
88.000	    0.00226265	      0.392927	
88.500	    0.00280303	       2.19007	
89.000	     0.0032964	       21.2586	
89.500	     0.0032964	       21.2586	
90.000	    0.00374776	       2.09043	
90.500	    0.00416148	      0.411832	
91.000	    0.00416148	      0.411832	
91.500	    0.00454139	      0.183241	
92.000	    0.00489091	      0.106514	
92.500	    0.00521301	     0.0715516	
93.000	    0.00521301	     0.0715516	
93.500	    0.00551037	     0.0527073	
94.000	    0.00578533	     0.0413966	
94.500	    0.00578533	     0.0413966	
95.000	    0.00603998	     0.0340776	
95.500	    0.00627618	     0.0290704	
96.000	     0.0064956	     0.0254947	
96.500	     0.0064956	     0.0254947	
97.000	    0.00669972	     0.0228527	
97.500	    0.00688987	     0.0208456	
98.000	    0.00688987	     0.0208456	
98.500	    0.00706724	     0.0192853	
99.000	     0.0072329	     0.0180484	
99.500	    0.00738782	     0.0170515	
100.000	    0.00738782	     0.0170515	
100.500	    0.00753286	     0.0162364	
101.000	    0.00766883	     0.0155615	
101.500	    0.00766883	     0.0155615	
102.000	    0.00779642	     0.0149964	
102.500	    0.00791629	     0.0145187	
103.000	    0.00791629	     0.0145187	
103.500	    0.00802902	     0.0141111	
104.000	    0.00813514	     0.0137608	
104.500	    0.00823514	     0.0134574	
105.000	    0.00823514	     0.0134574	
105.500	    0.00832947	      0.013193	
106.000	    0.00841853	     0.0129612	
106.500	    0.00841853	     0.0129612	
107.000	    0.00850269	     0.0127569	
107.500	    0.00858228	     0.0125759	
108.000	    0.00865763	     0.0124148	
108.500	    0.00865763	     0.0124148	
109.000	    0.00872901	     0.0122708	
109.500	     0.0087967	     0.0121415	
110.000	     0.0087967	     0.0121415	
110.500	    0.00886092	     0.0120251	
111.000	    0.00892191	       0.01192	
111.500	    0.00897987	     0.0118246	
112.000	    0.00897987	     0.0118246	
112.500	    0.00903499	     0.0117378	
113.000	    0.00908745	     0.0116587	
113.500	    0.00908745	     0.0116587	
114.000	     0.0091374	     0.0115864	
114.500	    0.00918501	       0.01152	
115.000	    0.00923041	      0.011459	
115.500	    0.00923041	      0.011459	
116.000	    0.00927373	     0.0114029	
116.500	    0.00931509	      0.011351	
117.000	    0.00931509	      0.011351	
117.500	     0.0093546	     0.0113031	
118.000	    0.00939238	     0.0112586	
118.500	    0.00942851	     0.0112173	
119.000	    0.00942851	     0.0112173	
119.500	    0.00946309	     0.0111789	
120.000	     0.0094962	     0.0111431	
120.500	     0.0094962	     0.0111431	
121.000	    0.00952792	     0.0111097	
121.500	    0.00955833	     0.0110784	
122.000	     0.0095875	     0.0110492	
122.500	     0.0095875	     0.0110492	
123.000	    0.00961549	     0.0110217	
123.500	    0.00964236	      0.010996	
124.000	    0.00964236	      0.010996	
124.500	    0.00966817	     0.0109718	
125.000	    0.00969297	     0.0109489	
125.500	    0.00969297	     0.0109489	
126.000	    0.00971682	     0.0109274	
126.500	    0.00973975	     0.0109071	
127.000	    0.00976183	     0.0108879	
127.500	    0.00976183	     0.0108879	
128.000	    0.00978308	     0.0108698	
128.500	    0.00980355	     0.0108526	
129.000	    0.00980355	     0.0108526	
129.500	    0.00982327	     0.0108363	
130.000	    0.00984229	     0.0108208	
130.500	    0.00986063	      0.010806	
131.000	    0.00986063	      0.010806	
131.500	    0.00987832	      0.010792	
132.000	     0.0098954	     0.0107787	
132.500	     0.0098954	     0.0107787	
133.000	    0.00991189	      0.010766	
133.500	    0.00992781	     0.0107538	
134.000	    0.00994321	     0.0107422	
134.500	    0.00994321	     0.0107422	
135.000	    0.00995809	     0.0107311	
135.500	    0.00997248	     0.0107205	
136.000	    0.00997248	     0.0107205	
136.500	     0.0099864	     0.0107103	
137.000	    0.00999988	     0.0107006	
137.500	     0.0100129	     0.0106912	
138.000	     0.0100129	     0.0106912	
138.500	     0.0100256	     0.0106822	
139.000	     0.0100378	     0.0106736	
139.500	     0.0100378	     0.0106736	
140.000	     0.0100497	     0.0106653	
140.500	     0.0100612	     0.0106573	
141.000	     0.0100723	     0.0106495	
141.500	     0.0100723	     0.0106495	
142.000	     0.0100832	     0.0106421	
142.500	     0.0100937	     0.0106349	
143.000	     0.0100937	     0.0106349	
143.500	     0.0101039	     0.0106279	
144.000	     0.0101138	     0.0106212	
144.500	     0.0101234	     0.0106147	
145.000	     0.0101234	     0.0106147	
145.500	     0.0101328	     0.0106084	
146.000	     0.0101419	     0.0106022	
146.500	     0.0101419	     0.0106022	
147.000	     0.0101507	     0.0105963	
147.500	     0.0101593	     0.0105905	
148.000	     0.0101593	     0.0105905	
148.500	     0.0101677	     0.0105849	
149.000	     0.0101759	     0.0105795	
149.500	     0.0101838	     0.0105741	
150.000	     0.0101838	     0.0105741	
150.500	     0.0101916	      0.010569	
151.000	     0.0101991	     0.0105639	
151.500	     0.0101991	     0.0105639	
152.000	     0.0102065	      0.010559	
152.500	     0.0102136	     0.0105541	
153.000	     0.0102206	     0.0105494	
153.500	     0.0102206	     0.0105494	
154.000	     0.0102275	     0.0105448	
154.500	     0.0102341	     0.0105403	
155.000	     0.0102341	     0.0105403	
155.500	     0.0102407	     0.0105358	
156.000	      0.010247	     0.0105315	
156.500	     0.0102532	     0.0105272	
157.000	     0.0102532	     0.0105272	
157.500	     0.0102593	      0.010523	
158.000	     0.0102653	     0.0105189	
158.500	     0.0102653	     0.0105189	
159.000	     0.0102711	     0.0105148	
159.500	     0.0102768	     0.0105108	
160.000	     0.0102824	     0.0105068	
160.500	     0.0102824	     0.0105068	
161.000	     0.0102878	     0.0105029	
161.500	     0.0102932	     0.0104991	
162.000	     0.0102932	     0.0104991	
162.500	     0.0102984	     0.0104953	
163.000	     0.0103036	     0.0104915	
163.500	     0.0103086	     0.0104878	
164.000	     0.0103086	     0.0104878	
164.500	     0.0103136	     0.0104841	
165.000	     0.0103184	     0.0104804	
165.500	     0.0103184	     0.0104804	
166.000	     0.0103232	     0.0104768	
166.500	     0.0103279	     0.0104731	
167.000	     0.0103325	     0.0104695	
167.500	     0.0103325	     0.0104695	
168.000	      0.010337	      0.010466	
168.500	     0.0103415	     0.0104624	
169.000	     0.0103415	     0.0104624	
169.500	     0.0103459	     0.0104589	
170.000	     0.0103502	     0.0104553	
170.500	     0.0103502	     0.0104553	
171.000	     0.0103545	     0.0104518	
171.500	     0.0103587	     0.0104483	
172.000	     0.0103629	     0.0104447	
172.500	     0.0103629	     0.0104447	
173.000	     0.0103669	     0.0104412	
173.500	      0.010371	     0.0104377	
174.000	      0.010371	     0.0104377	
174.500	      0.010375	     0.0104342	
175.000	     0.0103789	     0.0104306	
175.500	     0.0103828	     0.0104271	
176.000	     0.0103828	     0.0104271	
176.500	     0.0103867	     0.0104235	
177.000	     0.0103905	     0.0104199	
177.500	     0.0103905	     0.0104199	
178.000	     0.0103943	     0.0104163	
178.500	      0.010398	     0.0104127	
179.000	     0.0104017	     0.0104091	
179.500	     0.0104017	     0.0104091	
180.000	     0.0104054	     0.0104054	
