
TracePro Release: 3 2 0 
Polar Candela Distribution Data for 
Data covers +/- 180.000 degrees from Normal
Data for Missed Rays
Data generated at 09:38:06 June 25, 2025

	   0.0	 180.0
0.000	      0.280328	      0.280328	
0.500	      0.280264	      0.280389	
1.000	      0.280264	      0.280389	
1.500	      0.280199	      0.280449	
2.000	      0.280133	      0.280508	
2.500	      0.280064	      0.280565	
3.000	      0.280064	      0.280565	
3.500	      0.279994	       0.28062	
4.000	      0.279922	      0.280674	
4.500	      0.279922	      0.280674	
5.000	      0.279847	      0.280727	
5.500	      0.279771	      0.280779	
6.000	      0.279692	      0.280829	
6.500	      0.279692	      0.280829	
7.000	      0.279611	      0.280878	
7.500	      0.279528	      0.280926	
8.000	      0.279528	      0.280926	
8.500	      0.279442	      0.280972	
9.000	      0.279354	      0.281018	
9.500	      0.279263	      0.281062	
10.000	      0.279263	      0.281062	
10.500	       0.27917	      0.281106	
11.000	      0.279074	      0.281148	
11.500	      0.279074	      0.281148	
12.000	      0.278974	      0.281189	
12.500	      0.278872	       0.28123	
13.000	      0.278872	       0.28123	
13.500	      0.278767	      0.281269	
14.000	      0.278658	      0.281308	
14.500	      0.278546	      0.281345	
15.000	      0.278546	      0.281345	
15.500	       0.27843	      0.281382	
16.000	       0.27831	      0.281418	
16.500	       0.27831	      0.281418	
17.000	      0.278187	      0.281453	
17.500	      0.278059	      0.281488	
18.000	      0.277927	      0.281521	
18.500	      0.277927	      0.281521	
19.000	      0.277791	      0.281554	
19.500	       0.27765	      0.281586	
20.000	       0.27765	      0.281586	
20.500	      0.277505	      0.281617	
21.000	      0.277354	      0.281648	
21.500	      0.277198	      0.281678	
22.000	      0.277198	      0.281678	
22.500	      0.277036	      0.281708	
23.000	      0.276869	      0.281736	
23.500	      0.276869	      0.281736	
24.000	      0.276695	      0.281764	
24.500	      0.276515	      0.281792	
25.000	      0.276329	      0.281819	
25.500	      0.276329	      0.281819	
26.000	      0.276135	      0.281845	
26.500	      0.275934	      0.281871	
27.000	      0.275934	      0.281871	
27.500	      0.275725	      0.281896	
28.000	      0.275508	      0.281921	
28.500	      0.275282	      0.281945	
29.000	      0.275282	      0.281945	
29.500	      0.275047	      0.281968	
30.000	      0.274803	      0.281991	
30.500	      0.274803	      0.281991	
31.000	      0.274548	      0.282014	
31.500	      0.274283	      0.282036	
32.000	      0.274007	      0.282058	
32.500	      0.274007	      0.282058	
33.000	      0.273718	      0.282079	
33.500	      0.273417	        0.2821	
34.000	      0.273417	        0.2821	
34.500	      0.273103	       0.28212	
35.000	      0.272775	       0.28214	
35.500	      0.272775	       0.28214	
36.000	      0.272431	      0.282159	
36.500	      0.272072	      0.282179	
37.000	      0.271695	      0.282197	
37.500	      0.271695	      0.282197	
38.000	      0.271301	      0.282215	
38.500	      0.270887	      0.282233	
39.000	      0.270887	      0.282233	
39.500	      0.270453	      0.282251	
40.000	      0.269997	      0.282268	
40.500	      0.269518	      0.282285	
41.000	      0.269518	      0.282285	
41.500	      0.269013	      0.282301	
42.000	      0.268482	      0.282317	
42.500	      0.268482	      0.282317	
43.000	      0.267922	      0.282333	
43.500	      0.267332	      0.282348	
44.000	      0.266708	      0.282364	
44.500	      0.266708	      0.282364	
45.000	      0.266048	      0.282378	
45.500	       0.26535	      0.282393	
46.000	       0.26535	      0.282393	
46.500	       0.26461	      0.282407	
47.000	      0.263825	      0.282421	
47.500	      0.262991	      0.282434	
48.000	      0.262991	      0.282434	
48.500	      0.262105	      0.282447	
49.000	       0.26116	       0.28246	
49.500	       0.26116	       0.28246	
50.000	      0.260153	      0.282473	
50.500	      0.259076	      0.282485	
51.000	      0.257924	      0.282498	
51.500	      0.257924	      0.282498	
52.000	      0.256689	      0.282509	
52.500	      0.255363	      0.282521	
53.000	      0.255363	      0.282521	
53.500	      0.253935	      0.282532	
54.000	      0.252395	      0.282543	
54.500	       0.25073	      0.282554	
55.000	       0.25073	      0.282554	
55.500	      0.248924	      0.282565	
56.000	      0.246961	      0.282575	
56.500	      0.246961	      0.282575	
57.000	      0.244817	      0.282585	
57.500	      0.242469	      0.282595	
58.000	      0.242469	      0.282595	
58.500	      0.239881	      0.282605	
59.000	      0.237014	      0.282614	
59.500	       0.23381	      0.282623	
60.000	       0.23381	      0.282623	
60.500	      0.230187	      0.282632	
61.000	      0.226022	      0.282641	
61.500	      0.226022	      0.282641	
62.000	        0.2211	       0.28265	
62.500	      0.214993	      0.282658	
63.000	      0.206676	      0.282666	
63.500	      0.206676	      0.282666	
64.000	      0.192922	      0.282674	
64.500	      0.158181	      0.282682	
65.000	      0.158181	      0.282682	
65.500	      0.121332	      0.282689	
66.000	       4.85305	      0.282697	
66.500	       7.37867	      0.282704	
67.000	       7.37867	      0.282704	
67.500	       7.84562	      0.282711	
68.000	       7.70063	      0.282717	
68.500	       7.70063	      0.282717	
69.000	       9.52654	      0.282724	
69.500	       8.74712	       0.28273	
70.000	       9.32714	      0.282736	
70.500	       9.32714	      0.282736	
71.000	       6.21625	      0.282742	
71.500	       8.20724	      0.282748	
72.000	       8.20724	      0.282748	
72.500	       5.02031	      0.282754	
73.000	       3.91178	      0.282759	
73.500	       4.83637	      0.282764	
74.000	       4.83637	      0.282764	
74.500	       4.41773	       0.28277	
75.000	       1.59562	      0.282774	
75.500	       1.59562	      0.282774	
76.000	       3.30212	      0.282779	
76.500	       3.26333	      0.282784	
77.000	       1.56798	      0.282788	
77.500	       1.56798	      0.282788	
78.000	       4.46809	      0.282792	
78.500	         2.706	      0.282797	
79.000	         2.706	      0.282797	
79.500	        5.4881	        0.2828	
80.000	      0.997258	      0.282804	
80.500	      0.997258	      0.282804	
81.000	       6.57694	      0.282808	
81.500	       12.3992	      0.282811	
82.000	       69.9287	      0.282814	
82.500	       69.9287	      0.282814	
83.000	       716.303	      0.282818	
83.500	       69.8638	      0.282821	
84.000	       69.8638	      0.282821	
84.500	       13.2812	      0.282823	
85.000	       5.56576	      0.282826	
85.500	       2.97358	      0.282829	
86.000	       2.97358	      0.282829	
86.500	       1.79149	      0.282831	
87.000	       1.15393	      0.282833	
87.500	       1.15393	      0.282833	
88.000	      0.771009	      0.282835	
88.500	      0.523074	      0.282837	
89.000	      0.353354	      0.282839	
89.500	      0.353354	      0.282839	
90.000	      0.232081	       0.28284	
90.500	      0.142418	      0.282842	
91.000	      0.142418	      0.282842	
91.500	     0.0742562	      0.282843	
92.000	     0.0212295	      0.282844	
92.500	     0.0208347	      0.282845	
93.000	     0.0208347	      0.282845	
93.500	     0.0547639	      0.282846	
94.000	      0.082529	      0.282847	
94.500	      0.082529	      0.282847	
95.000	      0.105538	      0.282847	
95.500	      0.124819	      0.282848	
96.000	      0.141137	      0.282848	
96.500	      0.141137	      0.282848	
97.000	      0.155068	      0.282848	
97.500	      0.167057	      0.282848	
98.000	      0.167057	      0.282848	
98.500	      0.177449	      0.282848	
99.000	      0.186516	      0.282847	
99.500	      0.194473	      0.282847	
100.000	      0.194473	      0.282847	
100.500	      0.201495	      0.282846	
101.000	      0.207723	      0.282846	
101.500	      0.207723	      0.282846	
102.000	      0.213272	      0.282845	
102.500	      0.218238	      0.282844	
103.000	      0.218238	      0.282844	
103.500	      0.222699	      0.282842	
104.000	      0.226722	      0.282841	
104.500	      0.230362	      0.282839	
105.000	      0.230362	      0.282839	
105.500	      0.233666	      0.282838	
106.000	      0.236675	      0.282836	
106.500	      0.236675	      0.282836	
107.000	      0.239422	      0.282834	
107.500	      0.241937	      0.282832	
108.000	      0.244246	      0.282829	
108.500	      0.244246	      0.282829	
109.000	       0.24637	      0.282827	
109.500	      0.248329	      0.282824	
110.000	      0.248329	      0.282824	
110.500	      0.250139	      0.282822	
111.000	      0.251815	      0.282819	
111.500	      0.253371	      0.282816	
112.000	      0.253371	      0.282816	
112.500	      0.254816	      0.282813	
113.000	      0.256162	      0.282809	
113.500	      0.256162	      0.282809	
114.000	      0.257417	      0.282806	
114.500	       0.25859	      0.282802	
115.000	      0.259687	      0.282798	
115.500	      0.259687	      0.282798	
116.000	      0.260714	      0.282794	
116.500	      0.261678	       0.28279	
117.000	      0.261678	       0.28279	
117.500	      0.262584	      0.282786	
118.000	      0.263436	      0.282781	
118.500	      0.264238	      0.282776	
119.000	      0.264238	      0.282776	
119.500	      0.264995	      0.282771	
120.000	      0.265709	      0.282766	
120.500	      0.265709	      0.282766	
121.000	      0.266384	      0.282761	
121.500	      0.267022	      0.282756	
122.000	      0.267626	       0.28275	
122.500	      0.267626	       0.28275	
123.000	      0.268199	      0.282745	
123.500	      0.268743	      0.282739	
124.000	      0.268743	      0.282739	
124.500	      0.269259	      0.282733	
125.000	      0.269749	      0.282726	
125.500	      0.269749	      0.282726	
126.000	      0.270216	       0.28272	
126.500	       0.27066	      0.282713	
127.000	      0.271083	      0.282706	
127.500	      0.271083	      0.282706	
128.000	      0.271486	      0.282699	
128.500	      0.271871	      0.282692	
129.000	      0.271871	      0.282692	
129.500	      0.272239	      0.282685	
130.000	       0.27259	      0.282677	
130.500	      0.272926	      0.282669	
131.000	      0.272926	      0.282669	
131.500	      0.273247	      0.282661	
132.000	      0.273555	      0.282653	
132.500	      0.273555	      0.282653	
133.000	      0.273849	      0.282645	
133.500	      0.274132	      0.282636	
134.000	      0.274403	      0.282627	
134.500	      0.274403	      0.282627	
135.000	      0.274663	      0.282618	
135.500	      0.274912	      0.282609	
136.000	      0.274912	      0.282609	
136.500	      0.275152	      0.282599	
137.000	      0.275382	      0.282589	
137.500	      0.275604	      0.282579	
138.000	      0.275604	      0.282579	
138.500	      0.275817	      0.282569	
139.000	      0.276022	      0.282559	
139.500	      0.276022	      0.282559	
140.000	       0.27622	      0.282548	
140.500	       0.27641	      0.282537	
141.000	      0.276594	      0.282526	
141.500	      0.276594	      0.282526	
142.000	      0.276771	      0.282514	
142.500	      0.276941	      0.282502	
143.000	      0.276941	      0.282502	
143.500	      0.277106	       0.28249	
144.000	      0.277265	      0.282478	
144.500	      0.277419	      0.282466	
145.000	      0.277419	      0.282466	
145.500	      0.277567	      0.282453	
146.000	      0.277711	       0.28244	
146.500	      0.277711	       0.28244	
147.000	       0.27785	      0.282426	
147.500	      0.277984	      0.282412	
148.000	      0.277984	      0.282412	
148.500	      0.278114	      0.282398	
149.000	      0.278239	      0.282384	
149.500	      0.278361	      0.282369	
150.000	      0.278361	      0.282369	
150.500	      0.278479	      0.282355	
151.000	      0.278593	      0.282339	
151.500	      0.278593	      0.282339	
152.000	      0.278704	      0.282324	
152.500	      0.278811	      0.282308	
153.000	      0.278915	      0.282291	
153.500	      0.278915	      0.282291	
154.000	      0.279016	      0.282275	
154.500	      0.279114	      0.282258	
155.000	      0.279114	      0.282258	
155.500	      0.279209	       0.28224	
156.000	      0.279302	      0.282223	
156.500	      0.279391	      0.282205	
157.000	      0.279391	      0.282205	
157.500	      0.279478	      0.282186	
158.000	      0.279563	      0.282167	
158.500	      0.279563	      0.282167	
159.000	      0.279645	      0.282148	
159.500	      0.279725	      0.282128	
160.000	      0.279803	      0.282108	
160.500	      0.279803	      0.282108	
161.000	      0.279878	      0.282087	
161.500	      0.279952	      0.282066	
162.000	      0.279952	      0.282066	
162.500	      0.280023	      0.282045	
163.000	      0.280093	      0.282023	
163.500	       0.28016	      0.282001	
164.000	       0.28016	      0.282001	
164.500	      0.280226	      0.281978	
165.000	      0.280291	      0.281954	
165.500	      0.280291	      0.281954	
166.000	      0.280353	       0.28193	
166.500	      0.280414	      0.281906	
167.000	      0.280473	      0.281881	
167.500	      0.280473	      0.281881	
168.000	      0.280531	      0.281855	
168.500	      0.280588	      0.281829	
169.000	      0.280588	      0.281829	
169.500	      0.280642	      0.281803	
170.000	      0.280696	      0.281775	
170.500	      0.280696	      0.281775	
171.000	      0.280748	      0.281748	
171.500	      0.280799	      0.281719	
172.000	      0.280849	       0.28169	
172.500	      0.280849	       0.28169	
173.000	      0.280897	       0.28166	
173.500	      0.280945	       0.28163	
174.000	      0.280945	       0.28163	
174.500	      0.280991	      0.281599	
175.000	      0.281036	      0.281567	
175.500	       0.28108	      0.281535	
176.000	       0.28108	      0.281535	
176.500	      0.281123	      0.281501	
177.000	      0.281165	      0.281467	
177.500	      0.281165	      0.281467	
178.000	      0.281206	      0.281432	
178.500	      0.281246	      0.281397	
179.000	      0.281285	       0.28136	
179.500	      0.281285	       0.28136	
180.000	      0.281323	      0.281323	
