
TracePro Release: 3 2 0 
Polar Candela Distribution Data for 
Data covers +/- 180.000 degrees from Normal
Data for Missed Rays
Data generated at 09:42:26 June 30, 2025

	   0.0	 180.0
0.000	      0.130637	      0.130637	
0.500	      0.256566	       1.87909	
1.000	      0.256566	       1.87909	
1.500	      0.273801	      0.130432	
2.000	      0.279633	      0.256153	
2.500	      0.282321	      0.273176	
3.000	      0.282321	      0.273176	
3.500	       0.28379	      0.278789	
4.000	      0.284686	      0.281249	
4.500	      0.284686	      0.281249	
5.000	      0.285276	      0.282479	
5.500	      0.285685	      0.283122	
6.000	      0.285981	      0.283439	
6.500	      0.285981	      0.283439	
7.000	      0.286202	      0.283555	
7.500	      0.286369	      0.283532	
8.000	      0.286369	      0.283532	
8.500	      0.286497	      0.283402	
9.000	      0.286597	      0.283183	
9.500	      0.286674	      0.282883	
10.000	      0.286674	      0.282883	
10.500	      0.286733	      0.282502	
11.000	      0.286777	      0.282037	
11.500	      0.286777	      0.282037	
12.000	      0.286809	      0.281482	
12.500	      0.286831	      0.280824	
13.000	      0.286831	      0.280824	
13.500	      0.286843	      0.280047	
14.000	      0.286847	       0.27913	
14.500	      0.286845	      0.278045	
15.000	      0.286845	      0.278045	
15.500	      0.286835	      0.276754	
16.000	       0.28682	      0.275207	
16.500	       0.28682	      0.275207	
17.000	      0.286799	      0.273336	
17.500	      0.286773	      0.271051	
18.000	      0.286742	      0.268222	
18.500	      0.286742	      0.268222	
19.000	      0.286706	      0.264667	
19.500	      0.286665	      0.260119	
20.000	      0.286665	      0.260119	
20.500	       0.28662	      0.254172	
21.000	      0.286571	      0.246188	
21.500	      0.286518	      0.235117	
22.000	      0.286518	      0.235117	
22.500	       0.28646	      0.219124	
23.000	      0.286398	      0.194756	
23.500	      0.286398	      0.194756	
24.000	      0.286332	      0.154848	
24.500	      0.286261	     0.0823384	
25.000	      0.286186	     0.0727442	
25.500	      0.286186	     0.0727442	
26.000	      0.286108	      0.520422	
26.500	      0.286024	       3.68525	
27.000	      0.286024	       3.68525	
27.500	      0.285937	        39.436	
28.000	      0.285844	       4.94017	
28.500	      0.285748	       13.5187	
29.000	      0.285748	       13.5187	
29.500	      0.285646	       1.40132	
30.000	       0.28554	      0.154336	
30.500	       0.28554	      0.154336	
31.000	      0.285428	     0.0612718	
31.500	      0.285312	      0.146924	
32.000	       0.28519	      0.191043	
32.500	       0.28519	      0.191043	
33.000	      0.285063	      0.217106	
33.500	       0.28493	      0.233894	
34.000	       0.28493	      0.233894	
34.500	      0.284791	       0.24538	
35.000	      0.284646	      0.253599	
35.500	      0.284646	      0.253599	
36.000	      0.284494	      0.259687	
36.500	      0.284336	      0.264323	
37.000	      0.284171	      0.267933	
37.500	      0.284171	      0.267933	
38.000	      0.283999	      0.270798	
38.500	       0.28382	      0.273106	
39.000	       0.28382	      0.273106	
39.500	      0.283632	       0.27499	
40.000	      0.283436	      0.276545	
40.500	      0.283231	      0.277841	
41.000	      0.283231	      0.277841	
41.500	      0.283017	      0.278927	
42.000	      0.282794	      0.279844	
42.500	      0.282794	      0.279844	
43.000	       0.28256	      0.280621	
43.500	      0.282316	      0.281281	
44.000	       0.28206	      0.281843	
44.500	       0.28206	      0.281843	
45.000	      0.281792	       0.28232	
45.500	      0.281512	      0.282724	
46.000	      0.281512	      0.282724	
46.500	      0.281219	      0.283063	
47.000	      0.280912	      0.283344	
47.500	      0.280589	      0.283574	
48.000	      0.280589	      0.283574	
48.500	      0.280251	      0.283755	
49.000	      0.279896	      0.283892	
49.500	      0.279896	      0.283892	
50.000	      0.279523	      0.283985	
50.500	      0.279131	      0.284037	
51.000	      0.278719	      0.284048	
51.500	      0.278719	      0.284048	
52.000	      0.278285	      0.284017	
52.500	      0.277828	      0.283942	
53.000	      0.277828	      0.283942	
53.500	      0.277346	      0.283821	
54.000	      0.276837	      0.283651	
54.500	        0.2763	      0.283426	
55.000	        0.2763	      0.283426	
55.500	      0.275733	      0.283141	
56.000	      0.275133	      0.282787	
56.500	      0.275133	      0.282787	
57.000	      0.274497	      0.282352	
57.500	      0.273823	      0.281824	
58.000	      0.273823	      0.281824	
58.500	      0.273107	      0.281183	
59.000	      0.272347	      0.280407	
59.500	      0.271539	      0.279463	
60.000	      0.271539	      0.279463	
60.500	      0.270678	      0.278308	
61.000	       0.26976	      0.276886	
61.500	       0.26976	      0.276886	
62.000	       0.26878	      0.275117	
62.500	      0.267732	      0.272885	
63.000	      0.266609	      0.270024	
63.500	      0.266609	      0.270024	
64.000	      0.265405	      0.266282	
64.500	      0.264112	      0.261264	
65.000	      0.264112	      0.261264	
65.500	       0.26272	      0.254318	
66.000	      0.261219	      0.244308	
66.500	      0.259599	      0.229097	
67.000	      0.259599	      0.229097	
67.500	      0.257845	      0.204236	
68.000	      0.255942	      0.159087	
68.500	      0.255942	      0.159087	
69.000	      0.253874	     0.0622517	
69.500	      0.251621	      0.219694	
70.000	       0.24916	       2.24875	
70.500	       0.24916	       2.24875	
71.000	      0.246464	       25.7645	
71.500	      0.243504	       2.31662	
72.000	      0.243504	       2.31662	
72.500	      0.240243	      0.437858	
73.000	      0.236639	       1.18143	
73.500	      0.232642	       13.0657	
74.000	      0.232642	       13.0657	
74.500	      0.228193	       1.04682	
75.000	      0.223222	    0.00535833	
75.500	      0.223222	    0.00535833	
76.000	      0.217644	      0.147213	
76.500	      0.211354	      0.202736	
77.000	      0.204227	      0.230086	
77.500	      0.204227	      0.230086	
78.000	      0.196108	      0.245905	
78.500	      0.186804	      0.256013	
79.000	      0.186804	      0.256013	
79.500	      0.176071	      0.262924	
80.000	      0.163601	      0.267887	
80.500	      0.163601	      0.267887	
81.000	      0.148999	      0.271587	
81.500	      0.131748	      0.274427	
82.000	      0.111167	      0.276659	
82.500	      0.111167	      0.276659	
83.000	     0.0863378	      0.278449	
83.500	     0.0560046	      0.279908	
84.000	     0.0560046	      0.279908	
84.500	     0.0184097	      0.281114	
85.000	     0.0289679	      0.282124	
85.500	     0.0898475	      0.282979	
86.000	     0.0898475	      0.282979	
86.500	      0.169903	      0.283709	
87.000	       0.27814	      0.284337	
87.500	       0.27814	      0.284337	
88.000	      0.429557	      0.284883	
88.500	      0.650665	       0.28536	
89.000	      0.992014	      0.285779	
89.500	      0.992014	      0.285779	
90.000	       1.56014	       0.28615	
90.500	       2.61308	       0.28648	
91.000	       2.61308	       0.28648	
91.500	       4.92133	      0.286774	
92.000	       11.7901	      0.287038	
92.500	       62.1571	      0.287276	
93.000	       62.1571	      0.287276	
93.500	       637.647	      0.287491	
94.000	       62.1651	      0.287686	
94.500	       62.1651	      0.287686	
95.000	       11.8077	      0.287863	
95.500	       4.95291	      0.288025	
96.000	       2.66861	      0.288173	
96.500	       2.66861	      0.288173	
97.000	       1.66633	      0.288308	
97.500	       1.24684	      0.288433	
98.000	       1.24684	      0.288433	
98.500	       1.99035	      0.288548	
99.000	       13.2951	      0.288654	
99.500	       1.61879	      0.288752	
100.000	       1.61879	      0.288752	
100.500	      0.426706	      0.288843	
101.000	      0.199131	      0.288927	
101.500	      0.199131	      0.288927	
102.000	     0.0888528	      0.289005	
102.500	     0.0190561	      0.289078	
103.000	     0.0190561	      0.289078	
103.500	     0.0305562	      0.289146	
104.000	     0.0680537	      0.289209	
104.500	     0.0974825	      0.289269	
105.000	     0.0974825	      0.289269	
105.500	      0.121183	      0.289324	
106.000	       0.14064	      0.289375	
106.500	       0.14064	      0.289375	
107.000	      0.156857	      0.289424	
107.500	      0.170539	      0.289469	
108.000	      0.182206	      0.289512	
108.500	      0.182206	      0.289512	
109.000	      0.192242	      0.289551	
109.500	      0.200944	      0.289589	
110.000	      0.200944	      0.289589	
110.500	      0.208542	      0.289624	
111.000	      0.215218	      0.289657	
111.500	      0.221117	      0.289687	
112.000	      0.221117	      0.289687	
112.500	      0.226356	      0.289716	
113.000	      0.231031	      0.289743	
113.500	      0.231031	      0.289743	
114.000	       0.23522	      0.289769	
114.500	      0.238989	      0.289793	
115.000	      0.242393	      0.289815	
115.500	      0.242393	      0.289815	
116.000	      0.245477	      0.289836	
116.500	      0.248281	      0.289856	
117.000	      0.248281	      0.289856	
117.500	      0.250838	      0.289874	
118.000	      0.253175	      0.289891	
118.500	      0.255318	      0.289907	
119.000	      0.255318	      0.289907	
119.500	      0.257288	      0.289922	
120.000	      0.259102	      0.289935	
120.500	      0.259102	      0.289935	
121.000	      0.260777	      0.289948	
121.500	      0.262327	       0.28996	
122.000	      0.263763	      0.289971	
122.500	      0.263763	      0.289971	
123.000	      0.265098	       0.28998	
123.500	      0.266339	       0.28999	
124.000	      0.266339	       0.28999	
124.500	      0.267496	      0.289998	
125.000	      0.268576	      0.290005	
125.500	      0.268576	      0.290005	
126.000	      0.269585	      0.290012	
126.500	      0.270531	      0.290018	
127.000	      0.271417	      0.290023	
127.500	      0.271417	      0.290023	
128.000	      0.272249	      0.290027	
128.500	      0.273032	      0.290031	
129.000	      0.273032	      0.290031	
129.500	      0.273768	      0.290034	
130.000	      0.274463	      0.290036	
130.500	      0.275118	      0.290038	
131.000	      0.275118	      0.290038	
131.500	      0.275736	      0.290039	
132.000	      0.276321	       0.29004	
132.500	      0.276321	       0.29004	
133.000	      0.276875	       0.29004	
133.500	      0.277399	      0.290039	
134.000	      0.277897	      0.290038	
134.500	      0.277897	      0.290038	
135.000	      0.278369	      0.290036	
135.500	      0.278818	      0.290034	
136.000	      0.278818	      0.290034	
136.500	      0.279244	      0.290031	
137.000	       0.27965	      0.290027	
137.500	      0.280037	      0.290023	
138.000	      0.280037	      0.290023	
138.500	      0.280405	      0.290019	
139.000	      0.280757	      0.290014	
139.500	      0.280757	      0.290014	
140.000	      0.281092	      0.290008	
140.500	      0.281413	      0.290002	
141.000	      0.281719	      0.289995	
141.500	      0.281719	      0.289995	
142.000	      0.282012	      0.289988	
142.500	      0.282292	       0.28998	
143.000	      0.282292	       0.28998	
143.500	      0.282561	      0.289972	
144.000	      0.282818	      0.289963	
144.500	      0.283065	      0.289954	
145.000	      0.283065	      0.289954	
145.500	      0.283301	      0.289945	
146.000	      0.283528	      0.289934	
146.500	      0.283528	      0.289934	
147.000	      0.283746	      0.289924	
147.500	      0.283956	      0.289912	
148.000	      0.283956	      0.289912	
148.500	      0.284157	        0.2899	
149.000	      0.284351	      0.289888	
149.500	      0.284537	      0.289875	
150.000	      0.284537	      0.289875	
150.500	      0.284717	      0.289862	
151.000	       0.28489	      0.289848	
151.500	       0.28489	      0.289848	
152.000	      0.285056	      0.289833	
152.500	      0.285217	      0.289818	
153.000	      0.285371	      0.289803	
153.500	      0.285371	      0.289803	
154.000	      0.285521	      0.289787	
154.500	      0.285665	       0.28977	
155.000	      0.285665	       0.28977	
155.500	      0.285804	      0.289753	
156.000	      0.285938	      0.289735	
156.500	      0.286068	      0.289716	
157.000	      0.286068	      0.289716	
157.500	      0.286193	      0.289697	
158.000	      0.286314	      0.289678	
158.500	      0.286314	      0.289678	
159.000	      0.286432	      0.289658	
159.500	      0.286545	      0.289637	
160.000	      0.286655	      0.289615	
160.500	      0.286655	      0.289615	
161.000	      0.286761	      0.289593	
161.500	      0.286864	       0.28957	
162.000	      0.286864	       0.28957	
162.500	      0.286963	      0.289547	
163.000	       0.28706	      0.289522	
163.500	      0.287153	      0.289497	
164.000	      0.287153	      0.289497	
164.500	      0.287244	      0.289472	
165.000	      0.287332	      0.289446	
165.500	      0.287332	      0.289446	
166.000	      0.287417	      0.289418	
166.500	        0.2875	      0.289391	
167.000	       0.28758	      0.289362	
167.500	       0.28758	      0.289362	
168.000	      0.287658	      0.289332	
168.500	      0.287733	      0.289302	
169.000	      0.287733	      0.289302	
169.500	      0.287807	      0.289271	
170.000	      0.287878	      0.289239	
170.500	      0.287878	      0.289239	
171.000	      0.287947	      0.289206	
171.500	      0.288014	      0.289173	
172.000	       0.28808	      0.289138	
172.500	       0.28808	      0.289138	
173.000	      0.288143	      0.289102	
173.500	      0.288205	      0.289066	
174.000	      0.288205	      0.289066	
174.500	      0.288265	      0.289028	
175.000	      0.288323	       0.28899	
175.500	      0.288379	       0.28895	
176.000	      0.288379	       0.28895	
176.500	      0.288434	      0.288909	
177.000	      0.288488	      0.288867	
177.500	      0.288488	      0.288867	
178.000	       0.28854	      0.288824	
178.500	      0.288591	       0.28878	
179.000	       0.28864	      0.288735	
179.500	       0.28864	      0.288735	
180.000	      0.288688	      0.288688	
