
TracePro Release: 3 2 0 
Polar Candela Distribution Data for 
Data covers +/- 180.000 degrees from Normal
Data for Missed Rays
Data generated at 09:38:10 June 25, 2025

	   0.0	 180.0
0.000	      0.272826	      0.272826	
0.500	      0.271949	      0.274056	
1.000	      0.271949	      0.274056	
1.500	      0.272594	      0.275402	
2.000	      0.289076	      0.276836	
2.500	     0.0272148	      0.278468	
3.000	     0.0272148	      0.278468	
3.500	       0.28158	      0.280706	
4.000	      0.235929	        0.2854	
4.500	      0.235929	        0.2854	
5.000	       0.65896	      0.314867	
5.500	      0.154749	     0.0888366	
6.000	       0.28306	      0.311986	
6.500	       0.28306	      0.311986	
7.000	      0.257055	      0.258212	
7.500	      0.284695	        0.6101	
8.000	      0.284695	        0.6101	
8.500	      0.323301	      0.254437	
9.000	      0.815388	      0.280096	
9.500	      0.183236	      0.283946	
10.000	      0.183236	      0.283946	
10.500	      0.207394	      0.285608	
11.000	      0.156809	      0.286725	
11.500	      0.156809	      0.286725	
12.000	      0.818226	      0.287707	
12.500	      0.144987	      0.288782	
13.000	      0.144987	      0.288782	
13.500	      0.208741	      0.290311	
14.000	      0.297896	       0.29357	
14.500	      0.863735	      0.312172	
15.000	      0.863735	      0.312172	
15.500	      0.049088	     0.0795244	
16.000	      0.915716	      0.347793	
16.500	      0.915716	      0.347793	
17.000	       1.05814	      0.146396	
17.500	      0.168448	      0.517704	
18.000	     0.0439614	      0.279285	
18.500	     0.0439614	      0.279285	
19.000	       1.55202	      0.288074	
19.500	      0.912177	      0.285827	
20.000	      0.912177	      0.285827	
20.500	       0.92864	      0.277663	
21.000	       2.48375	      0.217435	
21.500	      0.868499	       1.06471	
22.000	      0.868499	       1.06471	
22.500	       1.89697	     0.0052124	
23.000	      0.279274	       1.12262	
23.500	      0.279274	       1.12262	
24.000	         2.245	      0.563978	
24.500	      0.329695	      0.352183	
25.000	       2.19013	      0.299436	
25.500	       2.19013	      0.299436	
26.000	     0.0874238	      0.294159	
26.500	       6.92287	      0.292781	
27.000	       6.92287	      0.292781	
27.500	        12.886	      0.292237	
28.000	       74.5193	      0.291936	
28.500	       747.303	      0.291779	
29.000	       747.303	      0.291779	
29.500	       72.8467	      0.292126	
30.000	       13.8508	      0.298926	
30.500	       13.8508	      0.298926	
31.000	       5.86597	      0.184403	
31.500	       2.38429	      0.289256	
32.000	        1.9758	      0.229798	
32.500	        1.9758	      0.229798	
33.000	      0.724947	      0.956748	
33.500	      0.860697	      0.138562	
34.000	      0.860697	      0.138562	
34.500	      0.350781	      0.292193	
35.000	      0.619578	       0.19856	
35.500	      0.619578	       0.19856	
36.000	     0.0827979	      0.290439	
36.500	      0.336058	       0.28221	
37.000	      0.143128	      0.278574	
37.500	      0.143128	      0.278574	
38.000	      0.185385	      0.271162	
38.500	     0.0509748	      0.364478	
39.000	     0.0509748	      0.364478	
39.500	     0.0860956	     0.0300875	
40.000	      0.191938	      0.370715	
40.500	      0.861317	     0.0455001	
41.000	      0.861317	     0.0455001	
41.500	       0.23928	      0.348871	
42.000	      0.187494	      0.184672	
42.500	      0.187494	      0.184672	
43.000	      0.266497	      0.138318	
43.500	      0.901498	       2.62404	
44.000	      0.854348	       28.4976	
44.500	      0.854348	       28.4976	
45.000	      0.163989	       2.51297	
45.500	      0.199508	      0.227174	
46.000	      0.199508	      0.227174	
46.500	      0.168816	     0.0714128	
47.000	      0.795296	      0.172612	
47.500	      0.443671	      0.219101	
48.000	      0.443671	      0.219101	
48.500	       1.18332	      0.247161	
49.000	      0.155959	      0.207414	
49.500	      0.155959	      0.207414	
50.000	      0.229734	      0.317416	
50.500	      0.188288	      0.267325	
51.000	       0.23293	      0.322484	
51.500	       0.23293	      0.322484	
52.000	      0.144144	      0.279079	
52.500	        1.4749	      0.285292	
53.000	        1.4749	      0.285292	
53.500	      0.383611	       0.28792	
54.000	      0.770039	      0.289793	
54.500	      0.219954	      0.291256	
55.000	      0.219954	      0.291256	
55.500	      0.261748	      0.292442	
56.000	      0.276916	      0.293423	
56.500	      0.276916	      0.293423	
57.000	      0.339491	      0.294249	
57.500	      0.483112	      0.294953	
58.000	      0.483112	      0.294953	
58.500	      0.338397	       0.29556	
59.000	      0.237175	      0.296088	
59.500	       1.00011	      0.296551	
60.000	       1.00011	      0.296551	
60.500	      0.531176	      0.296961	
61.000	      0.328266	      0.297327	
61.500	      0.328266	      0.297327	
62.000	      0.216557	      0.297655	
62.500	       1.07366	      0.297951	
63.000	       0.22206	      0.298221	
63.500	       0.22206	      0.298221	
64.000	      0.344114	      0.298469	
64.500	      0.468474	      0.298699	
65.000	      0.468474	      0.298699	
65.500	      0.378237	      0.298916	
66.000	     0.0277699	      0.299124	
66.500	      0.504849	      0.299335	
67.000	      0.504849	      0.299335	
67.500	     0.0959083	      0.299566	
68.000	       0.61806	      0.299872	
68.500	       0.61806	      0.299872	
69.000	      0.267003	      0.300481	
69.500	      0.301413	      0.304059	
70.000	    0.00981941	      0.256268	
70.500	    0.00981941	      0.256268	
71.000	      0.775461	      0.304295	
71.500	     0.0613388	      0.300956	
72.000	     0.0613388	      0.300956	
72.500	       0.47628	      0.300588	
73.000	      0.225736	      0.300528	
73.500	      0.292716	      0.300549	
74.000	      0.292716	      0.300549	
74.500	      0.290979	        0.3006	
75.000	      0.291424	      0.300663	
75.500	      0.291424	      0.300663	
76.000	      0.291885	      0.300731	
76.500	        0.2923	      0.300802	
77.000	      0.292678	      0.300874	
77.500	      0.292678	      0.300874	
78.000	      0.293027	      0.300947	
78.500	      0.293354	      0.301022	
79.000	      0.293354	      0.301022	
79.500	      0.293662	      0.301099	
80.000	      0.293954	      0.301181	
80.500	      0.293954	      0.301181	
81.000	      0.294232	       0.30127	
81.500	      0.294497	      0.301371	
82.000	      0.294751	      0.301493	
82.500	      0.294751	      0.301493	
83.000	      0.294994	      0.301652	
83.500	      0.295227	      0.301884	
84.000	      0.295227	      0.301884	
84.500	      0.295451	      0.302271	
85.000	      0.295666	      0.303067	
85.500	      0.295873	      0.305367	
86.000	      0.295873	      0.305367	
86.500	      0.296072	      0.322378	
87.000	      0.296263	     0.0777689	
87.500	      0.296263	     0.0777689	
88.000	      0.296448	      0.379089	
88.500	      0.296626	      0.253211	
89.000	      0.296798	      0.307074	
89.500	      0.296798	      0.307074	
90.000	      0.296964	      0.303116	
90.500	      0.297124	      0.302461	
91.000	      0.297124	      0.302461	
91.500	      0.297279	      0.302211	
92.000	      0.297428	      0.302093	
92.500	      0.297573	      0.302033	
93.000	      0.297573	      0.302033	
93.500	      0.297713	      0.302003	
94.000	      0.297848	       0.30199	
94.500	      0.297848	       0.30199	
95.000	      0.297979	      0.301988	
95.500	      0.298105	      0.301993	
96.000	      0.298228	      0.302002	
96.500	      0.298228	      0.302002	
97.000	      0.298347	      0.302015	
97.500	      0.298462	      0.302029	
98.000	      0.298462	      0.302029	
98.500	      0.298574	      0.302044	
99.000	      0.298682	      0.302061	
99.500	      0.298787	      0.302078	
100.000	      0.298787	      0.302078	
100.500	      0.298889	      0.302095	
101.000	      0.298988	      0.302112	
101.500	      0.298988	      0.302112	
102.000	      0.299084	       0.30213	
102.500	      0.299177	      0.302147	
103.000	      0.299177	      0.302147	
103.500	      0.299268	      0.302164	
104.000	      0.299356	      0.302182	
104.500	      0.299441	      0.302198	
105.000	      0.299441	      0.302198	
105.500	      0.299524	      0.302215	
106.000	      0.299605	      0.302232	
106.500	      0.299605	      0.302232	
107.000	      0.299684	      0.302248	
107.500	       0.29976	      0.302263	
108.000	      0.299835	      0.302279	
108.500	      0.299835	      0.302279	
109.000	      0.299907	      0.302294	
109.500	      0.299977	      0.302309	
110.000	      0.299977	      0.302309	
110.500	      0.300046	      0.302323	
111.000	      0.300113	      0.302338	
111.500	      0.300178	      0.302352	
112.000	      0.300178	      0.302352	
112.500	      0.300241	      0.302365	
113.000	      0.300303	      0.302379	
113.500	      0.300303	      0.302379	
114.000	      0.300363	      0.302391	
114.500	      0.300422	      0.302404	
115.000	      0.300479	      0.302417	
115.500	      0.300479	      0.302417	
116.000	      0.300534	      0.302429	
116.500	      0.300589	       0.30244	
117.000	      0.300589	       0.30244	
117.500	      0.300642	      0.302452	
118.000	      0.300693	      0.302463	
118.500	      0.300744	      0.302474	
119.000	      0.300744	      0.302474	
119.500	      0.300793	      0.302485	
120.000	      0.300841	      0.302495	
120.500	      0.300841	      0.302495	
121.000	      0.300888	      0.302505	
121.500	      0.300933	      0.302515	
122.000	      0.300978	      0.302524	
122.500	      0.300978	      0.302524	
123.000	      0.301021	      0.302534	
123.500	      0.301064	      0.302543	
124.000	      0.301064	      0.302543	
124.500	      0.301106	      0.302552	
125.000	      0.301146	       0.30256	
125.500	      0.301146	       0.30256	
126.000	      0.301186	      0.302568	
126.500	      0.301224	      0.302576	
127.000	      0.301262	      0.302584	
127.500	      0.301262	      0.302584	
128.000	      0.301299	      0.302592	
128.500	      0.301335	      0.302599	
129.000	      0.301335	      0.302599	
129.500	      0.301371	      0.302606	
130.000	      0.301405	      0.302613	
130.500	      0.301439	       0.30262	
131.000	      0.301439	       0.30262	
131.500	      0.301472	      0.302626	
132.000	      0.301504	      0.302633	
132.500	      0.301504	      0.302633	
133.000	      0.301536	      0.302639	
133.500	      0.301567	      0.302644	
134.000	      0.301597	       0.30265	
134.500	      0.301597	       0.30265	
135.000	      0.301626	      0.302655	
135.500	      0.301655	      0.302661	
136.000	      0.301655	      0.302661	
136.500	      0.301683	      0.302666	
137.000	      0.301711	       0.30267	
137.500	      0.301738	      0.302675	
138.000	      0.301738	      0.302675	
138.500	      0.301764	      0.302679	
139.000	       0.30179	      0.302684	
139.500	       0.30179	      0.302684	
140.000	      0.301815	      0.302688	
140.500	       0.30184	      0.302692	
141.000	      0.301864	      0.302695	
141.500	      0.301864	      0.302695	
142.000	      0.301888	      0.302699	
142.500	      0.301911	      0.302702	
143.000	      0.301911	      0.302702	
143.500	      0.301934	      0.302705	
144.000	      0.301956	      0.302708	
144.500	      0.301978	      0.302711	
145.000	      0.301978	      0.302711	
145.500	      0.301999	      0.302713	
146.000	       0.30202	      0.302715	
146.500	       0.30202	      0.302715	
147.000	       0.30204	      0.302718	
147.500	       0.30206	       0.30272	
148.000	       0.30206	       0.30272	
148.500	       0.30208	      0.302721	
149.000	      0.302099	      0.302723	
149.500	      0.302117	      0.302725	
150.000	      0.302117	      0.302725	
150.500	      0.302135	      0.302726	
151.000	      0.302153	      0.302727	
151.500	      0.302153	      0.302727	
152.000	      0.302171	      0.302728	
152.500	      0.302188	      0.302729	
153.000	      0.302205	      0.302729	
153.500	      0.302205	      0.302729	
154.000	      0.302221	       0.30273	
154.500	      0.302237	       0.30273	
155.000	      0.302237	       0.30273	
155.500	      0.302253	       0.30273	
156.000	      0.302268	       0.30273	
156.500	      0.302283	       0.30273	
157.000	      0.302283	       0.30273	
157.500	      0.302298	      0.302729	
158.000	      0.302312	      0.302729	
158.500	      0.302312	      0.302729	
159.000	      0.302326	      0.302728	
159.500	       0.30234	      0.302727	
160.000	      0.302353	      0.302726	
160.500	      0.302353	      0.302726	
161.000	      0.302366	      0.302724	
161.500	      0.302379	      0.302723	
162.000	      0.302379	      0.302723	
162.500	      0.302392	      0.302721	
163.000	      0.302404	      0.302719	
163.500	      0.302416	      0.302717	
164.000	      0.302416	      0.302717	
164.500	      0.302427	      0.302715	
165.000	      0.302439	      0.302713	
165.500	      0.302439	      0.302713	
166.000	       0.30245	       0.30271	
166.500	      0.302461	      0.302708	
167.000	      0.302471	      0.302705	
167.500	      0.302471	      0.302705	
168.000	      0.302482	      0.302702	
168.500	      0.302492	      0.302698	
169.000	      0.302492	      0.302698	
169.500	      0.302502	      0.302695	
170.000	      0.302511	      0.302691	
170.500	      0.302511	      0.302691	
171.000	      0.302521	      0.302688	
171.500	       0.30253	      0.302684	
172.000	      0.302539	       0.30268	
172.500	      0.302539	       0.30268	
173.000	      0.302547	      0.302675	
173.500	      0.302556	      0.302671	
174.000	      0.302556	      0.302671	
174.500	      0.302564	      0.302666	
175.000	      0.302572	      0.302661	
175.500	      0.302579	      0.302656	
176.000	      0.302579	      0.302656	
176.500	      0.302587	      0.302651	
177.000	      0.302594	      0.302645	
177.500	      0.302594	      0.302645	
178.000	      0.302601	       0.30264	
178.500	      0.302608	      0.302634	
179.000	      0.302615	      0.302628	
179.500	      0.302615	      0.302628	
180.000	      0.302621	      0.302621	
