
TracePro Release: 3 2 0 
Polar Candela Distribution Data for 
Data covers +/- 180.000 degrees from Normal
Data for Missed Rays
Data generated at 14:26:47 June 21, 2025

	   0.0	 180.0
0.000	   0.000183974	   0.000183974	
3.000	   0.000181584	    0.00379999	
6.000	   0.000136924	     0.0510456	
9.000	    0.00569323	     0.0320039	
12.000	    0.00569323	    0.00741223	
15.000	   0.000136921	    0.00598066	
18.000	   0.000225487	   0.000316677	
21.000	      0.023699	   0.000184792	
24.000	      0.135886	    0.00161782	
27.000	      0.196398	     0.0084702	
30.000	       0.15424	    0.00328002	
33.000	      0.118321	   0.000161489	
36.000	      0.153067	   0.000181588	
39.000	     0.0686704	   0.000181589	
42.000	      0.253391	   0.000181589	
45.000	     0.0540631	   0.000181589	
48.000	     0.0605404	    0.00018159	
51.000	      0.371031	    0.00018159	
54.000	      0.256139	    0.00018159	
57.000	      0.319433	    0.00018159	
60.000	      0.373435	    0.00018159	
63.000	      0.331329	    0.00018159	
66.000	       0.53004	    0.00018159	
69.000	       6.14319	    0.00018159	
72.000	        66.942	    0.00018159	
75.000	        2.1783	    0.00018159	
78.000	     0.0182105	    0.00018159	
81.000	     0.0001777	   0.000181591	
84.000	    0.00018135	   0.000181591	
87.000	   0.000181525	   0.000181591	
90.000	   0.000664333	   0.000181591	
93.000	     0.0189374	   0.000181591	
96.000	    0.00172313	   0.000181591	
99.000	   0.000180273	   0.000181591	
102.000	   0.000181497	   0.000181591	
105.000	  9.25095e-005	   0.000181591	
108.000	     0.0194196	   0.000181591	
111.000	    0.00367796	   0.000181591	
114.000	   0.000187995	   0.000181591	
117.000	   0.000318278	   0.000181591	
120.000	    0.00600614	   0.000181591	
123.000	    0.00172922	   0.000181591	
126.000	    0.00821884	   0.000181591	
129.000	    0.00344302	   0.000181591	
132.000	    0.00125733	   0.000181591	
135.000	   0.000183996	   0.000181591	
138.000	   0.000181583	    0.00018159	
141.000	   0.000181583	    0.00018159	
144.000	   0.000181584	    0.00018159	
147.000	   0.000181585	    0.00018159	
150.000	   0.000181585	    0.00018159	
153.000	   0.000181586	    0.00018159	
156.000	   0.000181586	    0.00018159	
159.000	   0.000181587	    0.00018159	
162.000	   0.000181587	    0.00018159	
165.000	   0.000181588	    0.00018159	
168.000	   0.000181588	    0.00018159	
171.000	   0.000181588	   0.000181589	
174.000	   0.000181588	   0.000181589	
177.000	   0.000181589	   0.000181589	
180.000	   0.000181589	   0.000181589	
