
TracePro Release: 3 2 0 
Polar Candela Distribution Data for 
Data covers +/- 180.000 degrees from Normal
Data for Missed Rays
Data generated at 09:46:31 June 25, 2025

	   0.0	 180.0
0.000	      0.293624	      0.293624	
0.500	      0.173015	      0.166282	
1.000	      0.173015	      0.166282	
1.500	      0.386443	      0.357746	
2.000	      0.134501	      0.660939	
2.500	     0.0941623	      0.795586	
3.000	     0.0941623	      0.795586	
3.500	     0.0872648	      0.277212	
4.000	     0.0841407	      0.418951	
4.500	     0.0841407	      0.418951	
5.000	     0.0914209	       1.38129	
5.500	      0.216571	      0.415401	
6.000	       0.98981	      0.117966	
6.500	       0.98981	      0.117966	
7.000	      0.697888	   0.000799275	
7.500	       1.52644	      0.610306	
8.000	       1.52644	      0.610306	
8.500	      0.480585	      0.909102	
9.000	      0.144248	      0.281262	
9.500	      0.565982	       1.31731	
10.000	      0.565982	       1.31731	
10.500	       1.04342	        2.2056	
11.000	      0.392484	       2.72007	
11.500	      0.392484	       2.72007	
12.000	      0.134363	       3.83432	
12.500	      0.426136	        3.9157	
13.000	      0.426136	        3.9157	
13.500	       1.27906	        5.6718	
14.000	       1.60631	       7.77947	
14.500	       1.44145	       2.63714	
15.000	       1.44145	       2.63714	
15.500	      0.172719	     0.0158112	
16.000	       1.97355	      0.101185	
16.500	       1.97355	      0.101185	
17.000	       1.92893	      0.101582	
17.500	       1.70513	     0.0999847	
18.000	      0.571185	     0.0988495	
18.500	      0.571185	     0.0988495	
19.000	       1.16818	     0.0978944	
19.500	       1.18725	     0.0962258	
20.000	       1.18725	     0.0962258	
20.500	       1.79709	     0.0904943	
21.000	      0.841529	     0.0415527	
21.500	      0.311815	      0.751207	
22.000	      0.311815	      0.751207	
22.500	      0.948123	     0.0519746	
23.000	      0.705575	      0.145648	
23.500	      0.705575	      0.145648	
24.000	      0.449904	      0.412676	
24.500	       1.26092	      0.160181	
25.000	       2.35761	      0.124013	
25.500	       2.35761	      0.124013	
26.000	       2.15465	      0.123892	
26.500	       1.51909	      0.130469	
27.000	       1.51909	      0.130469	
27.500	      0.262639	       0.16493	
28.000	      0.405593	       0.32022	
28.500	      0.388596	      0.831063	
29.000	      0.388596	      0.831063	
29.500	       1.02798	      0.763098	
30.000	       1.03103	      0.289819	
30.500	       1.03103	      0.289819	
31.000	       3.41362	      0.385735	
31.500	       4.97647	      0.245592	
32.000	       2.63025	      0.217571	
32.500	       2.63025	      0.217571	
33.000	       3.25271	      0.231142	
33.500	        2.8348	      0.190867	
34.000	        2.8348	      0.190867	
34.500	       3.44219	       1.51757	
35.000	        5.3068	      0.283358	
35.500	        5.3068	      0.283358	
36.000	       1.61393	      0.730069	
36.500	     0.0439933	      0.313977	
37.000	      0.172914	       2.45513	
37.500	      0.172914	       2.45513	
38.000	     0.0725734	       3.15126	
38.500	     0.0691694	       20.3449	
39.000	     0.0691694	       20.3449	
39.500	     0.0302325	       183.114	
40.000	      0.608241	       21.0128	
40.500	        1.0306	       2.04849	
41.000	        1.0306	       2.04849	
41.500	       2.24919	       3.16082	
42.000	      0.365926	       2.59362	
42.500	      0.365926	       2.59362	
43.000	       1.15398	       4.27958	
43.500	      0.133873	      0.474107	
44.000	      0.695452	       1.80996	
44.500	      0.695452	       1.80996	
45.000	       1.21942	      0.116378	
45.500	      0.821191	       1.07496	
46.000	      0.821191	       1.07496	
46.500	      0.125793	      0.434046	
47.000	      0.886484	       1.17686	
47.500	       1.14341	     0.0109651	
48.000	       1.14341	     0.0109651	
48.500	       1.45376	      0.309158	
49.000	       1.69263	     0.0773599	
49.500	       1.69263	     0.0773599	
50.000	        1.0404	      0.205838	
50.500	       1.28715	     0.0682356	
51.000	      0.859477	      0.230993	
51.500	      0.859477	      0.230993	
52.000	      0.015756	     0.0107699	
52.500	      0.394234	       0.16882	
53.000	      0.394234	       0.16882	
53.500	       0.78282	      0.108502	
54.000	        1.4342	      0.108686	
54.500	        1.5288	       0.10659	
55.000	        1.5288	       0.10659	
55.500	       0.24928	      0.104581	
56.000	      0.666447	      0.102774	
56.500	      0.666447	      0.102774	
57.000	       1.30371	      0.101163	
57.500	      0.486265	     0.0997274	
58.000	      0.486265	     0.0997274	
58.500	       0.96382	     0.0984466	
59.000	       2.23326	     0.0973029	
59.500	       1.99169	      0.096282	
60.000	       1.99169	      0.096282	
60.500	       1.17057	     0.0953737	
61.000	      0.687474	     0.0945734	
61.500	      0.687474	     0.0945734	
62.000	      0.735095	     0.0938847	
62.500	      0.346471	     0.0933287	
63.000	        2.1978	     0.0929699	
63.500	        2.1978	     0.0929699	
64.000	       1.00869	     0.0930165	
64.500	      0.888026	     0.0943777	
65.000	      0.888026	     0.0943777	
65.500	       1.75089	       0.10774	
66.000	       1.69502	     0.0839245	
66.500	       0.32489	      0.110267	
67.000	       0.32489	      0.110267	
67.500	      0.759424	     0.0404335	
68.000	      0.121738	      0.152223	
68.500	      0.121738	      0.152223	
69.000	      0.177452	     0.0854996	
69.500	       1.77656	     0.0931632	
70.000	       1.79591	     0.0336949	
70.500	       1.79591	     0.0336949	
71.000	       1.57765	     0.0928879	
71.500	     0.0543216	     0.0883088	
72.000	     0.0543216	     0.0883088	
72.500	      0.234054	     0.0872843	
73.000	       2.63682	     0.0840424	
73.500	       1.13135	      0.144996	
74.000	       1.13135	      0.144996	
74.500	      0.997745	     0.0128445	
75.000	       1.87556	      0.098893	
75.500	       1.87556	      0.098893	
76.000	       1.79624	     0.0412508	
76.500	      0.340676	      0.094211	
77.000	       3.65258	     0.0412772	
77.500	       3.65258	     0.0412772	
78.000	       3.39251	     0.0880241	
78.500	        2.1336	     0.0787179	
79.000	        2.1336	     0.0787179	
79.500	       2.35942	      0.149443	
80.000	       0.64082	     0.0767816	
80.500	       0.64082	     0.0767816	
81.000	        1.3432	     0.0810226	
81.500	       2.28132	     0.0805307	
82.000	       1.83587	     0.0790401	
82.500	       1.83587	     0.0790401	
83.000	       2.24824	     0.0763736	
83.500	     0.0622638	     0.0713668	
84.000	     0.0622638	     0.0713668	
84.500	       4.11253	     0.0602978	
85.000	       7.31046	     0.0268237	
85.500	       38.3941	      0.226999	
86.000	       38.3941	      0.226999	
86.500	       392.879	       3.44273	
87.000	       38.6205	       1.01308	
87.500	       38.6205	       1.01308	
88.000	       6.52697	      0.730227	
88.500	       4.09147	      0.738514	
89.000	       1.58442	      0.792343	
89.500	       1.58442	      0.792343	
90.000	       1.04508	      0.432935	
90.500	      0.690875	      0.457993	
91.000	      0.690875	      0.457993	
91.500	      0.584815	      0.484853	
92.000	      0.342815	      0.675746	
92.500	      0.249136	      0.324685	
93.000	      0.249136	      0.324685	
93.500	       0.12554	      0.196481	
94.000	      0.863203	     0.0778856	
94.500	      0.863203	     0.0778856	
95.000	    0.00551041	     0.0822983	
95.500	      0.449808	     0.0825928	
96.000	     0.0177676	     0.0826798	
96.500	     0.0177676	     0.0826798	
97.000	     0.0306441	     0.0827292	
97.500	       0.01116	     0.0827633	
98.000	       0.01116	     0.0827633	
98.500	      0.139159	     0.0827874	
99.000	    0.00632094	     0.0828035	
99.500	    0.00829411	     0.0828133	
100.000	    0.00829411	     0.0828133	
100.500	      0.173996	     0.0828177	
101.000	    0.00195078	     0.0828179	
101.500	    0.00195078	     0.0828179	
102.000	     0.0176724	     0.0828146	
102.500	     0.0131826	     0.0828084	
103.000	     0.0131826	     0.0828084	
103.500	      0.124156	     0.0827999	
104.000	     0.0479407	     0.0827894	
104.500	      0.822621	     0.0827774	
105.000	      0.822621	     0.0827774	
105.500	     0.0316532	     0.0827642	
106.000	     0.0330957	     0.0827499	
106.500	     0.0330957	     0.0827499	
107.000	     0.0391827	     0.0827349	
107.500	      0.127505	     0.0827192	
108.000	     0.0461437	      0.082703	
108.500	     0.0461437	      0.082703	
109.000	       0.17263	     0.0826864	
109.500	     0.0332533	     0.0826696	
110.000	     0.0332533	     0.0826696	
110.500	      0.349308	     0.0826525	
111.000	       2.31495	     0.0826353	
111.500	       1.03133	      0.082618	
112.000	       1.03133	      0.082618	
112.500	       1.02098	     0.0826007	
113.000	      0.718424	     0.0825833	
113.500	      0.718424	     0.0825833	
114.000	     0.0339846	      0.082566	
114.500	      0.066182	     0.0825488	
115.000	     0.0683937	     0.0825316	
115.500	     0.0683937	     0.0825316	
116.000	     0.0689016	     0.0825145	
116.500	     0.0692309	     0.0824975	
117.000	     0.0692309	     0.0824975	
117.500	     0.0695728	     0.0824806	
118.000	     0.0699436	     0.0824639	
118.500	     0.0703333	     0.0824472	
119.000	     0.0703333	     0.0824472	
119.500	     0.0707306	     0.0824307	
120.000	     0.0711273	     0.0824144	
120.500	     0.0711273	     0.0824144	
121.000	     0.0715176	     0.0823982	
121.500	     0.0718979	     0.0823821	
122.000	     0.0722661	     0.0823661	
122.500	     0.0722661	     0.0823661	
123.000	      0.072621	     0.0823503	
123.500	     0.0729618	     0.0823346	
124.000	     0.0729618	     0.0823346	
124.500	     0.0732886	     0.0823191	
125.000	     0.0736014	     0.0823036	
125.500	     0.0736014	     0.0823036	
126.000	     0.0739005	     0.0822883	
126.500	     0.0741864	     0.0822731	
127.000	     0.0744596	     0.0822581	
127.500	     0.0744596	     0.0822581	
128.000	     0.0747206	     0.0822431	
128.500	       0.07497	     0.0822282	
129.000	       0.07497	     0.0822282	
129.500	     0.0752084	     0.0822135	
130.000	     0.0754362	     0.0821988	
130.500	      0.075654	     0.0821842	
131.000	      0.075654	     0.0821842	
131.500	     0.0758623	     0.0821697	
132.000	     0.0760617	     0.0821553	
132.500	     0.0760617	     0.0821553	
133.000	     0.0762525	     0.0821409	
133.500	     0.0764353	     0.0821266	
134.000	     0.0766105	     0.0821124	
134.500	     0.0766105	     0.0821124	
135.000	     0.0767783	     0.0820982	
135.500	     0.0769394	     0.0820841	
136.000	     0.0769394	     0.0820841	
136.500	     0.0770939	       0.08207	
137.000	     0.0772422	      0.082056	
137.500	     0.0773847	      0.082042	
138.000	     0.0773847	      0.082042	
138.500	     0.0775216	      0.082028	
139.000	     0.0776532	     0.0820141	
139.500	     0.0776532	     0.0820141	
140.000	     0.0777797	     0.0820001	
140.500	     0.0779015	     0.0819862	
141.000	     0.0780188	     0.0819722	
141.500	     0.0780188	     0.0819722	
142.000	     0.0781317	     0.0819583	
142.500	     0.0782406	     0.0819444	
143.000	     0.0782406	     0.0819444	
143.500	     0.0783455	     0.0819304	
144.000	     0.0784466	     0.0819164	
144.500	     0.0785442	     0.0819024	
145.000	     0.0785442	     0.0819024	
145.500	     0.0786385	     0.0818884	
146.000	     0.0787294	     0.0818743	
146.500	     0.0787294	     0.0818743	
147.000	     0.0788173	     0.0818602	
147.500	     0.0789023	      0.081846	
148.000	     0.0789023	      0.081846	
148.500	     0.0789844	     0.0818318	
149.000	     0.0790638	     0.0818175	
149.500	     0.0791406	     0.0818032	
150.000	     0.0791406	     0.0818032	
150.500	      0.079215	     0.0817887	
151.000	      0.079287	     0.0817742	
151.500	      0.079287	     0.0817742	
152.000	     0.0793568	     0.0817596	
152.500	     0.0794243	     0.0817449	
153.000	     0.0794899	     0.0817302	
153.500	     0.0794899	     0.0817302	
154.000	     0.0795534	     0.0817153	
154.500	      0.079615	     0.0817003	
155.000	      0.079615	     0.0817003	
155.500	     0.0796748	     0.0816851	
156.000	     0.0797328	     0.0816699	
156.500	     0.0797891	     0.0816545	
157.000	     0.0797891	     0.0816545	
157.500	     0.0798439	      0.081639	
158.000	      0.079897	     0.0816233	
158.500	      0.079897	     0.0816233	
159.000	     0.0799487	     0.0816075	
159.500	      0.079999	     0.0815915	
160.000	     0.0800478	     0.0815754	
160.500	     0.0800478	     0.0815754	
161.000	     0.0800954	      0.081559	
161.500	     0.0801416	     0.0815425	
162.000	     0.0801416	     0.0815425	
162.500	     0.0801866	     0.0815258	
163.000	     0.0802305	     0.0815089	
163.500	     0.0802732	     0.0814918	
164.000	     0.0802732	     0.0814918	
164.500	     0.0803148	     0.0814745	
165.000	     0.0803553	     0.0814569	
165.500	     0.0803553	     0.0814569	
166.000	     0.0803949	     0.0814391	
166.500	     0.0804334	     0.0814211	
167.000	      0.080471	     0.0814028	
167.500	      0.080471	     0.0814028	
168.000	     0.0805077	     0.0813843	
168.500	     0.0805435	     0.0813655	
169.000	     0.0805435	     0.0813655	
169.500	     0.0805785	     0.0813464	
170.000	     0.0806126	      0.081327	
170.500	     0.0806126	      0.081327	
171.000	     0.0806459	     0.0813073	
171.500	     0.0806785	     0.0812873	
172.000	     0.0807103	      0.081267	
172.500	     0.0807103	      0.081267	
173.000	     0.0807415	     0.0812463	
173.500	     0.0807719	     0.0812253	
174.000	     0.0807719	     0.0812253	
174.500	     0.0808017	      0.081204	
175.000	     0.0808308	     0.0811822	
175.500	     0.0808593	     0.0811601	
176.000	     0.0808593	     0.0811601	
176.500	     0.0808873	     0.0811376	
177.000	     0.0809146	     0.0811147	
177.500	     0.0809146	     0.0811147	
178.000	     0.0809414	     0.0810913	
178.500	     0.0809676	     0.0810675	
179.000	     0.0809933	     0.0810433	
179.500	     0.0809933	     0.0810433	
180.000	     0.0810186	     0.0810186	
