
TracePro Release: 3 2 0 
Polar Candela Distribution Data for 
Data covers +/- 180.000 degrees from Normal
Data for Missed Rays
Data generated at 09:46:15 June 30, 2025

	   0.0	 180.0
0.000	      0.172108	      0.172108	
0.500	      0.169609	      0.174397	
1.000	      0.169609	      0.174397	
1.500	      0.166875	      0.176499	
2.000	      0.163873	      0.178436	
2.500	      0.160568	      0.180223	
3.000	      0.160568	      0.180223	
3.500	      0.156917	      0.181877	
4.000	       0.15287	       0.18341	
4.500	       0.15287	       0.18341	
5.000	      0.148366	      0.184834	
5.500	      0.143334	       0.18616	
6.000	      0.137688	      0.187396	
6.500	      0.137688	      0.187396	
7.000	      0.131322	      0.188552	
7.500	       0.12411	      0.189633	
8.000	       0.12411	      0.189633	
8.500	      0.115893	      0.190648	
9.000	      0.106475	        0.1916	
9.500	     0.0956109	      0.192497	
10.000	     0.0956109	      0.192497	
10.500	     0.0829867	      0.193342	
11.000	     0.0682004	      0.194139	
11.500	     0.0682004	      0.194139	
12.000	      0.050728	      0.194893	
12.500	     0.0298765	      0.195607	
13.000	     0.0298765	      0.195607	
13.500	    0.00471382	      0.196284	
14.000	      0.026037	      0.196927	
14.500	     0.0641634	      0.197539	
15.000	     0.0641634	      0.197539	
15.500	       0.11223	      0.198122	
16.000	       0.17402	      0.198678	
16.500	       0.17402	      0.198678	
17.000	       0.25531	       0.19921	
17.500	      0.365266	      0.199719	
18.000	      0.519163	      0.200208	
18.500	      0.519163	      0.200208	
19.000	         0.744	      0.200677	
19.500	       1.09128	      0.201129	
20.000	       1.09128	      0.201129	
20.500	       1.66955	      0.201565	
21.000	       2.74177	      0.201986	
21.500	       5.09321	      0.202394	
22.000	       5.09321	      0.202394	
22.500	       12.0927	       0.20279	
23.000	       63.4287	      0.203175	
23.500	       63.4287	      0.203175	
24.000	       649.875	       0.20355	
24.500	       63.4287	      0.203917	
25.000	       12.0927	      0.204276	
25.500	       12.0927	      0.204276	
26.000	       5.09324	      0.204629	
26.500	        2.7418	      0.204977	
27.000	        2.7418	      0.204977	
27.500	       1.66959	      0.205321	
28.000	       1.09133	      0.205663	
28.500	      0.744057	      0.206002	
29.000	      0.744057	      0.206002	
29.500	      0.519227	      0.206342	
30.000	      0.365339	      0.206682	
30.500	      0.365339	      0.206682	
31.000	      0.255391	      0.207024	
31.500	       0.17411	      0.207371	
32.000	      0.112328	      0.207723	
32.500	      0.112328	      0.207723	
33.000	       0.06427	      0.208082	
33.500	     0.0261523	      0.208451	
34.000	     0.0261523	      0.208451	
34.500	    0.00458957	      0.208831	
35.000	     0.0297432	      0.209225	
35.500	     0.0297432	      0.209225	
36.000	     0.0505856	      0.209635	
36.500	     0.0680487	      0.210066	
37.000	     0.0828255	       0.21052	
37.500	     0.0828255	       0.21052	
38.000	       0.09544	      0.211002	
38.500	      0.106295	      0.211516	
39.000	      0.106295	      0.211516	
39.500	      0.115702	       0.21207	
40.000	      0.123909	      0.212668	
40.500	      0.131111	      0.213321	
41.000	      0.131111	      0.213321	
41.500	      0.137465	      0.214038	
42.000	      0.143101	      0.214831	
42.500	      0.143101	      0.214831	
43.000	      0.148121	      0.215716	
43.500	      0.152614	       0.21671	
44.000	      0.156649	      0.217837	
44.500	      0.156649	      0.217837	
45.000	      0.160288	      0.219128	
45.500	       0.16358	       0.22062	
46.000	       0.16358	       0.22062	
46.500	      0.166569	      0.222362	
47.000	       0.16929	       0.22442	
47.500	      0.171774	      0.226883	
48.000	      0.171774	      0.226883	
48.500	      0.174049	       0.22987	
49.000	      0.176137	      0.233551	
49.500	      0.176137	      0.233551	
50.000	      0.178058	      0.238168	
50.500	      0.179829	      0.244078	
51.000	      0.181467	      0.251826	
51.500	      0.181467	      0.251826	
52.000	      0.182983	      0.262278	
52.500	      0.184389	      0.276875	
53.000	      0.184389	      0.276875	
53.500	      0.185697	      0.298166	
54.000	      0.186915	      0.331011	
54.500	       0.18805	      0.385656	
55.000	       0.18805	      0.385656	
55.500	      0.189112	       0.48692	
56.000	      0.190104	       0.70892	
56.500	      0.190104	       0.70892	
57.000	      0.191035	       1.36962	
57.500	      0.191908	       6.21496	
58.000	      0.191908	       6.21496	
58.500	      0.192728	       61.1091	
59.000	        0.1935	       6.21507	
59.500	      0.194228	       1.36985	
60.000	      0.194228	       1.36985	
60.500	      0.194914	      0.709264	
61.000	      0.195562	       0.48738	
61.500	      0.195562	       0.48738	
62.000	      0.196174	      0.386231	
62.500	      0.196754	      0.331702	
63.000	      0.197303	      0.298974	
63.500	      0.197303	      0.298974	
64.000	      0.197824	      0.277801	
64.500	      0.198319	      0.263322	
65.000	      0.198319	      0.263322	
65.500	      0.198789	       0.25299	
66.000	      0.199236	      0.245362	
66.500	      0.199662	      0.239574	
67.000	      0.199662	      0.239574	
67.500	      0.200067	       0.23508	
68.000	      0.200454	      0.231523	
68.500	      0.200454	      0.231523	
69.000	      0.200823	      0.228661	
69.500	      0.201176	      0.226326	
70.000	      0.201514	      0.224397	
70.500	      0.201514	      0.224397	
71.000	      0.201836	      0.222786	
71.500	      0.202146	      0.221427	
72.000	      0.202146	      0.221427	
72.500	      0.202442	      0.220272	
73.000	      0.202726	      0.219283	
73.500	      0.202999	      0.218429	
74.000	      0.202999	      0.218429	
74.500	      0.203261	      0.217688	
75.000	      0.203513	       0.21704	
75.500	      0.203513	       0.21704	
76.000	      0.203755	      0.216472	
76.500	      0.203989	      0.215972	
77.000	      0.204214	      0.215528	
77.500	      0.204214	      0.215528	
78.000	      0.204431	      0.215134	
78.500	       0.20464	      0.214783	
79.000	       0.20464	      0.214783	
79.500	      0.204842	      0.214468	
80.000	      0.205037	      0.214185	
80.500	      0.205037	      0.214185	
81.000	      0.205226	      0.213931	
81.500	      0.205409	      0.213701	
82.000	      0.205586	      0.213493	
82.500	      0.205586	      0.213493	
83.000	      0.205757	      0.213304	
83.500	      0.205924	      0.213132	
84.000	      0.205924	      0.213132	
84.500	      0.206085	      0.212975	
85.000	      0.206242	      0.212833	
85.500	      0.206395	      0.212702	
86.000	      0.206395	      0.212702	
86.500	      0.206544	      0.212582	
87.000	      0.206688	      0.212472	
87.500	      0.206688	      0.212472	
88.000	       0.20683	      0.212372	
88.500	      0.206967	      0.212279	
89.000	      0.207102	      0.212193	
89.500	      0.207102	      0.212193	
90.000	      0.207234	      0.212114	
90.500	      0.207363	      0.212041	
91.000	      0.207363	      0.212041	
91.500	      0.207489	      0.211974	
92.000	      0.207613	      0.211912	
92.500	      0.207735	      0.211854	
93.000	      0.207735	      0.211854	
93.500	      0.207855	      0.211801	
94.000	      0.207973	      0.211751	
94.500	      0.207973	      0.211751	
95.000	      0.208089	      0.211705	
95.500	      0.208204	      0.211662	
96.000	      0.208318	      0.211623	
96.500	      0.208318	      0.211623	
97.000	      0.208431	      0.211586	
97.500	      0.208543	      0.211551	
98.000	      0.208543	      0.211551	
98.500	      0.208654	      0.211519	
99.000	      0.208764	      0.211489	
99.500	      0.208875	      0.211462	
100.000	      0.208875	      0.211462	
100.500	      0.208985	      0.211436	
101.000	      0.209096	      0.211412	
101.500	      0.209096	      0.211412	
102.000	      0.209206	      0.211389	
102.500	      0.209318	      0.211368	
103.000	      0.209318	      0.211368	
103.500	       0.20943	      0.211349	
104.000	      0.209544	      0.211331	
104.500	      0.209659	      0.211314	
105.000	      0.209659	      0.211314	
105.500	      0.209775	      0.211298	
106.000	      0.209894	      0.211283	
106.500	      0.209894	      0.211283	
107.000	      0.210015	      0.211269	
107.500	      0.210139	      0.211256	
108.000	      0.210267	      0.211244	
108.500	      0.210267	      0.211244	
109.000	      0.210398	      0.211233	
109.500	      0.210533	      0.211223	
110.000	      0.210533	      0.211223	
110.500	      0.210674	      0.211213	
111.000	       0.21082	      0.211204	
111.500	      0.210972	      0.211196	
112.000	      0.210972	      0.211196	
112.500	      0.211131	      0.211188	
113.000	      0.211298	      0.211181	
113.500	      0.211298	      0.211181	
114.000	      0.211474	      0.211175	
114.500	      0.211661	      0.211169	
115.000	      0.211858	      0.211163	
115.500	      0.211858	      0.211163	
116.000	      0.212069	      0.211158	
116.500	      0.212295	      0.211153	
117.000	      0.212295	      0.211153	
117.500	      0.212537	      0.211149	
118.000	      0.212799	      0.211145	
118.500	      0.213082	      0.211141	
119.000	      0.213082	      0.211141	
119.500	      0.213391	      0.211138	
120.000	      0.213728	      0.211135	
120.500	      0.213728	      0.211135	
121.000	      0.214099	      0.211132	
121.500	      0.214509	       0.21113	
122.000	      0.214964	      0.211128	
122.500	      0.214964	      0.211128	
123.000	      0.215472	      0.211126	
123.500	      0.216043	      0.211124	
124.000	      0.216043	      0.211124	
124.500	      0.216688	      0.211123	
125.000	      0.217423	      0.211122	
125.500	      0.217423	      0.211122	
126.000	      0.218265	      0.211121	
126.500	      0.219239	       0.21112	
127.000	      0.220374	      0.211119	
127.500	      0.220374	      0.211119	
128.000	       0.22171	      0.211119	
128.500	      0.223298	      0.211119	
129.000	      0.223298	      0.211119	
129.500	      0.225209	      0.211119	
130.000	      0.227538	      0.211119	
130.500	      0.230418	       0.21112	
131.000	      0.230418	       0.21112	
131.500	      0.234043	       0.21112	
132.000	      0.238695	      0.211121	
132.500	      0.238695	      0.211121	
133.000	      0.244808	      0.211122	
133.500	      0.253067	      0.211122	
134.000	      0.264618	      0.211124	
134.500	      0.264618	      0.211124	
135.000	      0.281482	      0.211125	
135.500	      0.307517	      0.211126	
136.000	      0.307517	      0.211126	
136.500	      0.350856	      0.211128	
137.000	      0.431195	      0.211129	
137.500	      0.607358	      0.211131	
138.000	      0.607358	      0.211131	
138.500	        1.1317	      0.211133	
139.000	       4.97723	      0.211135	
139.500	       4.97723	      0.211135	
140.000	       48.4554	      0.211137	
140.500	       4.97727	       0.21114	
141.000	       1.13178	      0.211142	
141.500	       1.13178	      0.211142	
142.000	      0.607473	      0.211144	
142.500	      0.431348	      0.211147	
143.000	      0.431348	      0.211147	
143.500	      0.351047	       0.21115	
144.000	      0.307747	      0.211153	
144.500	       0.28175	      0.211156	
145.000	       0.28175	      0.211156	
145.500	      0.264924	      0.211159	
146.000	      0.253413	      0.211163	
146.500	      0.253413	      0.211163	
147.000	      0.245192	      0.211166	
147.500	      0.239119	       0.21117	
148.000	      0.239119	       0.21117	
148.500	      0.234506	      0.211174	
149.000	      0.230921	      0.211178	
149.500	       0.22808	      0.211182	
150.000	       0.22808	      0.211182	
150.500	      0.225791	      0.211186	
151.000	      0.223921	      0.211191	
151.500	      0.223921	      0.211191	
152.000	      0.222373	      0.211195	
152.500	      0.221078	        0.2112	
153.000	      0.219984	      0.211205	
153.500	      0.219984	      0.211205	
154.000	      0.219052	      0.211211	
154.500	      0.218252	      0.211216	
155.000	      0.218252	      0.211216	
155.500	       0.21756	      0.211222	
156.000	      0.216957	      0.211228	
156.500	       0.21643	      0.211234	
157.000	       0.21643	      0.211234	
157.500	      0.215965	       0.21124	
158.000	      0.215555	      0.211247	
158.500	      0.215555	      0.211247	
159.000	       0.21519	      0.211254	
159.500	      0.214865	      0.211261	
160.000	      0.214573	      0.211269	
160.500	      0.214573	      0.211269	
161.000	      0.214311	      0.211277	
161.500	      0.214075	      0.211285	
162.000	      0.214075	      0.211285	
162.500	      0.213862	      0.211294	
163.000	      0.213668	      0.211303	
163.500	      0.213492	      0.211313	
164.000	      0.213492	      0.211313	
164.500	      0.213331	      0.211322	
165.000	      0.213184	      0.211333	
165.500	      0.213184	      0.211333	
166.000	       0.21305	      0.211344	
166.500	      0.212926	      0.211355	
167.000	      0.212813	      0.211367	
167.500	      0.212813	      0.211367	
168.000	      0.212708	      0.211379	
168.500	      0.212612	      0.211392	
169.000	      0.212612	      0.211392	
169.500	      0.212522	      0.211406	
170.000	      0.212439	      0.211421	
170.500	      0.212439	      0.211421	
171.000	      0.212363	      0.211436	
171.500	      0.212291	      0.211452	
172.000	      0.212225	      0.211468	
172.500	      0.212225	      0.211468	
173.000	      0.212163	      0.211486	
173.500	      0.212105	      0.211505	
174.000	      0.212105	      0.211505	
174.500	      0.212052	      0.211524	
175.000	      0.212001	      0.211545	
175.500	      0.211954	      0.211567	
176.000	      0.211954	      0.211567	
176.500	       0.21191	       0.21159	
177.000	      0.211869	      0.211614	
177.500	      0.211869	      0.211614	
178.000	       0.21183	       0.21164	
178.500	      0.211793	      0.211667	
179.000	      0.211759	      0.211696	
179.500	      0.211759	      0.211696	
180.000	      0.211726	      0.211726	
