
TracePro Release: 3 2 0 
Polar Candela Distribution Data for 
Data covers +/- 180.000 degrees from Normal
Data for Missed Rays
Data generated at 09:46:32 June 25, 2025

	   0.0	 180.0
0.000	      0.288982	      0.288982	
0.500	      0.289124	      0.288792	
1.000	      0.289124	      0.288792	
1.500	      0.289238	      0.288525	
2.000	      0.289336	       0.28813	
2.500	      0.289429	      0.287504	
3.000	      0.289429	      0.287504	
3.500	      0.289529	      0.286411	
4.000	       0.28965	      0.284187	
4.500	       0.28965	      0.284187	
5.000	      0.289815	      0.278128	
5.500	      0.290061	       0.23799	
6.000	      0.290464	      0.767495	
6.500	      0.290464	      0.767495	
7.000	      0.291199	      0.200096	
7.500	      0.292761	      0.692778	
8.000	      0.292761	      0.692778	
8.500	      0.297154	      0.242015	
9.000	      0.326664	      0.274422	
9.500	     0.0614649	      0.275035	
10.000	     0.0614649	      0.275035	
10.500	      0.361145	      0.262781	
11.000	     0.0931656	      0.152578	
11.500	     0.0931656	      0.152578	
12.000	      0.328433	       1.86826	
12.500	      0.295911	       1.08176	
13.000	      0.295911	       1.08176	
13.500	      0.290142	       1.88748	
14.000	      0.286393	      0.236686	
14.500	      0.280026	      0.422971	
15.000	      0.280026	      0.422971	
15.500	      0.242703	       0.11897	
16.000	      0.729087	      0.403995	
16.500	      0.729087	      0.403995	
17.000	       0.20362	      0.286586	
17.500	      0.778421	      0.289764	
18.000	      0.296229	       0.28986	
18.500	      0.296229	       0.28986	
19.000	       1.04732	      0.289954	
19.500	      0.225411	      0.290073	
20.000	      0.225411	      0.290073	
20.500	      0.282516	      0.290201	
21.000	      0.298957	      0.290335	
21.500	      0.370805	      0.290481	
22.000	      0.370805	      0.290481	
22.500	      0.594885	      0.290661	
23.000	      0.372288	      0.290942	
23.500	      0.372288	      0.290942	
24.000	      0.302957	       0.29161	
24.500	      0.293569	      0.295998	
25.000	       0.29038	      0.236152	
25.500	       0.29038	      0.236152	
26.000	      0.288838	      0.296144	
26.500	      0.287858	      0.291905	
27.000	      0.287858	      0.291905	
27.500	      0.287002	      0.291393	
28.000	       0.28581	      0.291274	
28.500	      0.282541	      0.291269	
29.000	      0.282541	      0.291269	
29.500	       0.25054	      0.291314	
30.000	      0.890922	       0.29139	
30.500	      0.890922	       0.29139	
31.000	      0.958856	      0.291492	
31.500	       1.26862	      0.291624	
32.000	      0.216266	      0.291793	
32.500	      0.216266	      0.291793	
33.000	      0.275721	      0.292012	
33.500	      0.281765	      0.292305	
34.000	      0.281765	      0.292305	
34.500	      0.283214	      0.292717	
35.000	       0.28346	      0.293326	
35.500	       0.28346	      0.293326	
36.000	      0.283074	      0.294302	
36.500	      0.281883	      0.296047	
37.000	      0.278317	      0.299763	
37.500	      0.278317	      0.299763	
38.000	      0.253069	      0.310671	
38.500	       0.60017	      0.392831	
39.000	       0.60017	      0.392831	
39.500	      0.252287	      0.831581	
40.000	      0.276668	      0.995545	
40.500	      0.279141	      0.272099	
41.000	      0.279141	      0.272099	
41.500	      0.278707	      0.395537	
42.000	      0.276016	      0.239141	
42.500	      0.276016	      0.239141	
43.000	      0.267206	      0.347484	
43.500	      0.202466	       0.28984	
44.000	       1.09952	      0.503491	
44.500	       1.09952	      0.503491	
45.000	      0.201781	      0.121098	
45.500	      0.265777	      0.317661	
46.000	      0.265777	      0.317661	
46.500	      0.273694	      0.200261	
47.000	      0.275132	      0.329619	
47.500	      0.273347	     0.0181473	
48.000	      0.273347	     0.0181473	
48.500	      0.265079	      0.319076	
49.000	      0.200553	      0.292623	
49.500	      0.200553	      0.292623	
50.000	        1.1014	      0.346308	
50.500	      0.200852	      0.288163	
51.000	      0.265823	      0.291678	
51.500	      0.265823	      0.291678	
52.000	      0.274903	      0.291899	
52.500	      0.278313	      0.291869	
53.000	      0.278313	      0.291869	
53.500	      0.280522	      0.291806	
54.000	      0.283079	      0.291744	
54.500	      0.288469	      0.291692	
55.000	      0.288469	      0.291692	
55.500	       0.32052	      0.291648	
56.000	     0.0957954	      0.291612	
56.500	     0.0957954	      0.291612	
57.000	      0.330849	      0.291582	
57.500	      0.320641	      0.291558	
58.000	      0.320641	      0.291558	
58.500	      0.451978	      0.291537	
59.000	       1.33862	       0.29152	
59.500	      0.596559	      0.291506	
60.000	      0.596559	      0.291506	
60.500	       1.34108	      0.291494	
61.000	      0.446922	      0.291484	
61.500	      0.446922	      0.291484	
62.000	      0.310005	      0.291476	
62.500	      0.288455	      0.291469	
63.000	      0.279313	      0.291463	
63.500	      0.279313	      0.291463	
64.000	      0.270962	      0.291458	
64.500	      0.222332	      0.291453	
65.000	      0.222332	      0.291453	
65.500	       1.14924	      0.291449	
66.000	       1.51695	      0.291446	
66.500	       2.07773	      0.291444	
67.000	       2.07773	      0.291444	
67.500	      0.670388	      0.291441	
68.000	      0.411031	      0.291439	
68.500	      0.411031	      0.291439	
69.000	      0.537382	      0.291437	
69.500	       0.42471	      0.291436	
70.000	      0.495247	      0.291434	
70.500	      0.495247	      0.291434	
71.000	      0.419738	      0.291433	
71.500	      0.550364	      0.291432	
72.000	      0.550364	      0.291432	
72.500	      0.344472	      0.291431	
73.000	      0.282458	      0.291429	
73.500	      0.335042	      0.291428	
74.000	      0.335042	      0.291428	
74.500	      0.573869	      0.291427	
75.000	      0.330484	      0.291425	
75.500	      0.330484	      0.291425	
76.000	      0.278359	      0.291424	
76.500	        0.3959	      0.291422	
77.000	       1.40058	      0.291419	
77.500	       1.40058	      0.291419	
78.000	      0.497828	      0.291417	
78.500	       1.61542	      0.291414	
79.000	       1.61542	      0.291414	
79.500	       3.02573	       0.29141	
80.000	       2.65036	      0.291405	
80.500	       2.65036	      0.291405	
81.000	        1.9922	      0.291399	
81.500	      0.128851	       0.29139	
82.000	       1.75417	      0.291379	
82.500	       1.75417	      0.291379	
83.000	      0.129151	      0.291363	
83.500	      0.852305	      0.291338	
84.000	      0.852305	      0.291338	
84.500	      0.313512	      0.291298	
85.000	       3.34255	      0.291224	
85.500	      0.341826	      0.291064	
86.000	      0.341826	      0.291064	
86.500	      0.905398	      0.290588	
87.000	       1.93198	      0.287112	
87.500	       1.93198	      0.287112	
88.000	       1.81467	      0.335393	
88.500	       2.12527	      0.287109	
89.000	       1.49194	      0.290582	
89.500	       1.49194	      0.290582	
90.000	       0.74335	      0.291053	
90.500	       2.01426	       0.29121	
91.000	       2.01426	       0.29121	
91.500	       2.94261	      0.291281	
92.000	       1.42081	      0.291318	
92.500	       3.18691	      0.291339	
93.000	       3.18691	      0.291339	
93.500	      0.542768	      0.291351	
94.000	       9.53376	      0.291359	
94.500	       9.53376	      0.291359	
95.000	       11.7299	      0.291363	
95.500	       74.3289	      0.291366	
96.000	       744.031	      0.291367	
96.500	       744.031	      0.291367	
97.000	       72.5309	      0.291367	
97.500	       13.7856	      0.291366	
98.000	       13.7856	      0.291366	
98.500	       5.77799	      0.291364	
99.000	       3.08805	      0.291362	
99.500	       1.86144	       0.29136	
100.000	       1.86144	       0.29136	
100.500	       1.19987	      0.291357	
101.000	      0.802528	      0.291354	
101.500	      0.802528	      0.291354	
102.000	      0.545258	       0.29135	
102.500	      0.369159	      0.291346	
103.000	      0.369159	      0.291346	
103.500	      0.243354	      0.291342	
104.000	      0.150395	      0.291338	
104.500	      0.079841	      0.291334	
105.000	      0.079841	      0.291334	
105.500	     0.0252319	      0.291329	
106.000	     0.0171382	      0.291324	
106.500	     0.0171382	      0.291324	
107.000	      0.042849	      0.291319	
107.500	      0.203849	      0.291314	
108.000	     0.0955624	      0.291308	
108.500	     0.0955624	      0.291308	
109.000	      0.125093	      0.291302	
109.500	      0.143331	      0.291296	
110.000	      0.143331	      0.291296	
110.500	      0.158231	       0.29129	
111.000	      0.170878	      0.291284	
111.500	      0.181775	      0.291277	
112.000	      0.181775	      0.291277	
112.500	      0.191252	      0.291271	
113.000	      0.199556	      0.291264	
113.500	      0.199556	      0.291264	
114.000	      0.206875	      0.291257	
114.500	      0.213361	      0.291249	
115.000	      0.219137	      0.291242	
115.500	      0.219137	      0.291242	
116.000	      0.224304	      0.291234	
116.500	      0.228944	      0.291226	
117.000	      0.228944	      0.291226	
117.500	      0.233128	      0.291218	
118.000	      0.236912	      0.291209	
118.500	      0.240347	      0.291201	
119.000	      0.240347	      0.291201	
119.500	      0.243474	      0.291192	
120.000	      0.246329	      0.291183	
120.500	      0.246329	      0.291183	
121.000	      0.248943	      0.291174	
121.500	      0.251341	      0.291164	
122.000	      0.253548	      0.291154	
122.500	      0.253548	      0.291154	
123.000	      0.255583	      0.291144	
123.500	      0.257463	      0.291134	
124.000	      0.257463	      0.291134	
124.500	      0.259204	      0.291124	
125.000	       0.26082	      0.291113	
125.500	       0.26082	      0.291113	
126.000	      0.262321	      0.291102	
126.500	      0.263718	      0.291091	
127.000	      0.265022	       0.29108	
127.500	      0.265022	       0.29108	
128.000	      0.266239	      0.291068	
128.500	      0.267378	      0.291056	
129.000	      0.267378	      0.291056	
129.500	      0.268445	      0.291044	
130.000	      0.269446	      0.291031	
130.500	      0.270386	      0.291018	
131.000	      0.270386	      0.291018	
131.500	       0.27127	      0.291005	
132.000	      0.272103	      0.290992	
132.500	      0.272103	      0.290992	
133.000	      0.272888	      0.290978	
133.500	      0.273629	      0.290964	
134.000	       0.27433	       0.29095	
134.500	       0.27433	       0.29095	
135.000	      0.274992	      0.290936	
135.500	      0.275619	      0.290921	
136.000	      0.275619	      0.290921	
136.500	      0.276214	      0.290906	
137.000	      0.276778	       0.29089	
137.500	      0.277313	      0.290874	
138.000	      0.277313	      0.290874	
138.500	      0.277822	      0.290858	
139.000	      0.278306	      0.290841	
139.500	      0.278306	      0.290841	
140.000	      0.278767	      0.290825	
140.500	      0.279206	      0.290807	
141.000	      0.279624	       0.29079	
141.500	      0.279624	       0.29079	
142.000	      0.280023	      0.290772	
142.500	      0.280405	      0.290753	
143.000	      0.280405	      0.290753	
143.500	      0.280769	      0.290734	
144.000	      0.281117	      0.290715	
144.500	       0.28145	      0.290696	
145.000	       0.28145	      0.290696	
145.500	      0.281769	      0.290676	
146.000	      0.282075	      0.290655	
146.500	      0.282075	      0.290655	
147.000	      0.282368	      0.290634	
147.500	      0.282649	      0.290613	
148.000	      0.282649	      0.290613	
148.500	      0.282918	      0.290591	
149.000	      0.283177	      0.290569	
149.500	      0.283425	      0.290546	
150.000	      0.283425	      0.290546	
150.500	      0.283664	      0.290523	
151.000	      0.283894	      0.290499	
151.500	      0.283894	      0.290499	
152.000	      0.284115	      0.290475	
152.500	      0.284328	       0.29045	
153.000	      0.284533	      0.290425	
153.500	      0.284533	      0.290425	
154.000	       0.28473	      0.290399	
154.500	       0.28492	      0.290372	
155.000	       0.28492	      0.290372	
155.500	      0.285104	      0.290345	
156.000	      0.285281	      0.290318	
156.500	      0.285452	       0.29029	
157.000	      0.285452	       0.29029	
157.500	      0.285616	      0.290261	
158.000	      0.285776	      0.290231	
158.500	      0.285776	      0.290231	
159.000	       0.28593	      0.290201	
159.500	      0.286078	       0.29017	
160.000	      0.286222	      0.290139	
160.500	      0.286222	      0.290139	
161.000	      0.286361	      0.290106	
161.500	      0.286496	      0.290074	
162.000	      0.286496	      0.290074	
162.500	      0.286626	       0.29004	
163.000	      0.286752	      0.290005	
163.500	      0.286874	       0.28997	
164.000	      0.286874	       0.28997	
164.500	      0.286993	      0.289934	
165.000	      0.287107	      0.289897	
165.500	      0.287107	      0.289897	
166.000	      0.287219	      0.289859	
166.500	      0.287326	      0.289821	
167.000	      0.287431	      0.289781	
167.500	      0.287431	      0.289781	
168.000	      0.287533	      0.289741	
168.500	      0.287631	      0.289699	
169.000	      0.287631	      0.289699	
169.500	      0.287727	      0.289657	
170.000	       0.28782	      0.289613	
170.500	       0.28782	      0.289613	
171.000	       0.28791	      0.289569	
171.500	      0.287997	      0.289523	
172.000	      0.288083	      0.289477	
172.500	      0.288083	      0.289477	
173.000	      0.288165	      0.289429	
173.500	      0.288246	       0.28938	
174.000	      0.288246	       0.28938	
174.500	      0.288324	       0.28933	
175.000	        0.2884	      0.289278	
175.500	      0.288474	      0.289225	
176.000	      0.288474	      0.289225	
176.500	      0.288546	      0.289171	
177.000	      0.288616	      0.289116	
177.500	      0.288616	      0.289116	
178.000	      0.288685	      0.289059	
178.500	      0.288751	         0.289	
179.000	      0.288816	      0.288941	
179.500	      0.288816	      0.288941	
180.000	      0.288879	      0.288879	
