
TracePro Release: 3 2 0 
Polar Candela Distribution Data for 
Data covers +/- 180.000 degrees from Normal
Data for Missed Rays
Data generated at 09:46:30 June 25, 2025

	   0.0	 180.0
0.000	      0.178598	      0.178598	
0.500	      0.177941	      0.179217	
1.000	      0.177941	      0.179217	
1.500	      0.177244	      0.179802	
2.000	      0.176502	      0.180354	
2.500	      0.175713	      0.180877	
3.000	      0.175713	      0.180877	
3.500	      0.174873	      0.181371	
4.000	      0.173976	       0.18184	
4.500	      0.173976	       0.18184	
5.000	      0.173017	      0.182285	
5.500	      0.171991	      0.182707	
6.000	      0.170891	      0.183108	
6.500	      0.170891	      0.183108	
7.000	      0.169711	       0.18349	
7.500	      0.168442	      0.183853	
8.000	      0.168442	      0.183853	
8.500	      0.167075	      0.184199	
9.000	      0.165601	      0.184529	
9.500	      0.164006	      0.184843	
10.000	      0.164006	      0.184843	
10.500	      0.162279	      0.185143	
11.000	      0.160403	       0.18543	
11.500	      0.160403	       0.18543	
12.000	      0.158363	      0.185704	
12.500	      0.156137	      0.185966	
13.000	      0.156137	      0.185966	
13.500	      0.153704	      0.186217	
14.000	      0.151036	      0.186457	
14.500	      0.148103	      0.186687	
15.000	      0.148103	      0.186687	
15.500	      0.144868	      0.186908	
16.000	       0.14129	       0.18712	
16.500	       0.14129	       0.18712	
17.000	      0.137317	      0.187323	
17.500	       0.13289	      0.187518	
18.000	      0.127938	      0.187705	
18.500	      0.127938	      0.187705	
19.000	      0.122375	      0.187885	
19.500	      0.116096	      0.188059	
20.000	      0.116096	      0.188059	
20.500	      0.108974	      0.188225	
21.000	      0.100851	      0.188386	
21.500	     0.0915318	       0.18854	
22.000	     0.0915318	       0.18854	
22.500	     0.0807707	      0.188689	
23.000	     0.0682554	      0.188833	
23.500	     0.0682554	      0.188833	
24.000	     0.0535843	      0.188971	
24.500	      0.036234	      0.189105	
25.000	     0.0155126	      0.189234	
25.500	     0.0155126	      0.189234	
26.000	    0.00951063	      0.189358	
26.500	      0.040111	      0.189478	
27.000	      0.040111	      0.189478	
27.500	     0.0780737	      0.189594	
28.000	       0.12596	      0.189707	
28.500	       0.18755	      0.189815	
29.000	       0.18755	      0.189815	
29.500	      0.268612	       0.18992	
30.000	      0.378303	      0.190022	
30.500	      0.378303	      0.190022	
31.000	       0.53188	       0.19012	
31.500	      0.756317	      0.190215	
32.000	       1.10305	      0.190307	
32.500	       1.10305	      0.190307	
33.000	       1.68053	      0.190396	
33.500	       2.75144	      0.190483	
34.000	       2.75144	      0.190483	
34.500	        5.1002	      0.190567	
35.000	       12.0921	      0.190648	
35.500	       12.0921	      0.190648	
36.000	       63.3739	      0.190727	
36.500	       649.179	      0.190803	
37.000	       63.3734	      0.190878	
37.500	       63.3734	      0.190878	
38.000	       12.0913	       0.19095	
38.500	       5.09901	       0.19102	
39.000	       5.09901	       0.19102	
39.500	       2.74997	      0.191088	
40.000	       1.67899	      0.191154	
40.500	       1.10193	      0.191218	
41.000	       1.10193	      0.191218	
41.500	      0.756995	       0.19128	
42.000	      0.539811	      0.191341	
42.500	      0.539811	      0.191341	
43.000	      0.448375	        0.1914	
43.500	      0.561115	      0.191457	
44.000	      0.242747	      0.191513	
44.500	      0.242747	      0.191513	
45.000	     0.0486966	      0.191567	
45.500	      0.880029	       0.19162	
46.000	      0.880029	       0.19162	
46.500	      0.122969	      0.191671	
47.000	      0.807855	      0.191722	
47.500	      0.106359	       0.19177	
48.000	      0.106359	       0.19177	
48.500	     0.0572126	      0.191818	
49.000	     0.0554677	      0.191864	
49.500	     0.0554677	      0.191864	
50.000	     0.0002447	      0.191909	
50.500	      0.901924	      0.191953	
51.000	     0.0537577	      0.191996	
51.500	     0.0537577	      0.191996	
52.000	      0.913418	      0.192038	
52.500	     0.0325393	      0.192078	
53.000	     0.0325393	      0.192078	
53.500	      0.945569	      0.192118	
54.000	     0.0645947	      0.192157	
54.500	      0.142342	      0.192195	
55.000	      0.142342	      0.192195	
55.500	       0.16214	      0.192232	
56.000	      0.175193	      0.192268	
56.500	      0.175193	      0.192268	
57.000	      0.185529	      0.192303	
57.500	      0.190534	      0.192337	
58.000	      0.190534	      0.192337	
58.500	      0.141109	       0.19237	
59.000	       1.06112	      0.192403	
59.500	      0.181822	      0.192435	
60.000	      0.181822	      0.192435	
60.500	      0.275739	      0.192466	
61.000	      0.323843	      0.192497	
61.500	      0.323843	      0.192497	
62.000	      0.382807	      0.192526	
62.500	      0.469236	      0.192556	
63.000	      0.610108	      0.192584	
63.500	      0.610108	      0.192584	
64.000	      0.868659	      0.192612	
64.500	       1.43283	      0.192639	
65.000	       1.43283	      0.192639	
65.500	       3.10829	      0.192665	
66.000	        15.386	      0.192691	
66.500	       155.188	      0.192717	
67.000	       155.188	      0.192717	
67.500	       15.3886	      0.192742	
68.000	       3.11352	      0.192766	
68.500	       3.11352	      0.192766	
69.000	       1.44076	       0.19279	
69.500	      0.879438	      0.192813	
70.000	      0.623953	      0.192836	
70.500	      0.623953	      0.192836	
71.000	      0.486529	      0.192858	
71.500	      0.404288	       0.19288	
72.000	      0.404288	       0.19288	
72.500	      0.351278	      0.192901	
73.000	      0.315187	      0.192922	
73.500	      0.289562	      0.192942	
74.000	      0.289562	      0.192942	
74.500	      0.270753	      0.192962	
75.000	      0.256573	      0.192982	
75.500	      0.256573	      0.192982	
76.000	      0.245641	      0.193001	
76.500	      0.237057	      0.193019	
77.000	      0.230209	      0.193038	
77.500	      0.230209	      0.193038	
78.000	       0.22467	      0.193056	
78.500	      0.220139	      0.193073	
79.000	      0.220139	      0.193073	
79.500	      0.216393	       0.19309	
80.000	      0.213268	      0.193107	
80.500	      0.213268	      0.193107	
81.000	      0.210641	      0.193124	
81.500	      0.208416	       0.19314	
82.000	       0.20652	      0.193156	
82.500	       0.20652	      0.193156	
83.000	      0.204895	      0.193171	
83.500	      0.203495	      0.193187	
84.000	      0.203495	      0.193187	
84.500	      0.202284	      0.193201	
85.000	       0.20123	      0.193216	
85.500	      0.200312	       0.19323	
86.000	      0.200312	       0.19323	
86.500	      0.199507	      0.193244	
87.000	      0.198801	      0.193258	
87.500	      0.198801	      0.193258	
88.000	      0.198178	      0.193272	
88.500	      0.197629	      0.193285	
89.000	      0.197142	      0.193298	
89.500	      0.197142	      0.193298	
90.000	      0.196711	       0.19331	
90.500	      0.196327	      0.193323	
91.000	      0.196327	      0.193323	
91.500	      0.195986	      0.193335	
92.000	      0.195681	      0.193347	
92.500	       0.19541	      0.193358	
93.000	       0.19541	      0.193358	
93.500	      0.195166	       0.19337	
94.000	      0.194949	      0.193381	
94.500	      0.194949	      0.193381	
95.000	      0.194754	      0.193392	
95.500	      0.194579	      0.193403	
96.000	      0.194423	      0.193413	
96.500	      0.194423	      0.193413	
97.000	      0.194282	      0.193423	
97.500	      0.194156	      0.193434	
98.000	      0.194156	      0.193434	
98.500	      0.194042	      0.193443	
99.000	      0.193941	      0.193453	
99.500	      0.193849	      0.193463	
100.000	      0.193849	      0.193463	
100.500	      0.193767	      0.193472	
101.000	      0.193694	      0.193481	
101.500	      0.193694	      0.193481	
102.000	      0.193628	       0.19349	
102.500	      0.193569	      0.193499	
103.000	      0.193569	      0.193499	
103.500	      0.193517	      0.193507	
104.000	       0.19347	      0.193516	
104.500	      0.193428	      0.193524	
105.000	      0.193428	      0.193524	
105.500	      0.193391	      0.193532	
106.000	      0.193358	       0.19354	
106.500	      0.193358	       0.19354	
107.000	      0.193329	      0.193547	
107.500	      0.193303	      0.193555	
108.000	      0.193281	      0.193562	
108.500	      0.193281	      0.193562	
109.000	      0.193261	       0.19357	
109.500	      0.193245	      0.193577	
110.000	      0.193245	      0.193577	
110.500	       0.19323	      0.193584	
111.000	      0.193218	       0.19359	
111.500	      0.193208	      0.193597	
112.000	      0.193208	      0.193597	
112.500	      0.193199	      0.193603	
113.000	      0.193193	       0.19361	
113.500	      0.193193	       0.19361	
114.000	      0.193187	      0.193616	
114.500	      0.193183	      0.193622	
115.000	      0.193181	      0.193628	
115.500	      0.193181	      0.193628	
116.000	      0.193179	      0.193634	
116.500	      0.193179	      0.193639	
117.000	      0.193179	      0.193639	
117.500	       0.19318	      0.193645	
118.000	      0.193181	       0.19365	
118.500	      0.193183	      0.193655	
119.000	      0.193183	      0.193655	
119.500	      0.193186	       0.19366	
120.000	       0.19319	      0.193665	
120.500	       0.19319	      0.193665	
121.000	      0.193194	       0.19367	
121.500	      0.193198	      0.193675	
122.000	      0.193204	       0.19368	
122.500	      0.193204	       0.19368	
123.000	      0.193209	      0.193684	
123.500	      0.193215	      0.193689	
124.000	      0.193215	      0.193689	
124.500	      0.193221	      0.193693	
125.000	      0.193228	      0.193697	
125.500	      0.193228	      0.193697	
126.000	      0.193235	      0.193701	
126.500	      0.193242	      0.193705	
127.000	       0.19325	      0.193709	
127.500	       0.19325	      0.193709	
128.000	      0.193257	      0.193712	
128.500	      0.193265	      0.193716	
129.000	      0.193265	      0.193716	
129.500	      0.193273	       0.19372	
130.000	      0.193281	      0.193723	
130.500	      0.193289	      0.193726	
131.000	      0.193289	      0.193726	
131.500	      0.193297	      0.193729	
132.000	      0.193305	      0.193733	
132.500	      0.193305	      0.193733	
133.000	      0.193314	      0.193735	
133.500	      0.193322	      0.193738	
134.000	       0.19333	      0.193741	
134.500	       0.19333	      0.193741	
135.000	      0.193339	      0.193744	
135.500	      0.193347	      0.193746	
136.000	      0.193347	      0.193746	
136.500	      0.193356	      0.193749	
137.000	      0.193364	      0.193751	
137.500	      0.193372	      0.193753	
138.000	      0.193372	      0.193753	
138.500	      0.193381	      0.193756	
139.000	      0.193389	      0.193758	
139.500	      0.193389	      0.193758	
140.000	      0.193397	       0.19376	
140.500	      0.193406	      0.193762	
141.000	      0.193414	      0.193763	
141.500	      0.193414	      0.193763	
142.000	      0.193422	      0.193765	
142.500	       0.19343	      0.193767	
143.000	       0.19343	      0.193767	
143.500	      0.193438	      0.193768	
144.000	      0.193446	       0.19377	
144.500	      0.193454	      0.193771	
145.000	      0.193454	      0.193771	
145.500	      0.193462	      0.193772	
146.000	      0.193469	      0.193773	
146.500	      0.193469	      0.193773	
147.000	      0.193477	      0.193775	
147.500	      0.193484	      0.193776	
148.000	      0.193484	      0.193776	
148.500	      0.193492	      0.193776	
149.000	      0.193499	      0.193777	
149.500	      0.193506	      0.193778	
150.000	      0.193506	      0.193778	
150.500	      0.193514	      0.193779	
151.000	      0.193521	      0.193779	
151.500	      0.193521	      0.193779	
152.000	      0.193528	       0.19378	
152.500	      0.193535	       0.19378	
153.000	      0.193541	       0.19378	
153.500	      0.193541	       0.19378	
154.000	      0.193548	       0.19378	
154.500	      0.193555	      0.193781	
155.000	      0.193555	      0.193781	
155.500	      0.193561	      0.193781	
156.000	      0.193568	      0.193781	
156.500	      0.193574	       0.19378	
157.000	      0.193574	       0.19378	
157.500	       0.19358	       0.19378	
158.000	      0.193586	       0.19378	
158.500	      0.193586	       0.19378	
159.000	      0.193592	      0.193779	
159.500	      0.193598	      0.193779	
160.000	      0.193604	      0.193778	
160.500	      0.193604	      0.193778	
161.000	       0.19361	      0.193778	
161.500	      0.193615	      0.193777	
162.000	      0.193615	      0.193777	
162.500	      0.193621	      0.193776	
163.000	      0.193626	      0.193775	
163.500	      0.193632	      0.193774	
164.000	      0.193632	      0.193774	
164.500	      0.193637	      0.193773	
165.000	      0.193642	      0.193772	
165.500	      0.193642	      0.193772	
166.000	      0.193647	      0.193771	
166.500	      0.193652	      0.193769	
167.000	      0.193657	      0.193768	
167.500	      0.193657	      0.193768	
168.000	      0.193661	      0.193766	
168.500	      0.193666	      0.193765	
169.000	      0.193666	      0.193765	
169.500	      0.193671	      0.193763	
170.000	      0.193675	      0.193761	
170.500	      0.193675	      0.193761	
171.000	      0.193679	      0.193759	
171.500	      0.193684	      0.193757	
172.000	      0.193688	      0.193755	
172.500	      0.193688	      0.193755	
173.000	      0.193692	      0.193753	
173.500	      0.193696	      0.193751	
174.000	      0.193696	      0.193751	
174.500	        0.1937	      0.193749	
175.000	      0.193703	      0.193746	
175.500	      0.193707	      0.193744	
176.000	      0.193707	      0.193744	
176.500	      0.193711	      0.193741	
177.000	      0.193714	      0.193739	
177.500	      0.193714	      0.193739	
178.000	      0.193717	      0.193736	
178.500	      0.193721	      0.193733	
179.000	      0.193724	       0.19373	
179.500	      0.193724	       0.19373	
180.000	      0.193727	      0.193727	
