
TracePro Release: 3 2 0 
Polar Candela Distribution Data for 
Data covers +/- 180.000 degrees from Normal
Data for Missed Rays
Data generated at 09:40:36 June 25, 2025

	   0.0	 180.0
0.000	      0.152289	      0.152289	
0.500	      0.152279	      0.152275	
1.000	      0.152279	      0.152275	
1.500	      0.152254	      0.152213	
2.000	      0.152219	      0.152051	
2.500	      0.152178	      0.151628	
3.000	      0.152178	      0.151628	
3.500	      0.152133	      0.150254	
4.000	      0.152084	      0.139771	
4.500	      0.152084	      0.139771	
5.000	      0.152033	      0.286487	
5.500	      0.151981	      0.139953	
6.000	      0.151927	      0.150643	
6.500	      0.151927	      0.150643	
7.000	      0.151873	      0.152298	
7.500	       0.15182	      0.153204	
8.000	       0.15182	      0.153204	
8.500	      0.151769	      0.154597	
9.000	      0.151721	       0.16305	
9.500	      0.151679	     0.0479559	
10.000	      0.151679	     0.0479559	
10.500	      0.151647	      0.163256	
11.000	       0.15163	      0.155042	
11.500	       0.15163	      0.155042	
12.000	      0.151637	      0.153984	
12.500	      0.151685	      0.153675	
13.000	      0.151685	      0.153675	
13.500	        0.1518	      0.153577	
14.000	      0.152039	      0.153572	
14.500	      0.152516	      0.153629	
15.000	      0.152516	      0.153629	
15.500	      0.153518	      0.153763	
16.000	      0.155903	      0.154057	
16.500	      0.155903	      0.154057	
17.000	      0.163372	      0.154887	
17.500	      0.219652	      0.160688	
18.000	       0.56691	     0.0812568	
18.500	       0.56691	     0.0812568	
19.000	      0.218727	      0.161067	
19.500	      0.161335	      0.156056	
20.000	      0.161335	      0.156056	
20.500	      0.152227	      0.160372	
21.000	      0.146743	     0.0896149	
21.500	      0.137239	      0.160035	
22.000	      0.137239	      0.160035	
22.500	     0.0765465	      0.154918	
23.000	      0.908194	      0.154209	
23.500	      0.908194	      0.154209	
24.000	     0.0755688	      0.153973	
24.500	      0.135106	      0.153872	
25.000	      0.142957	      0.153824	
25.500	      0.142957	      0.153824	
26.000	      0.145407	      0.153801	
26.500	      0.146378	      0.153793	
27.000	      0.146378	      0.153793	
27.500	      0.146777	      0.153793	
28.000	       0.14691	      0.153799	
28.500	      0.146901	      0.153808	
29.000	      0.146901	      0.153808	
29.500	      0.146814	      0.153819	
30.000	      0.146688	      0.153832	
30.500	      0.146688	      0.153832	
31.000	      0.146565	      0.153846	
31.500	      0.146518	      0.153862	
32.000	       0.14673	      0.153878	
32.500	       0.14673	      0.153878	
33.000	      0.147834	      0.153896	
33.500	      0.152999	      0.153914	
34.000	      0.152999	      0.153914	
34.500	      0.207222	      0.153933	
35.000	      0.742739	      0.153954	
35.500	      0.742739	      0.153954	
36.000	       1.02666	      0.153976	
36.500	     0.0734812	      0.154001	
37.000	      0.119271	      0.154028	
37.500	      0.119271	      0.154028	
38.000	     0.0602432	       0.15406	
38.500	      0.951542	      0.154097	
39.000	      0.951542	      0.154097	
39.500	     0.0595061	      0.154144	
40.000	      0.118164	      0.154205	
40.500	     0.0767785	      0.154291	
41.000	     0.0767785	      0.154291	
41.500	      0.932826	      0.154423	
42.000	      0.631887	      0.154651	
42.500	      0.631887	      0.154651	
43.000	      0.195777	      0.155122	
43.500	      0.154504	      0.156464	
44.000	      0.204013	      0.165998	
44.500	      0.204013	      0.165998	
45.000	      0.679012	     0.0347919	
45.500	      0.935571	      0.166433	
46.000	      0.935571	      0.166433	
46.500	      0.699135	      0.157836	
47.000	      0.171221	      0.162754	
47.500	     0.0159057	     0.0762288	
48.000	     0.0159057	     0.0762288	
48.500	       1.77655	      0.162144	
49.000	     0.0228413	       0.15585	
49.500	     0.0228413	       0.15585	
50.000	      0.156112	      0.154951	
50.500	      0.770376	      0.154635	
51.000	      0.966457	      0.154487	
51.500	      0.966457	      0.154487	
52.000	     0.0917738	      0.154406	
52.500	       1.80461	      0.154358	
53.000	       1.80461	      0.154358	
53.500	      0.864929	      0.154328	
54.000	      0.124987	      0.154309	
54.500	      0.101943	      0.154297	
55.000	      0.101943	      0.154297	
55.500	       2.68135	       0.15429	
56.000	       1.90192	      0.154286	
56.500	       1.90192	      0.154286	
57.000	       2.04482	      0.154284	
57.500	       2.74303	      0.154284	
58.000	       2.74303	      0.154284	
58.500	        2.7551	      0.154285	
59.000	      0.188179	      0.154287	
59.500	       0.93603	       0.15429	
60.000	       0.93603	       0.15429	
60.500	      0.908417	      0.154293	
61.000	       1.06504	      0.154296	
61.500	       1.06504	      0.154296	
62.000	       1.84294	        0.1543	
62.500	       1.78533	      0.154305	
63.000	      0.357797	      0.154309	
63.500	      0.357797	      0.154309	
64.000	       2.45847	      0.154313	
64.500	       1.59556	      0.154318	
65.000	       1.59556	      0.154318	
65.500	       5.92672	      0.154322	
66.000	       2.33347	      0.154327	
66.500	      0.779521	      0.154332	
67.000	      0.779521	      0.154332	
67.500	      0.417001	      0.154336	
68.000	       2.36265	      0.154341	
68.500	       2.36265	      0.154341	
69.000	       1.48275	      0.154345	
69.500	       2.31204	       0.15435	
70.000	        1.6019	      0.154354	
70.500	        1.6019	      0.154354	
71.000	       2.27078	      0.154359	
71.500	       3.43311	      0.154363	
72.000	       3.43311	      0.154363	
72.500	      0.198183	      0.154367	
73.000	       3.29845	      0.154372	
73.500	      0.496071	      0.154376	
74.000	      0.496071	      0.154376	
74.500	       5.45513	       0.15438	
75.000	       8.44569	      0.154384	
75.500	       8.44569	      0.154384	
76.000	       57.1321	      0.154388	
76.500	       558.702	      0.154392	
77.000	       54.4655	      0.154395	
77.500	       54.4655	      0.154395	
78.000	       10.3649	      0.154399	
78.500	       4.35044	      0.154403	
79.000	       4.35044	      0.154403	
79.500	        2.3256	      0.154406	
80.000	       1.39755	      0.154409	
80.500	       1.39755	      0.154409	
81.000	      0.892552	      0.154413	
81.500	      0.594022	      0.154416	
82.000	      0.207882	      0.154419	
82.500	      0.207882	      0.154419	
83.000	      0.229791	      0.154422	
83.500	     0.0926496	      0.154425	
84.000	     0.0926496	      0.154425	
84.500	     0.0209305	      0.154428	
85.000	      0.135997	      0.154431	
85.500	      0.272399	      0.154434	
86.000	      0.272399	      0.154434	
86.500	      0.463223	      0.154436	
87.000	      0.782542	      0.154439	
87.500	      0.782542	      0.154439	
88.000	       1.44635	      0.154441	
88.500	        3.3757	      0.154444	
89.000	       17.4093	      0.154446	
89.500	       17.4093	      0.154446	
90.000	       177.363	      0.154448	
90.500	       17.4329	      0.154451	
91.000	       17.4329	      0.154451	
91.500	       3.42374	      0.154453	
92.000	       1.52048	      0.154455	
92.500	      0.885448	      0.154457	
93.000	      0.885448	      0.154457	
93.500	      0.598869	      0.154458	
94.000	      0.446445	       0.15446	
94.500	      0.446445	       0.15446	
95.000	       0.35648	      0.154462	
95.500	      0.299419	      0.154463	
96.000	      0.261276	      0.154465	
96.500	      0.261276	      0.154465	
97.000	      0.234737	      0.154466	
97.500	      0.215685	      0.154468	
98.000	      0.215685	      0.154468	
98.500	      0.201658	      0.154469	
99.000	      0.191117	       0.15447	
99.500	       0.18306	      0.154471	
100.000	       0.18306	      0.154471	
100.500	      0.176812	      0.154472	
101.000	       0.17191	      0.154473	
101.500	       0.17191	      0.154473	
102.000	      0.168024	      0.154474	
102.500	      0.164916	      0.154475	
103.000	      0.164916	      0.154475	
103.500	      0.162413	      0.154476	
104.000	      0.160384	      0.154476	
104.500	      0.158731	      0.154477	
105.000	      0.158731	      0.154477	
105.500	      0.157378	      0.154478	
106.000	      0.156268	      0.154478	
106.500	      0.156268	      0.154478	
107.000	      0.155355	      0.154478	
107.500	      0.154602	      0.154479	
108.000	       0.15398	      0.154479	
108.500	       0.15398	      0.154479	
109.000	      0.153468	      0.154479	
109.500	      0.153046	      0.154479	
110.000	      0.153046	      0.154479	
110.500	      0.152699	      0.154479	
111.000	      0.152414	      0.154479	
111.500	      0.152182	      0.154479	
112.000	      0.152182	      0.154479	
112.500	      0.151995	      0.154479	
113.000	      0.151844	      0.154478	
113.500	      0.151844	      0.154478	
114.000	      0.151725	      0.154478	
114.500	      0.151633	      0.154477	
115.000	      0.151563	      0.154477	
115.500	      0.151563	      0.154477	
116.000	      0.151513	      0.154476	
116.500	      0.151478	      0.154475	
117.000	      0.151478	      0.154475	
117.500	      0.151457	      0.154475	
118.000	      0.151448	      0.154474	
118.500	      0.151449	      0.154473	
119.000	      0.151449	      0.154473	
119.500	      0.151458	      0.154472	
120.000	      0.151474	      0.154471	
120.500	      0.151474	      0.154471	
121.000	      0.151496	       0.15447	
121.500	      0.151523	      0.154468	
122.000	      0.151554	      0.154467	
122.500	      0.151554	      0.154467	
123.000	      0.151589	      0.154466	
123.500	      0.151627	      0.154464	
124.000	      0.151627	      0.154464	
124.500	      0.151667	      0.154462	
125.000	      0.151708	      0.154461	
125.500	      0.151708	      0.154461	
126.000	      0.151752	      0.154459	
126.500	      0.151796	      0.154457	
127.000	      0.151842	      0.154455	
127.500	      0.151842	      0.154455	
128.000	      0.151888	      0.154453	
128.500	      0.151935	      0.154451	
129.000	      0.151935	      0.154451	
129.500	      0.151981	      0.154449	
130.000	      0.152028	      0.154447	
130.500	      0.152075	      0.154445	
131.000	      0.152075	      0.154445	
131.500	      0.152122	      0.154442	
132.000	      0.152168	       0.15444	
132.500	      0.152168	       0.15444	
133.000	      0.152214	      0.154437	
133.500	       0.15226	      0.154434	
134.000	      0.152305	      0.154432	
134.500	      0.152305	      0.154432	
135.000	       0.15235	      0.154429	
135.500	      0.152394	      0.154426	
136.000	      0.152394	      0.154426	
136.500	      0.152438	      0.154423	
137.000	       0.15248	       0.15442	
137.500	      0.152523	      0.154416	
138.000	      0.152523	      0.154416	
138.500	      0.152564	      0.154413	
139.000	      0.152605	       0.15441	
139.500	      0.152605	       0.15441	
140.000	      0.152645	      0.154406	
140.500	      0.152684	      0.154403	
141.000	      0.152723	      0.154399	
141.500	      0.152723	      0.154399	
142.000	      0.152761	      0.154395	
142.500	      0.152798	      0.154391	
143.000	      0.152798	      0.154391	
143.500	      0.152835	      0.154387	
144.000	      0.152871	      0.154383	
144.500	      0.152906	      0.154379	
145.000	      0.152906	      0.154379	
145.500	       0.15294	      0.154374	
146.000	      0.152974	       0.15437	
146.500	      0.152974	       0.15437	
147.000	      0.153007	      0.154365	
147.500	       0.15304	      0.154361	
148.000	       0.15304	      0.154361	
148.500	      0.153072	      0.154356	
149.000	      0.153103	      0.154351	
149.500	      0.153133	      0.154346	
150.000	      0.153133	      0.154346	
150.500	      0.153163	      0.154341	
151.000	      0.153192	      0.154336	
151.500	      0.153192	      0.154336	
152.000	      0.153221	       0.15433	
152.500	      0.153249	      0.154325	
153.000	      0.153277	      0.154319	
153.500	      0.153277	      0.154319	
154.000	      0.153303	      0.154314	
154.500	       0.15333	      0.154308	
155.000	       0.15333	      0.154308	
155.500	      0.153356	      0.154302	
156.000	      0.153381	      0.154296	
156.500	      0.153406	      0.154289	
157.000	      0.153406	      0.154289	
157.500	       0.15343	      0.154283	
158.000	      0.153454	      0.154276	
158.500	      0.153454	      0.154276	
159.000	      0.153477	       0.15427	
159.500	      0.153499	      0.154263	
160.000	      0.153522	      0.154256	
160.500	      0.153522	      0.154256	
161.000	      0.153544	      0.154249	
161.500	      0.153565	      0.154242	
162.000	      0.153565	      0.154242	
162.500	      0.153586	      0.154234	
163.000	      0.153606	      0.154227	
163.500	      0.153626	      0.154219	
164.000	      0.153626	      0.154219	
164.500	      0.153646	      0.154211	
165.000	      0.153665	      0.154203	
165.500	      0.153665	      0.154203	
166.000	      0.153684	      0.154195	
166.500	      0.153703	      0.154186	
167.000	      0.153721	      0.154178	
167.500	      0.153721	      0.154178	
168.000	      0.153738	      0.154169	
168.500	      0.153756	       0.15416	
169.000	      0.153756	       0.15416	
169.500	      0.153773	      0.154151	
170.000	       0.15379	      0.154142	
170.500	       0.15379	      0.154142	
171.000	      0.153806	      0.154132	
171.500	      0.153822	      0.154123	
172.000	      0.153838	      0.154113	
172.500	      0.153838	      0.154113	
173.000	      0.153853	      0.154103	
173.500	      0.153868	      0.154093	
174.000	      0.153868	      0.154093	
174.500	      0.153883	      0.154082	
175.000	      0.153897	      0.154072	
175.500	      0.153911	      0.154061	
176.000	      0.153911	      0.154061	
176.500	      0.153925	       0.15405	
177.000	      0.153939	      0.154038	
177.500	      0.153939	      0.154038	
178.000	      0.153952	      0.154027	
178.500	      0.153965	      0.154015	
179.000	      0.153978	      0.154003	
179.500	      0.153978	      0.154003	
180.000	       0.15399	       0.15399	
