
TracePro Release: 3 2 0 
Polar Candela Distribution Data for 
Data covers +/- 180.000 degrees from Normal
Data for Missed Rays
Data generated at 09:40:35 June 25, 2025

	   0.0	 180.0
0.000	     0.0527263	     0.0527263	
0.500	      0.123102	      0.938556	
1.000	      0.123102	      0.938556	
1.500	      0.135109	    0.00413569	
2.000	      0.136599	      0.483911	
2.500	       0.10067	     0.0545347	
3.000	       0.10067	     0.0545347	
3.500	      0.669181	     0.0709654	
4.000	       0.10709	     0.0531121	
4.500	       0.10709	     0.0531121	
5.000	      0.149998	     0.0220775	
5.500	       0.15702	     0.0265578	
6.000	      0.157977	      0.107656	
6.500	      0.157977	      0.107656	
7.000	      0.128612	      0.294185	
7.500	      0.761166	      0.317587	
8.000	      0.761166	      0.317587	
8.500	      0.839637	       1.30585	
9.000	        0.6593	       2.11127	
9.500	      0.147343	       15.2018	
10.000	      0.147343	       15.2018	
10.500	      0.175427	       129.215	
11.000	      0.176738	       15.3354	
11.500	      0.176738	       15.3354	
12.000	       0.50147	        0.1377	
12.500	       1.06546	       1.03253	
13.000	       1.06546	       1.03253	
13.500	      0.396127	      0.402587	
14.000	       1.24441	      0.535861	
14.500	       1.71954	     0.0624217	
15.000	       1.71954	     0.0624217	
15.500	      0.100302	     0.0256555	
16.000	      0.325098	       0.07744	
16.500	      0.325098	       0.07744	
17.000	       1.40751	    0.00108508	
17.500	        0.4498	      0.564284	
18.000	       1.09374	     0.0329081	
18.500	       1.09374	     0.0329081	
19.000	      0.292661	      0.158015	
19.500	      0.108534	     0.0952719	
20.000	      0.108534	     0.0952719	
20.500	       1.20114	      0.107415	
21.000	      0.669879	      0.111316	
21.500	       2.01588	       0.10987	
22.000	       2.01588	       0.10987	
22.500	       1.19722	     0.0772379	
23.000	         1.371	      0.559268	
23.500	         1.371	      0.559268	
24.000	      0.668914	     0.0818793	
24.500	       2.19647	      0.148388	
25.000	      0.335784	      0.335761	
25.500	      0.335784	      0.335761	
26.000	       1.21524	      0.143786	
26.500	      0.137771	      0.100936	
27.000	      0.137771	      0.100936	
27.500	       0.23798	     0.0848331	
28.000	      0.149287	     0.0676392	
28.500	      0.840855	     0.0454814	
29.000	      0.840855	     0.0454814	
29.500	        1.8612	     0.0151938	
30.000	       1.04011	     0.0278589	
30.500	       1.04011	     0.0278589	
31.000	      0.313972	      0.091665	
31.500	      0.320261	      0.191229	
32.000	       1.09328	      0.356628	
32.500	       1.09328	      0.356628	
33.000	       1.41779	      0.624217	
33.500	      0.105888	       2.34466	
34.000	      0.105888	       2.34466	
34.500	      0.219672	       1.84878	
35.000	      0.296297	       20.9463	
35.500	      0.296297	       20.9463	
36.000	      0.366331	       201.775	
36.500	        0.1153	       19.9935	
37.000	       1.01498	      0.877513	
37.500	       1.01498	      0.877513	
38.000	       2.74386	       1.90932	
38.500	      0.719149	        5.2418	
39.000	      0.719149	        5.2418	
39.500	        2.2558	       60.8851	
40.000	       2.14475	       7.85038	
40.500	     0.0504921	     0.0586181	
41.000	     0.0504921	     0.0586181	
41.500	       1.13794	      0.634772	
42.000	     0.0999987	      0.226854	
42.500	     0.0999987	      0.226854	
43.000	       2.16901	      0.784161	
43.500	      0.495053	      0.128047	
44.000	      0.244822	      0.437311	
44.500	      0.244822	      0.437311	
45.000	      0.377711	      0.056913	
45.500	      0.411735	      0.193331	
46.000	      0.411735	      0.193331	
46.500	       1.39763	     0.0658278	
47.000	       1.17711	      0.402433	
47.500	      0.399153	     0.0257384	
48.000	      0.399153	     0.0257384	
48.500	       1.16192	      0.233351	
49.000	       1.33007	      0.115155	
49.500	       1.33007	      0.115155	
50.000	       0.31029	      0.169035	
50.500	      0.406295	      0.167423	
51.000	       1.73008	      0.173142	
51.500	       1.73008	      0.173142	
52.000	      0.480375	      0.102789	
52.500	       1.75444	      0.174854	
53.000	       1.75444	      0.174854	
53.500	      0.860736	       0.17057	
54.000	      0.333126	      0.170666	
54.500	       1.66421	      0.171175	
55.000	       1.66421	      0.171175	
55.500	       2.55409	      0.171762	
56.000	     0.0169494	       0.17235	
56.500	     0.0169494	       0.17235	
57.000	      0.249176	      0.172915	
57.500	       1.26628	       0.17345	
58.000	       1.26628	       0.17345	
58.500	      0.321633	      0.173951	
59.000	      0.617117	      0.174421	
59.500	      0.178927	      0.174858	
60.000	      0.178927	      0.174858	
60.500	      0.359174	      0.175265	
61.000	       1.54078	      0.175642	
61.500	       1.54078	      0.175642	
62.000	      0.186555	       0.17599	
62.500	      0.599142	       0.17631	
63.000	      0.217751	      0.176598	
63.500	      0.217751	      0.176598	
64.000	      0.276953	       0.17685	
64.500	       1.94389	      0.177054	
65.000	       1.94389	      0.177054	
65.500	       1.10693	      0.177183	
66.000	       11.3178	      0.177159	
66.500	        116.87	      0.176672	
67.000	        116.87	      0.176672	
67.500	         11.28	      0.172456	
68.000	       1.81661	      0.227939	
68.500	       1.81661	      0.227939	
69.000	      0.820459	      0.163298	
69.500	      0.165705	      0.284858	
70.000	      0.255953	      0.168325	
70.500	      0.255953	      0.168325	
71.000	      0.780345	      0.177166	
71.500	      0.184803	      0.178643	
72.000	      0.184803	      0.178643	
72.500	     0.0999377	        0.1794	
73.000	      0.511301	      0.180256	
73.500	      0.149205	      0.184212	
74.000	      0.149205	      0.184212	
74.500	        0.1192	      0.132971	
75.000	      0.125339	      0.184589	
75.500	      0.125339	      0.184589	
76.000	      0.134071	      0.181041	
76.500	      0.150179	      0.180676	
77.000	     0.0340094	      0.180635	
77.500	     0.0340094	      0.180635	
78.000	      0.315684	      0.180677	
78.500	      0.431982	      0.180748	
79.000	      0.431982	      0.180748	
79.500	       0.27939	      0.180829	
80.000	      0.616583	      0.180913	
80.500	      0.616583	      0.180913	
81.000	      0.224904	      0.180997	
81.500	      0.125205	       0.18108	
82.000	      0.651164	      0.181161	
82.500	      0.651164	      0.181161	
83.000	      0.120817	      0.181239	
83.500	      0.195191	      0.181315	
84.000	      0.195191	      0.181315	
84.500	      0.369689	      0.181388	
85.000	      0.895055	      0.181458	
85.500	       1.42734	      0.181526	
86.000	       1.42734	      0.181526	
86.500	       1.15351	      0.181592	
87.000	       1.87557	      0.181655	
87.500	       1.87557	      0.181655	
88.000	        1.2255	      0.181716	
88.500	       1.32522	      0.181775	
89.000	       3.41983	      0.181832	
89.500	       3.41983	      0.181832	
90.000	      0.911029	      0.181886	
90.500	       1.69578	      0.181939	
91.000	       1.69578	      0.181939	
91.500	       2.03123	       0.18199	
92.000	        4.1869	      0.182039	
92.500	        2.2837	      0.182087	
93.000	        2.2837	      0.182087	
93.500	       2.51443	      0.182133	
94.000	       1.06962	      0.182177	
94.500	       1.06962	      0.182177	
95.000	       7.75149	       0.18222	
95.500	       7.48136	      0.182262	
96.000	       30.1651	      0.182302	
96.500	       30.1651	      0.182302	
97.000	       6.25294	      0.182341	
97.500	      0.362547	      0.182379	
98.000	      0.362547	      0.182379	
98.500	        6.1407	      0.182415	
99.000	       49.2817	       0.18245	
99.500	        4.9733	      0.182485	
100.000	        4.9733	      0.182485	
100.500	      0.530783	      0.182518	
101.000	      0.946833	       0.18255	
101.500	      0.946833	       0.18255	
102.000	      0.317598	      0.182581	
102.500	      0.435372	      0.182611	
103.000	      0.435372	      0.182611	
103.500	      0.184627	      0.182641	
104.000	      0.159853	      0.182669	
104.500	      0.239546	      0.182696	
105.000	      0.239546	      0.182696	
105.500	     0.0354986	      0.182723	
106.000	      0.144639	      0.182749	
106.500	      0.144639	      0.182749	
107.000	      0.145209	      0.182774	
107.500	      0.149895	      0.182799	
108.000	      0.154043	      0.182822	
108.500	      0.154043	      0.182822	
109.000	      0.157517	      0.182845	
109.500	      0.160418	      0.182868	
110.000	      0.160418	      0.182868	
110.500	      0.162855	      0.182889	
111.000	       0.16492	       0.18291	
111.500	      0.166683	      0.182931	
112.000	      0.166683	      0.182931	
112.500	      0.168202	       0.18295	
113.000	       0.16952	       0.18297	
113.500	       0.16952	       0.18297	
114.000	      0.170671	      0.182988	
114.500	      0.171683	      0.183007	
115.000	      0.172578	      0.183024	
115.500	      0.172578	      0.183024	
116.000	      0.173374	      0.183041	
116.500	      0.174086	      0.183058	
117.000	      0.174086	      0.183058	
117.500	      0.174724	      0.183074	
118.000	        0.1753	       0.18309	
118.500	      0.175821	      0.183105	
119.000	      0.175821	      0.183105	
119.500	      0.176294	       0.18312	
120.000	      0.176725	      0.183134	
120.500	      0.176725	      0.183134	
121.000	       0.17712	      0.183148	
121.500	      0.177482	      0.183161	
122.000	      0.177814	      0.183174	
122.500	      0.177814	      0.183174	
123.000	      0.178121	      0.183187	
123.500	      0.178405	      0.183199	
124.000	      0.178405	      0.183199	
124.500	      0.178668	      0.183211	
125.000	      0.178912	      0.183223	
125.500	      0.178912	      0.183223	
126.000	      0.179139	      0.183234	
126.500	       0.17935	      0.183245	
127.000	      0.179548	      0.183255	
127.500	      0.179548	      0.183255	
128.000	      0.179733	      0.183266	
128.500	      0.179907	      0.183275	
129.000	      0.179907	      0.183275	
129.500	       0.18007	      0.183285	
130.000	      0.180223	      0.183294	
130.500	      0.180367	      0.183303	
131.000	      0.180367	      0.183303	
131.500	      0.180503	      0.183312	
132.000	      0.180631	       0.18332	
132.500	      0.180631	       0.18332	
133.000	      0.180752	      0.183328	
133.500	      0.180867	      0.183336	
134.000	      0.180976	      0.183343	
134.500	      0.180976	      0.183343	
135.000	      0.181079	       0.18335	
135.500	      0.181177	      0.183357	
136.000	      0.181177	      0.183357	
136.500	       0.18127	      0.183364	
137.000	      0.181358	       0.18337	
137.500	      0.181442	      0.183376	
138.000	      0.181442	      0.183376	
138.500	      0.181523	      0.183382	
139.000	      0.181599	      0.183387	
139.500	      0.181599	      0.183387	
140.000	      0.181672	      0.183393	
140.500	      0.181742	      0.183398	
141.000	      0.181809	      0.183403	
141.500	      0.181809	      0.183403	
142.000	      0.181873	      0.183407	
142.500	      0.181934	      0.183411	
143.000	      0.181934	      0.183411	
143.500	      0.181992	      0.183416	
144.000	      0.182048	      0.183419	
144.500	      0.182102	      0.183423	
145.000	      0.182102	      0.183423	
145.500	      0.182154	      0.183426	
146.000	      0.182203	       0.18343	
146.500	      0.182203	       0.18343	
147.000	      0.182251	      0.183432	
147.500	      0.182297	      0.183435	
148.000	      0.182297	      0.183435	
148.500	       0.18234	      0.183438	
149.000	      0.182383	       0.18344	
149.500	      0.182423	      0.183442	
150.000	      0.182423	      0.183442	
150.500	      0.182463	      0.183444	
151.000	        0.1825	      0.183445	
151.500	        0.1825	      0.183445	
152.000	      0.182537	      0.183447	
152.500	      0.182572	      0.183448	
153.000	      0.182605	      0.183449	
153.500	      0.182605	      0.183449	
154.000	      0.182638	      0.183449	
154.500	      0.182669	       0.18345	
155.000	      0.182669	       0.18345	
155.500	        0.1827	       0.18345	
156.000	      0.182729	       0.18345	
156.500	      0.182757	       0.18345	
157.000	      0.182757	       0.18345	
157.500	      0.182784	       0.18345	
158.000	      0.182811	      0.183449	
158.500	      0.182811	      0.183449	
159.000	      0.182836	      0.183448	
159.500	      0.182861	      0.183447	
160.000	      0.182885	      0.183446	
160.500	      0.182885	      0.183446	
161.000	      0.182907	      0.183444	
161.500	       0.18293	      0.183442	
162.000	       0.18293	      0.183442	
162.500	      0.182951	       0.18344	
163.000	      0.182972	      0.183438	
163.500	      0.182992	      0.183436	
164.000	      0.182992	      0.183436	
164.500	      0.183011	      0.183433	
165.000	       0.18303	       0.18343	
165.500	       0.18303	       0.18343	
166.000	      0.183048	      0.183427	
166.500	      0.183066	      0.183424	
167.000	      0.183083	       0.18342	
167.500	      0.183083	       0.18342	
168.000	      0.183099	      0.183416	
168.500	      0.183115	      0.183412	
169.000	      0.183115	      0.183412	
169.500	      0.183131	      0.183407	
170.000	      0.183146	      0.183403	
170.500	      0.183146	      0.183403	
171.000	       0.18316	      0.183398	
171.500	      0.183174	      0.183393	
172.000	      0.183187	      0.183387	
172.500	      0.183187	      0.183387	
173.000	        0.1832	      0.183381	
173.500	      0.183213	      0.183375	
174.000	      0.183213	      0.183375	
174.500	      0.183225	      0.183369	
175.000	      0.183237	      0.183363	
175.500	      0.183248	      0.183356	
176.000	      0.183248	      0.183356	
176.500	      0.183259	      0.183348	
177.000	      0.183269	      0.183341	
177.500	      0.183269	      0.183341	
178.000	       0.18328	      0.183333	
178.500	      0.183289	      0.183325	
179.000	      0.183299	      0.183317	
179.500	      0.183299	      0.183317	
180.000	      0.183308	      0.183308	
