
TracePro Release: 3 2 0 
Polar Candela Distribution Data for 
Data covers +/- 180.000 degrees from Normal
Data for Missed Rays
Data generated at 09:45:14 June 30, 2025

	   0.0	 180.0
0.000	      0.309034	      0.309034	
0.500	      0.308652	      0.309396	
1.000	      0.308652	      0.309396	
1.500	      0.308251	       0.30974	
2.000	      0.307827	      0.310067	
2.500	      0.307379	      0.310379	
3.000	      0.307379	      0.310379	
3.500	      0.306906	      0.310676	
4.000	      0.306404	       0.31096	
4.500	      0.306404	       0.31096	
5.000	      0.305873	      0.311231	
5.500	      0.305309	      0.311489	
6.000	      0.304709	      0.311737	
6.500	      0.304709	      0.311737	
7.000	       0.30407	      0.311974	
7.500	       0.30339	        0.3122	
8.000	       0.30339	        0.3122	
8.500	      0.302663	      0.312418	
9.000	      0.301886	      0.312626	
9.500	      0.301053	      0.312826	
10.000	      0.301053	      0.312826	
10.500	      0.300159	      0.313018	
11.000	      0.299197	      0.313203	
11.500	      0.299197	      0.313203	
12.000	      0.298161	       0.31338	
12.500	      0.297042	      0.313551	
13.000	      0.297042	      0.313551	
13.500	       0.29583	      0.313715	
14.000	      0.294516	      0.313873	
14.500	      0.293086	      0.314025	
15.000	      0.293086	      0.314025	
15.500	      0.291526	      0.314172	
16.000	       0.28982	      0.314313	
16.500	       0.28982	      0.314313	
17.000	      0.287948	       0.31445	
17.500	      0.285886	      0.314581	
18.000	      0.283609	      0.314709	
18.500	      0.283609	      0.314709	
19.000	      0.281083	      0.314832	
19.500	      0.278271	       0.31495	
20.000	      0.278271	       0.31495	
20.500	      0.275126	      0.315065	
21.000	      0.271593	      0.315176	
21.500	      0.267602	      0.315284	
22.000	      0.267602	      0.315284	
22.500	       0.26307	      0.315388	
23.000	      0.257892	      0.315488	
23.500	      0.257892	      0.315488	
24.000	      0.251937	      0.315586	
24.500	      0.245037	       0.31568	
25.000	      0.236978	      0.315772	
25.500	      0.236978	      0.315772	
26.000	       0.22748	      0.315861	
26.500	      0.216175	      0.315947	
27.000	      0.216175	      0.315947	
27.500	      0.202565	       0.31603	
28.000	      0.185971	      0.316111	
28.500	       0.16544	       0.31619	
29.000	       0.16544	       0.31619	
29.500	      0.139606	      0.316266	
30.000	      0.106455	      0.316341	
30.500	      0.106455	      0.316341	
31.000	     0.0629122	      0.316413	
31.500	    0.00409612	      0.316483	
32.000	     0.0781233	      0.316551	
32.500	     0.0781233	      0.316551	
33.000	       0.19812	      0.316617	
33.500	      0.383306	      0.316681	
34.000	      0.383306	      0.316681	
34.500	      0.691464	      0.316744	
35.000	       1.26257	      0.316805	
35.500	       1.26257	      0.316805	
36.000	        2.5146	      0.316864	
36.500	       6.24075	      0.316922	
37.000	       33.5667	      0.316978	
37.500	       33.5667	      0.316978	
38.000	       346.115	      0.317033	
38.500	       33.5677	      0.317086	
39.000	       33.5677	      0.317086	
39.500	       6.24268	      0.317138	
40.000	       2.51751	      0.317188	
40.500	       1.26646	      0.317238	
41.000	       1.26646	      0.317238	
41.500	      0.696367	      0.317286	
42.000	      0.389239	      0.317332	
42.500	      0.389239	      0.317332	
43.000	      0.205109	      0.317378	
43.500	     0.0862022	      0.317423	
44.000	    0.00511097	      0.317466	
44.500	    0.00511097	      0.317466	
45.000	     0.0525322	      0.317508	
45.500	     0.0948507	       0.31755	
46.000	     0.0948507	       0.31755	
46.500	      0.126718	       0.31759	
47.000	      0.151201	      0.317629	
47.500	      0.170304	      0.317667	
48.000	      0.170304	      0.317667	
48.500	      0.185384	      0.317705	
49.000	      0.197381	      0.317741	
49.500	      0.197381	      0.317741	
50.000	      0.206961	      0.317777	
50.500	      0.214608	      0.317812	
51.000	      0.220671	      0.317846	
51.500	      0.220671	      0.317846	
52.000	      0.225413	      0.317879	
52.500	      0.229023	      0.317912	
53.000	      0.229023	      0.317912	
53.500	      0.231642	      0.317943	
54.000	      0.233371	      0.317974	
54.500	      0.234276	      0.318004	
55.000	      0.234276	      0.318004	
55.500	        0.2344	      0.318034	
56.000	      0.233756	      0.318063	
56.500	      0.233756	      0.318063	
57.000	       0.23234	      0.318091	
57.500	       0.23012	      0.318119	
58.000	       0.23012	      0.318119	
58.500	      0.227042	      0.318146	
59.000	      0.223024	      0.318172	
59.500	       0.21795	      0.318198	
60.000	       0.21795	      0.318198	
60.500	      0.211664	      0.318223	
61.000	      0.203959	      0.318247	
61.500	      0.203959	      0.318247	
62.000	      0.194559	      0.318271	
62.500	      0.183097	      0.318295	
63.000	      0.169085	      0.318318	
63.500	      0.169085	      0.318318	
64.000	      0.151855	       0.31834	
64.500	      0.130491	      0.318362	
65.000	      0.130491	      0.318362	
65.500	      0.103703	      0.318384	
66.000	     0.0696392	      0.318405	
66.500	     0.0255586	      0.318425	
67.000	     0.0255586	      0.318425	
67.500	     0.0327227	      0.318445	
68.000	      0.111852	      0.318465	
68.500	      0.111852	      0.318465	
69.000	      0.222906	      0.318484	
69.500	      0.385473	      0.318503	
70.000	      0.636913	      0.318521	
70.500	      0.636913	      0.318521	
71.000	       1.05599	      0.318539	
71.500	       1.83349	      0.318556	
72.000	       1.83349	      0.318556	
72.500	       3.53917	      0.318573	
73.000	       8.61733	       0.31859	
73.500	       45.8646	      0.318606	
74.000	       45.8646	      0.318606	
74.500	       471.684	      0.318622	
75.000	       45.8639	      0.318638	
75.500	       45.8639	      0.318638	
76.000	       8.61592	      0.318653	
76.500	       3.53704	      0.318668	
77.000	       1.83063	      0.318682	
77.500	       1.83063	      0.318682	
78.000	       1.05239	      0.318696	
78.500	      0.632561	       0.31871	
79.000	      0.632561	       0.31871	
79.500	      0.380345	      0.318724	
80.000	      0.216979	      0.318737	
80.500	      0.216979	      0.318737	
81.000	      0.105097	       0.31875	
81.500	     0.0251077	      0.318763	
82.000	      0.034072	      0.318775	
82.500	      0.034072	      0.318775	
83.000	     0.0790943	      0.318787	
83.500	       0.11415	      0.318798	
84.000	       0.11415	      0.318798	
84.500	      0.141984	       0.31881	
85.000	      0.164459	      0.318821	
85.500	      0.182873	      0.318832	
86.000	      0.182873	      0.318832	
86.500	       0.19815	      0.318842	
87.000	       0.21097	      0.318853	
87.500	       0.21097	      0.318853	
88.000	      0.221834	      0.318863	
88.500	      0.231123	      0.318872	
89.000	      0.239129	      0.318882	
89.500	      0.239129	      0.318882	
90.000	       0.24608	      0.318891	
90.500	      0.252155	        0.3189	
91.000	      0.252155	        0.3189	
91.500	      0.257496	      0.318909	
92.000	      0.262218	      0.318917	
92.500	      0.266413	      0.318925	
93.000	      0.266413	      0.318925	
93.500	      0.270159	      0.318933	
94.000	      0.273517	      0.318941	
94.500	      0.273517	      0.318941	
95.000	       0.27654	      0.318949	
95.500	      0.279271	      0.318956	
96.000	      0.281748	      0.318963	
96.500	      0.281748	      0.318963	
97.000	      0.284001	       0.31897	
97.500	      0.286057	      0.318977	
98.000	      0.286057	      0.318977	
98.500	      0.287938	      0.318983	
99.000	      0.289664	      0.318989	
99.500	      0.291252	      0.318995	
100.000	      0.291252	      0.318995	
100.500	      0.292717	      0.319001	
101.000	       0.29407	      0.319006	
101.500	       0.29407	      0.319006	
102.000	      0.295324	      0.319012	
102.500	      0.296487	      0.319017	
103.000	      0.296487	      0.319017	
103.500	      0.297569	      0.319022	
104.000	      0.298577	      0.319026	
104.500	      0.299518	      0.319031	
105.000	      0.299518	      0.319031	
105.500	      0.300397	      0.319035	
106.000	       0.30122	      0.319039	
106.500	       0.30122	      0.319039	
107.000	      0.301992	      0.319043	
107.500	      0.302717	      0.319047	
108.000	      0.303399	       0.31905	
108.500	      0.303399	       0.31905	
109.000	       0.30404	      0.319054	
109.500	      0.304646	      0.319057	
110.000	      0.304646	      0.319057	
110.500	      0.305217	       0.31906	
111.000	      0.305757	      0.319063	
111.500	      0.306267	      0.319065	
112.000	      0.306267	      0.319065	
112.500	      0.306751	      0.319068	
113.000	       0.30721	       0.31907	
113.500	       0.30721	       0.31907	
114.000	      0.307645	      0.319072	
114.500	      0.308058	      0.319073	
115.000	      0.308451	      0.319075	
115.500	      0.308451	      0.319075	
116.000	      0.308826	      0.319077	
116.500	      0.309182	      0.319078	
117.000	      0.309182	      0.319078	
117.500	      0.309522	      0.319079	
118.000	      0.309846	       0.31908	
118.500	      0.310155	       0.31908	
119.000	      0.310155	       0.31908	
119.500	      0.310451	      0.319081	
120.000	      0.310734	      0.319081	
120.500	      0.310734	      0.319081	
121.000	      0.311004	      0.319081	
121.500	      0.311263	      0.319081	
122.000	      0.311511	      0.319081	
122.500	      0.311511	      0.319081	
123.000	      0.311749	      0.319081	
123.500	      0.311978	       0.31908	
124.000	      0.311978	       0.31908	
124.500	      0.312197	      0.319079	
125.000	      0.312407	      0.319078	
125.500	      0.312407	      0.319078	
126.000	      0.312609	      0.319077	
126.500	      0.312804	      0.319076	
127.000	      0.312991	      0.319074	
127.500	      0.312991	      0.319074	
128.000	      0.313171	      0.319073	
128.500	      0.313345	      0.319071	
129.000	      0.313345	      0.319071	
129.500	      0.313512	      0.319069	
130.000	      0.313673	      0.319066	
130.500	      0.313828	      0.319064	
131.000	      0.313828	      0.319064	
131.500	      0.313978	      0.319061	
132.000	      0.314122	      0.319058	
132.500	      0.314122	      0.319058	
133.000	      0.314262	      0.319055	
133.500	      0.314397	      0.319052	
134.000	      0.314527	      0.319049	
134.500	      0.314527	      0.319049	
135.000	      0.314653	      0.319045	
135.500	      0.314775	      0.319041	
136.000	      0.314775	      0.319041	
136.500	      0.314893	      0.319037	
137.000	      0.315007	      0.319033	
137.500	      0.315118	      0.319029	
138.000	      0.315118	      0.319029	
138.500	      0.315225	      0.319024	
139.000	      0.315329	      0.319019	
139.500	      0.315329	      0.319019	
140.000	      0.315429	      0.319014	
140.500	      0.315527	      0.319009	
141.000	      0.315621	      0.319004	
141.500	      0.315621	      0.319004	
142.000	      0.315713	      0.318998	
142.500	      0.315802	      0.318992	
143.000	      0.315802	      0.318992	
143.500	      0.315888	      0.318986	
144.000	      0.315972	       0.31898	
144.500	      0.316053	      0.318974	
145.000	      0.316053	      0.318974	
145.500	      0.316132	      0.318967	
146.000	      0.316209	       0.31896	
146.500	      0.316209	       0.31896	
147.000	      0.316283	      0.318953	
147.500	      0.316356	      0.318945	
148.000	      0.316356	      0.318945	
148.500	      0.316427	      0.318938	
149.000	      0.316495	       0.31893	
149.500	      0.316562	      0.318922	
150.000	      0.316562	      0.318922	
150.500	      0.316627	      0.318913	
151.000	       0.31669	      0.318905	
151.500	       0.31669	      0.318905	
152.000	      0.316752	      0.318896	
152.500	      0.316811	      0.318887	
153.000	       0.31687	      0.318878	
153.500	       0.31687	      0.318878	
154.000	      0.316926	      0.318868	
154.500	      0.316982	      0.318858	
155.000	      0.316982	      0.318858	
155.500	      0.317036	      0.318848	
156.000	      0.317088	      0.318838	
156.500	      0.317139	      0.318827	
157.000	      0.317139	      0.318827	
157.500	      0.317189	      0.318816	
158.000	      0.317238	      0.318805	
158.500	      0.317238	      0.318805	
159.000	      0.317285	      0.318794	
159.500	      0.317332	      0.318782	
160.000	      0.317377	       0.31877	
160.500	      0.317377	       0.31877	
161.000	      0.317421	      0.318758	
161.500	      0.317464	      0.318745	
162.000	      0.317464	      0.318745	
162.500	      0.317506	      0.318732	
163.000	      0.317547	      0.318719	
163.500	      0.317587	      0.318705	
164.000	      0.317587	      0.318705	
164.500	      0.317626	      0.318691	
165.000	      0.317664	      0.318677	
165.500	      0.317664	      0.318677	
166.000	      0.317701	      0.318662	
166.500	      0.317737	      0.318647	
167.000	      0.317773	      0.318632	
167.500	      0.317773	      0.318632	
168.000	      0.317807	      0.318617	
168.500	      0.317841	      0.318601	
169.000	      0.317841	      0.318601	
169.500	      0.317874	      0.318584	
170.000	      0.317906	      0.318567	
170.500	      0.317906	      0.318567	
171.000	      0.317938	       0.31855	
171.500	      0.317969	      0.318533	
172.000	      0.317999	      0.318515	
172.500	      0.317999	      0.318515	
173.000	      0.318028	      0.318497	
173.500	      0.318057	      0.318478	
174.000	      0.318057	      0.318478	
174.500	      0.318085	      0.318459	
175.000	      0.318113	      0.318439	
175.500	       0.31814	      0.318419	
176.000	       0.31814	      0.318419	
176.500	      0.318166	      0.318398	
177.000	      0.318192	      0.318377	
177.500	      0.318192	      0.318377	
178.000	      0.318217	      0.318356	
178.500	      0.318241	      0.318334	
179.000	      0.318265	      0.318312	
179.500	      0.318265	      0.318312	
180.000	      0.318289	      0.318289	
