
TracePro Release: 3 2 0 
Polar Candela Distribution Data for 
Data covers +/- 180.000 degrees from Normal
Data for Missed Rays
Data generated at 09:45:14 June 30, 2025

	   0.0	 180.0
0.000	      0.320229	      0.320229	
0.500	      0.320194	      0.320263	
1.000	      0.320194	      0.320263	
1.500	      0.320159	      0.320296	
2.000	      0.320122	      0.320328	
2.500	      0.320085	       0.32036	
3.000	      0.320085	       0.32036	
3.500	      0.320047	      0.320391	
4.000	      0.320008	      0.320422	
4.500	      0.320008	      0.320422	
5.000	      0.319969	      0.320451	
5.500	      0.319928	       0.32048	
6.000	      0.319886	      0.320509	
6.500	      0.319886	      0.320509	
7.000	      0.319844	      0.320537	
7.500	        0.3198	      0.320564	
8.000	        0.3198	      0.320564	
8.500	      0.319756	      0.320591	
9.000	       0.31971	      0.320617	
9.500	      0.319663	      0.320642	
10.000	      0.319663	      0.320642	
10.500	      0.319616	      0.320668	
11.000	      0.319567	      0.320692	
11.500	      0.319567	      0.320692	
12.000	      0.319516	      0.320716	
12.500	      0.319465	       0.32074	
13.000	      0.319465	       0.32074	
13.500	      0.319412	      0.320762	
14.000	      0.319358	      0.320785	
14.500	      0.319303	      0.320807	
15.000	      0.319303	      0.320807	
15.500	      0.319246	      0.320829	
16.000	      0.319188	       0.32085	
16.500	      0.319188	       0.32085	
17.000	      0.319128	       0.32087	
17.500	      0.319067	      0.320891	
18.000	      0.319005	       0.32091	
18.500	      0.319005	       0.32091	
19.000	       0.31894	       0.32093	
19.500	      0.318874	      0.320949	
20.000	      0.318874	      0.320949	
20.500	      0.318807	      0.320967	
21.000	      0.318737	      0.320986	
21.500	      0.318666	      0.321003	
22.000	      0.318666	      0.321003	
22.500	      0.318592	      0.321021	
23.000	      0.318517	      0.321038	
23.500	      0.318517	      0.321038	
24.000	       0.31844	      0.321055	
24.500	       0.31836	      0.321071	
25.000	      0.318279	      0.321087	
25.500	      0.318279	      0.321087	
26.000	      0.318195	      0.321102	
26.500	      0.318109	      0.321118	
27.000	      0.318109	      0.321118	
27.500	       0.31802	      0.321133	
28.000	      0.317929	      0.321147	
28.500	      0.317835	      0.321162	
29.000	      0.317835	      0.321162	
29.500	      0.317738	      0.321176	
30.000	      0.317639	      0.321189	
30.500	      0.317639	      0.321189	
31.000	      0.317537	      0.321203	
31.500	      0.317431	      0.321216	
32.000	      0.317323	      0.321229	
32.500	      0.317323	      0.321229	
33.000	      0.317211	      0.321241	
33.500	      0.317096	      0.321254	
34.000	      0.317096	      0.321254	
34.500	      0.316977	      0.321266	
35.000	      0.316854	      0.321277	
35.500	      0.316854	      0.321277	
36.000	      0.316728	      0.321289	
36.500	      0.316597	        0.3213	
37.000	      0.316463	      0.321311	
37.500	      0.316463	      0.321311	
38.000	      0.316324	      0.321321	
38.500	       0.31618	      0.321332	
39.000	       0.31618	      0.321332	
39.500	      0.316032	      0.321342	
40.000	      0.315879	      0.321352	
40.500	       0.31572	      0.321361	
41.000	       0.31572	      0.321361	
41.500	      0.315556	      0.321371	
42.000	      0.315387	       0.32138	
42.500	      0.315387	       0.32138	
43.000	      0.315211	      0.321389	
43.500	      0.315029	      0.321398	
44.000	      0.314841	      0.321406	
44.500	      0.314841	      0.321406	
45.000	      0.314646	      0.321414	
45.500	      0.314444	      0.321422	
46.000	      0.314444	      0.321422	
46.500	      0.314234	       0.32143	
47.000	      0.314017	      0.321438	
47.500	      0.313791	      0.321445	
48.000	      0.313791	      0.321445	
48.500	      0.313556	      0.321452	
49.000	      0.313313	      0.321459	
49.500	      0.313313	      0.321459	
50.000	      0.313059	      0.321466	
50.500	      0.312796	      0.321473	
51.000	      0.312522	      0.321479	
51.500	      0.312522	      0.321479	
52.000	      0.312237	      0.321485	
52.500	       0.31194	      0.321491	
53.000	       0.31194	      0.321491	
53.500	       0.31163	      0.321497	
54.000	      0.311307	      0.321502	
54.500	      0.310971	      0.321508	
55.000	      0.310971	      0.321508	
55.500	      0.310619	      0.321513	
56.000	      0.310252	      0.321518	
56.500	      0.310252	      0.321518	
57.000	      0.309868	      0.321523	
57.500	      0.309466	      0.321527	
58.000	      0.309466	      0.321527	
58.500	      0.309046	      0.321532	
59.000	      0.308606	      0.321536	
59.500	      0.308145	       0.32154	
60.000	      0.308145	       0.32154	
60.500	      0.307661	      0.321544	
61.000	      0.307153	      0.321548	
61.500	      0.307153	      0.321548	
62.000	      0.306619	      0.321551	
62.500	      0.306058	      0.321554	
63.000	      0.305468	      0.321558	
63.500	      0.305468	      0.321558	
64.000	      0.304846	      0.321561	
64.500	      0.304191	      0.321563	
65.000	      0.304191	      0.321563	
65.500	      0.303499	      0.321566	
66.000	      0.302769	      0.321568	
66.500	      0.301997	      0.321571	
67.000	      0.301997	      0.321571	
67.500	       0.30118	      0.321573	
68.000	      0.300314	      0.321575	
68.500	      0.300314	      0.321575	
69.000	      0.299396	      0.321577	
69.500	      0.298421	      0.321578	
70.000	      0.297384	       0.32158	
70.500	      0.297384	       0.32158	
71.000	      0.296281	      0.321581	
71.500	      0.295104	      0.321582	
72.000	      0.295104	      0.321582	
72.500	      0.293848	      0.321583	
73.000	      0.292506	      0.321584	
73.500	      0.291069	      0.321584	
74.000	      0.291069	      0.321584	
74.500	      0.289528	      0.321585	
75.000	      0.287872	      0.321585	
75.500	      0.287872	      0.321585	
76.000	      0.286091	      0.321585	
76.500	      0.284171	      0.321585	
77.000	      0.282098	      0.321585	
77.500	      0.282098	      0.321585	
78.000	      0.279854	      0.321584	
78.500	       0.27742	      0.321584	
79.000	       0.27742	      0.321584	
79.500	      0.274774	      0.321583	
80.000	      0.271892	      0.321582	
80.500	      0.271892	      0.321582	
81.000	      0.268743	      0.321581	
81.500	      0.265295	       0.32158	
82.000	      0.261508	      0.321578	
82.500	      0.261508	      0.321578	
83.000	      0.257335	      0.321577	
83.500	      0.252723	      0.321575	
84.000	      0.252723	      0.321575	
84.500	      0.247608	      0.321573	
85.000	      0.241913	      0.321571	
85.500	      0.235549	      0.321568	
86.000	      0.235549	      0.321568	
86.500	      0.228406	      0.321566	
87.000	      0.220351	      0.321563	
87.500	      0.220351	      0.321563	
88.000	      0.211222	      0.321561	
88.500	      0.200819	      0.321558	
89.000	      0.188894	      0.321554	
89.500	      0.188894	      0.321554	
90.000	      0.175134	      0.321551	
90.500	      0.159144	      0.321548	
91.000	      0.159144	      0.321548	
91.500	      0.140412	      0.321544	
92.000	      0.118276	       0.32154	
92.500	     0.0918564	      0.321536	
93.000	     0.0918564	      0.321536	
93.500	      0.059972	      0.321532	
94.000	     0.0210044	      0.321527	
94.500	     0.0210044	      0.321527	
95.000	     0.0273122	      0.321523	
95.500	     0.0882279	      0.321518	
96.000	      0.166539	      0.321513	
96.500	      0.166539	      0.321513	
97.000	      0.269566	      0.321508	
97.500	      0.408929	      0.321502	
98.000	      0.408929	      0.321502	
98.500	      0.603985	      0.321497	
99.000	       0.88896	      0.321491	
99.500	       1.32913	      0.321485	
100.000	       1.32913	      0.321485	
100.500	       2.06207	      0.321479	
101.000	       3.42111	      0.321473	
101.500	       3.42111	      0.321473	
102.000	       6.40156	      0.321466	
102.500	       15.2734	      0.321459	
103.000	       15.2734	      0.321459	
103.500	       80.3418	      0.321452	
104.000	        823.77	      0.321445	
104.500	       80.3418	      0.321438	
105.000	       80.3418	      0.321438	
105.500	       15.2734	       0.32143	
106.000	       6.40156	      0.321422	
106.500	       6.40156	      0.321422	
107.000	       3.42111	      0.321414	
107.500	       2.06207	      0.321406	
108.000	       1.32913	      0.321398	
108.500	       1.32913	      0.321398	
109.000	       0.88896	      0.321389	
109.500	      0.603985	       0.32138	
110.000	      0.603985	       0.32138	
110.500	      0.408929	      0.321371	
111.000	      0.269566	      0.321361	
111.500	      0.166539	      0.321352	
112.000	      0.166539	      0.321352	
112.500	     0.0882279	      0.321342	
113.000	     0.0273122	      0.321332	
113.500	     0.0273122	      0.321332	
114.000	     0.0210044	      0.321321	
114.500	      0.059972	      0.321311	
115.000	     0.0918564	        0.3213	
115.500	     0.0918564	        0.3213	
116.000	      0.118276	      0.321289	
116.500	      0.140412	      0.321277	
117.000	      0.140412	      0.321277	
117.500	      0.159144	      0.321266	
118.000	      0.175134	      0.321254	
118.500	      0.188894	      0.321241	
119.000	      0.188894	      0.321241	
119.500	      0.200819	      0.321229	
120.000	      0.211222	      0.321216	
120.500	      0.211222	      0.321216	
121.000	      0.220351	      0.321203	
121.500	      0.228406	      0.321189	
122.000	      0.235549	      0.321176	
122.500	      0.235549	      0.321176	
123.000	      0.241913	      0.321162	
123.500	      0.247608	      0.321147	
124.000	      0.247608	      0.321147	
124.500	      0.252723	      0.321133	
125.000	      0.257335	      0.321118	
125.500	      0.257335	      0.321118	
126.000	      0.261508	      0.321102	
126.500	      0.265295	      0.321087	
127.000	      0.268743	      0.321071	
127.500	      0.268743	      0.321071	
128.000	      0.271892	      0.321055	
128.500	      0.274774	      0.321038	
129.000	      0.274774	      0.321038	
129.500	       0.27742	      0.321021	
130.000	      0.279854	      0.321003	
130.500	      0.282098	      0.320986	
131.000	      0.282098	      0.320986	
131.500	      0.284171	      0.320967	
132.000	      0.286091	      0.320949	
132.500	      0.286091	      0.320949	
133.000	      0.287872	       0.32093	
133.500	      0.289528	       0.32091	
134.000	      0.291069	      0.320891	
134.500	      0.291069	      0.320891	
135.000	      0.292506	       0.32087	
135.500	      0.293848	       0.32085	
136.000	      0.293848	       0.32085	
136.500	      0.295104	      0.320829	
137.000	      0.296281	      0.320807	
137.500	      0.297384	      0.320785	
138.000	      0.297384	      0.320785	
138.500	      0.298421	      0.320762	
139.000	      0.299396	       0.32074	
139.500	      0.299396	       0.32074	
140.000	      0.300314	      0.320716	
140.500	       0.30118	      0.320692	
141.000	      0.301997	      0.320668	
141.500	      0.301997	      0.320668	
142.000	      0.302769	      0.320642	
142.500	      0.303499	      0.320617	
143.000	      0.303499	      0.320617	
143.500	      0.304191	      0.320591	
144.000	      0.304846	      0.320564	
144.500	      0.305468	      0.320537	
145.000	      0.305468	      0.320537	
145.500	      0.306058	      0.320509	
146.000	      0.306619	       0.32048	
146.500	      0.306619	       0.32048	
147.000	      0.307153	      0.320451	
147.500	      0.307661	      0.320422	
148.000	      0.307661	      0.320422	
148.500	      0.308145	      0.320391	
149.000	      0.308606	       0.32036	
149.500	      0.309046	      0.320328	
150.000	      0.309046	      0.320328	
150.500	      0.309466	      0.320296	
151.000	      0.309868	      0.320263	
151.500	      0.309868	      0.320263	
152.000	      0.310252	      0.320229	
152.500	      0.310619	      0.320194	
153.000	      0.310971	      0.320159	
153.500	      0.310971	      0.320159	
154.000	      0.311307	      0.320122	
154.500	       0.31163	      0.320085	
155.000	       0.31163	      0.320085	
155.500	       0.31194	      0.320047	
156.000	      0.312237	      0.320008	
156.500	      0.312522	      0.319969	
157.000	      0.312522	      0.319969	
157.500	      0.312796	      0.319928	
158.000	      0.313059	      0.319886	
158.500	      0.313059	      0.319886	
159.000	      0.313313	      0.319844	
159.500	      0.313556	        0.3198	
160.000	      0.313791	      0.319756	
160.500	      0.313791	      0.319756	
161.000	      0.314017	       0.31971	
161.500	      0.314234	      0.319663	
162.000	      0.314234	      0.319663	
162.500	      0.314444	      0.319616	
163.000	      0.314646	      0.319567	
163.500	      0.314841	      0.319516	
164.000	      0.314841	      0.319516	
164.500	      0.315029	      0.319465	
165.000	      0.315211	      0.319412	
165.500	      0.315211	      0.319412	
166.000	      0.315387	      0.319358	
166.500	      0.315556	      0.319303	
167.000	       0.31572	      0.319246	
167.500	       0.31572	      0.319246	
168.000	      0.315879	      0.319188	
168.500	      0.316032	      0.319128	
169.000	      0.316032	      0.319128	
169.500	       0.31618	      0.319067	
170.000	      0.316324	      0.319005	
170.500	      0.316324	      0.319005	
171.000	      0.316463	       0.31894	
171.500	      0.316597	      0.318874	
172.000	      0.316728	      0.318807	
172.500	      0.316728	      0.318807	
173.000	      0.316854	      0.318737	
173.500	      0.316977	      0.318666	
174.000	      0.316977	      0.318666	
174.500	      0.317096	      0.318592	
175.000	      0.317211	      0.318517	
175.500	      0.317323	       0.31844	
176.000	      0.317323	       0.31844	
176.500	      0.317431	       0.31836	
177.000	      0.317537	      0.318279	
177.500	      0.317537	      0.318279	
178.000	      0.317639	      0.318195	
178.500	      0.317738	      0.318109	
179.000	      0.317835	       0.31802	
179.500	      0.317835	       0.31802	
180.000	      0.317929	      0.317929	
