
TracePro Release: 3 2 0 
Polar Candela Distribution Data for 
Data covers +/- 180.000 degrees from Normal
Data for Missed Rays
Data generated at 09:40:09 June 25, 2025

	   0.0	 180.0
0.000	      0.265573	      0.265573	
0.500	      0.264908	        0.2662	
1.000	      0.264908	        0.2662	
1.500	        0.2642	       0.26679	
2.000	      0.263446	      0.267347	
2.500	      0.262641	      0.267873	
3.000	      0.262641	      0.267873	
3.500	      0.261782	       0.26837	
4.000	      0.260863	      0.268841	
4.500	      0.260863	      0.268841	
5.000	      0.259878	      0.269287	
5.500	       0.25882	       0.26971	
6.000	      0.257683	      0.270112	
6.500	      0.257683	      0.270112	
7.000	      0.256458	      0.270493	
7.500	      0.255136	      0.270856	
8.000	      0.255136	      0.270856	
8.500	      0.253706	      0.271202	
9.000	      0.252156	      0.271531	
9.500	      0.250472	      0.271844	
10.000	      0.250472	      0.271844	
10.500	      0.248638	      0.272143	
11.000	      0.246636	      0.272429	
11.500	      0.246636	      0.272429	
12.000	      0.244445	      0.272702	
12.500	      0.242039	      0.272963	
13.000	      0.242039	      0.272963	
13.500	      0.239389	      0.273212	
14.000	      0.236461	      0.273451	
14.500	      0.233214	       0.27368	
15.000	      0.233214	       0.27368	
15.500	      0.229599	      0.273899	
16.000	      0.225557	      0.274109	
16.500	      0.225557	      0.274109	
17.000	      0.221018	      0.274311	
17.500	       0.21589	      0.274505	
18.000	      0.210061	       0.27469	
18.500	      0.210061	       0.27469	
19.000	      0.203374	      0.274869	
19.500	      0.195584	      0.275041	
20.000	      0.195584	      0.275041	
20.500	      0.186112	      0.275206	
21.000	      0.170204	      0.275364	
21.500	      0.239331	      0.275517	
22.000	      0.239331	      0.275517	
22.500	      0.144425	      0.275664	
23.000	      0.133556	      0.275805	
23.500	      0.133556	      0.275805	
24.000	      0.114125	      0.275941	
24.500	     0.0893379	      0.276072	
25.000	     0.0548181	      0.276198	
25.500	     0.0548181	      0.276198	
26.000	     0.0767183	      0.276319	
26.500	     0.0323836	      0.276436	
27.000	     0.0323836	      0.276436	
27.500	     0.0926015	      0.276548	
28.000	      0.179293	      0.276655	
28.500	      0.301216	      0.276757	
29.000	      0.301216	      0.276757	
29.500	       0.47948	      0.276855	
30.000	      0.754817	      0.276948	
30.500	      0.754817	      0.276948	
31.000	        1.2132	      0.277035	
31.500	       2.06293	      0.277116	
32.000	       3.92613	       0.27719	
32.500	       3.92613	       0.27719	
33.000	       9.47219	      0.277254	
33.500	       50.1634	      0.277305	
34.000	       50.1634	      0.277305	
34.500	        515.63	      0.277337	
35.000	       52.8716	      0.277336	
35.500	       52.8716	      0.277336	
36.000	       5.65369	      0.277275	
36.500	       9.59242	      0.277073	
37.000	       4.13045	       0.27642	
37.500	       4.13045	       0.27642	
38.000	       3.61174	      0.272037	
38.500	       2.78844	      0.327726	
39.000	       2.78844	      0.327726	
39.500	       4.58625	      0.262922	
40.000	       5.76629	      0.380215	
40.500	       2.55463	      0.267692	
41.000	       2.55463	      0.267692	
41.500	       2.49554	      0.276084	
42.000	       1.09317	      0.277341	
42.500	       1.09317	      0.277341	
43.000	     0.0450684	      0.277819	
43.500	     0.0474726	      0.278074	
44.000	     0.0795376	      0.278239	
44.500	     0.0795376	      0.278239	
45.000	      0.106218	      0.278361	
45.500	      0.127837	      0.278459	
46.000	      0.127837	      0.278459	
46.500	      0.145539	      0.278541	
47.000	      0.160226	      0.278614	
47.500	      0.172567	      0.278679	
48.000	      0.172567	      0.278679	
48.500	      0.183072	       0.27874	
49.000	      0.192159	      0.278796	
49.500	      0.192159	      0.278796	
50.000	      0.200276	       0.27885	
50.500	      0.208364	        0.2789	
51.000	      0.225168	      0.278949	
51.500	      0.225168	      0.278949	
52.000	     0.0759743	      0.278995	
52.500	       0.23448	       0.27904	
53.000	       0.23448	       0.27904	
53.500	       0.22717	      0.279083	
54.000	      0.228947	      0.279124	
54.500	      0.231271	      0.279164	
55.000	      0.231271	      0.279164	
55.500	      0.233431	      0.279203	
56.000	      0.235241	      0.279241	
56.500	      0.235241	      0.279241	
57.000	      0.236577	      0.279278	
57.500	       0.23724	      0.279314	
58.000	       0.23724	      0.279314	
58.500	      0.236786	      0.279349	
59.000	       0.23397	      0.279382	
59.500	      0.223899	      0.279415	
60.000	      0.223899	      0.279415	
60.500	      0.154492	      0.279447	
61.000	       1.03928	      0.279479	
61.500	       1.03928	      0.279479	
62.000	     0.0100145	      0.279509	
62.500	       1.87971	      0.279539	
63.000	     0.0925841	      0.279568	
63.500	     0.0925841	      0.279568	
64.000	      0.281559	      0.279596	
64.500	      0.663609	      0.279624	
65.000	      0.663609	      0.279624	
65.500	       1.13857	       0.27965	
66.000	      0.133649	      0.279677	
66.500	       1.26427	      0.279702	
67.000	       1.26427	      0.279702	
67.500	       2.45286	      0.279727	
68.000	       2.14327	      0.279752	
68.500	       2.14327	      0.279752	
69.000	       0.92438	      0.279775	
69.500	       2.75996	      0.279799	
70.000	     0.0947881	      0.279821	
70.500	     0.0947881	      0.279821	
71.000	       2.06372	      0.279844	
71.500	       2.48368	      0.279865	
72.000	       2.48368	      0.279865	
72.500	        2.2439	      0.279886	
73.000	       1.51276	      0.279907	
73.500	      0.468229	      0.279927	
74.000	      0.468229	      0.279927	
74.500	      0.553531	      0.279947	
75.000	      0.375408	      0.279966	
75.500	      0.375408	      0.279966	
76.000	      0.787323	      0.279985	
76.500	       2.81496	      0.280003	
77.000	      0.996171	      0.280021	
77.500	      0.996171	      0.280021	
78.000	       2.87429	      0.280039	
78.500	       1.62841	      0.280056	
79.000	       1.62841	      0.280056	
79.500	      0.369989	      0.280073	
80.000	      0.244556	      0.280089	
80.500	      0.244556	      0.280089	
81.000	       1.50647	      0.280105	
81.500	       4.99715	      0.280121	
82.000	       3.26187	      0.280136	
82.500	       3.26187	      0.280136	
83.000	       2.45712	      0.280151	
83.500	       2.12351	      0.280165	
84.000	       2.12351	      0.280165	
84.500	       0.89977	      0.280179	
85.000	       1.94628	      0.280193	
85.500	       1.05017	      0.280207	
86.000	       1.05017	      0.280207	
86.500	        3.6604	       0.28022	
87.000	       3.46453	      0.280233	
87.500	       3.46453	      0.280233	
88.000	      0.417745	      0.280245	
88.500	      0.755545	      0.280257	
89.000	      0.210585	      0.280269	
89.500	      0.210585	      0.280269	
90.000	       2.79149	      0.280281	
90.500	      0.666083	      0.280292	
91.000	      0.666083	      0.280292	
91.500	       3.93589	      0.280303	
92.000	       2.44698	      0.280314	
92.500	       19.3822	      0.280325	
93.000	       19.3822	      0.280325	
93.500	       200.698	      0.280335	
94.000	       19.3468	      0.280345	
94.500	       19.3468	      0.280345	
95.000	       3.51225	      0.280355	
95.500	       1.35441	      0.280364	
96.000	      0.629986	      0.280373	
96.500	      0.629986	      0.280373	
97.000	      0.299897	      0.280382	
97.500	       0.12199	      0.280391	
98.000	       0.12199	      0.280391	
98.500	     0.0152072	      0.280399	
99.000	     0.0538993	      0.280407	
99.500	      0.101189	      0.280415	
100.000	      0.101189	      0.280415	
100.500	      0.134975	      0.280423	
101.000	      0.159954	      0.280431	
101.500	      0.159954	      0.280431	
102.000	      0.178946	      0.280438	
102.500	      0.193727	      0.280445	
103.000	      0.193727	      0.280445	
103.500	      0.205458	      0.280452	
104.000	      0.214927	      0.280458	
104.500	      0.222682	      0.280465	
105.000	      0.222682	      0.280465	
105.500	      0.229116	      0.280471	
106.000	      0.234514	      0.280477	
106.500	      0.234514	      0.280477	
107.000	      0.239088	      0.280483	
107.500	         0.243	      0.280488	
108.000	      0.246372	      0.280493	
108.500	      0.246372	      0.280493	
109.000	        0.2493	      0.280498	
109.500	       0.25186	      0.280503	
110.000	       0.25186	      0.280503	
110.500	      0.254112	      0.280508	
111.000	      0.256103	      0.280513	
111.500	      0.257873	      0.280517	
112.000	      0.257873	      0.280517	
112.500	      0.259455	      0.280521	
113.000	      0.260874	      0.280525	
113.500	      0.260874	      0.280525	
114.000	      0.262152	      0.280529	
114.500	      0.263308	      0.280532	
115.000	      0.264357	      0.280536	
115.500	      0.264357	      0.280536	
116.000	      0.265313	      0.280539	
116.500	      0.266185	      0.280542	
117.000	      0.266185	      0.280542	
117.500	      0.266985	      0.280544	
118.000	      0.267719	      0.280547	
118.500	      0.268396	      0.280549	
119.000	      0.268396	      0.280549	
119.500	       0.26902	      0.280552	
120.000	      0.269598	      0.280554	
120.500	      0.269598	      0.280554	
121.000	      0.270134	      0.280555	
121.500	      0.270633	      0.280557	
122.000	      0.271097	      0.280559	
122.500	      0.271097	      0.280559	
123.000	       0.27153	       0.28056	
123.500	      0.271934	      0.280561	
124.000	      0.271934	      0.280561	
124.500	      0.272313	      0.280562	
125.000	      0.272669	      0.280563	
125.500	      0.272669	      0.280563	
126.000	      0.273002	      0.280563	
126.500	      0.273316	      0.280564	
127.000	      0.273612	      0.280564	
127.500	      0.273612	      0.280564	
128.000	      0.273891	      0.280564	
128.500	      0.274155	      0.280564	
129.000	      0.274155	      0.280564	
129.500	      0.274404	      0.280563	
130.000	       0.27464	      0.280563	
130.500	      0.274863	      0.280562	
131.000	      0.274863	      0.280562	
131.500	      0.275075	      0.280561	
132.000	      0.275277	       0.28056	
132.500	      0.275277	       0.28056	
133.000	      0.275469	      0.280559	
133.500	      0.275651	      0.280557	
134.000	      0.275825	      0.280556	
134.500	      0.275825	      0.280556	
135.000	       0.27599	      0.280554	
135.500	      0.276149	      0.280552	
136.000	      0.276149	      0.280552	
136.500	        0.2763	       0.28055	
137.000	      0.276444	      0.280547	
137.500	      0.276582	      0.280545	
138.000	      0.276582	      0.280545	
138.500	      0.276714	      0.280542	
139.000	      0.276841	      0.280539	
139.500	      0.276841	      0.280539	
140.000	      0.276962	      0.280536	
140.500	      0.277079	      0.280532	
141.000	      0.277191	      0.280529	
141.500	      0.277191	      0.280529	
142.000	      0.277298	      0.280525	
142.500	      0.277401	      0.280521	
143.000	      0.277401	      0.280521	
143.500	      0.277501	      0.280517	
144.000	      0.277596	      0.280512	
144.500	      0.277688	      0.280508	
145.000	      0.277688	      0.280508	
145.500	      0.277777	      0.280503	
146.000	      0.277862	      0.280498	
146.500	      0.277862	      0.280498	
147.000	      0.277945	      0.280493	
147.500	      0.278024	      0.280488	
148.000	      0.278024	      0.280488	
148.500	      0.278101	      0.280482	
149.000	      0.278175	      0.280476	
149.500	      0.278247	       0.28047	
150.000	      0.278247	       0.28047	
150.500	      0.278316	      0.280464	
151.000	      0.278383	      0.280457	
151.500	      0.278383	      0.280457	
152.000	      0.278447	       0.28045	
152.500	       0.27851	      0.280443	
153.000	       0.27857	      0.280436	
153.500	       0.27857	      0.280436	
154.000	      0.278629	      0.280429	
154.500	      0.278686	      0.280421	
155.000	      0.278686	      0.280421	
155.500	      0.278741	      0.280413	
156.000	      0.278794	      0.280405	
156.500	      0.278846	      0.280396	
157.000	      0.278846	      0.280396	
157.500	      0.278896	      0.280388	
158.000	      0.278944	      0.280379	
158.500	      0.278944	      0.280379	
159.000	      0.278992	      0.280369	
159.500	      0.279037	       0.28036	
160.000	      0.279082	       0.28035	
160.500	      0.279082	       0.28035	
161.000	      0.279125	       0.28034	
161.500	      0.279167	       0.28033	
162.000	      0.279167	       0.28033	
162.500	      0.279208	      0.280319	
163.000	      0.279247	      0.280308	
163.500	      0.279286	      0.280297	
164.000	      0.279286	      0.280297	
164.500	      0.279323	      0.280285	
165.000	       0.27936	      0.280273	
165.500	       0.27936	      0.280273	
166.000	      0.279395	      0.280261	
166.500	       0.27943	      0.280248	
167.000	      0.279463	      0.280235	
167.500	      0.279463	      0.280235	
168.000	      0.279496	      0.280222	
168.500	      0.279528	      0.280209	
169.000	      0.279528	      0.280209	
169.500	      0.279559	      0.280195	
170.000	      0.279589	       0.28018	
170.500	      0.279589	       0.28018	
171.000	      0.279618	      0.280166	
171.500	      0.279646	      0.280151	
172.000	      0.279674	      0.280135	
172.500	      0.279674	      0.280135	
173.000	      0.279701	      0.280119	
173.500	      0.279728	      0.280103	
174.000	      0.279728	      0.280103	
174.500	      0.279753	      0.280087	
175.000	      0.279778	      0.280069	
175.500	      0.279803	      0.280052	
176.000	      0.279803	      0.280052	
176.500	      0.279827	      0.280034	
177.000	       0.27985	      0.280015	
177.500	       0.27985	      0.280015	
178.000	      0.279872	      0.279997	
178.500	      0.279894	      0.279977	
179.000	      0.279916	      0.279957	
179.500	      0.279916	      0.279957	
180.000	      0.279937	      0.279937	
