
TracePro Release: 3 2 0 
Polar Candela Distribution Data for 
Data covers +/- 180.000 degrees from Normal
Data for Missed Rays
Data generated at 09:40:10 June 25, 2025

	   0.0	 180.0
0.000	     0.0756623	     0.0756623	
0.500	     0.0644545	     0.0196685	
1.000	     0.0644545	     0.0196685	
1.500	      0.167914	      0.149702	
2.000	     0.0637292	     0.0975989	
2.500	      0.171211	      0.141024	
3.000	      0.171211	      0.141024	
3.500	     0.0316516	     0.0134135	
4.000	     0.0998498	      0.120888	
4.500	     0.0998498	      0.120888	
5.000	     0.0982215	     0.0516369	
5.500	      0.108135	     0.0516035	
6.000	     0.0533564	     0.0306803	
6.500	     0.0533564	     0.0306803	
7.000	      0.123825	      0.321729	
7.500	      0.129579	     0.0210539	
8.000	      0.129579	     0.0210539	
8.500	      0.140954	     0.0525727	
9.000	      0.151023	     0.0506782	
9.500	      0.254218	     0.0502583	
10.000	      0.254218	     0.0502583	
10.500	      0.133093	     0.0496423	
11.000	       0.23528	      0.048805	
11.500	       0.23528	      0.048805	
12.000	      0.272028	     0.0475426	
12.500	      0.326803	     0.0448371	
13.000	      0.326803	     0.0448371	
13.500	      0.404331	     0.0286929	
14.000	      0.522265	      0.241859	
14.500	      0.616883	     0.0214293	
15.000	      0.616883	     0.0214293	
15.500	      0.984571	      0.126196	
16.000	       1.51453	     0.0437172	
16.500	       1.51453	     0.0437172	
17.000	       2.68844	      0.135253	
17.500	       6.18484	     0.0379076	
18.000	       31.8297	     0.0473614	
18.500	       31.8297	     0.0473614	
19.000	       324.498	     0.0338054	
19.500	       31.8382	      0.197367	
20.000	       31.8382	      0.197367	
20.500	       6.08542	     0.0311903	
21.000	       2.69573	     0.0418784	
21.500	       1.50761	      0.040881	
22.000	       1.50761	      0.040881	
22.500	       1.04954	      0.110966	
23.000	      0.681647	      0.210894	
23.500	      0.681647	      0.210894	
24.000	      0.513741	      0.312764	
24.500	      0.402605	     0.0909809	
25.000	      0.331559	     0.0506716	
25.500	      0.331559	     0.0506716	
26.000	      0.176836	     0.0432577	
26.500	      0.324567	     0.0423751	
27.000	      0.324567	     0.0423751	
27.500	       0.19114	     0.0420704	
28.000	       0.17273	     0.0420967	
28.500	      0.153681	     0.0430235	
29.000	      0.153681	     0.0430235	
29.500	      0.137114	     0.0530447	
30.000	      0.117687	      0.106493	
30.500	      0.117687	      0.106493	
31.000	      0.187235	      0.120349	
31.500	      0.086108	     0.0356202	
32.000	      0.192858	     0.0389864	
32.500	      0.192858	     0.0389864	
33.000	     0.0621897	     0.0387714	
33.500	      0.896427	     0.0383182	
34.000	      0.896427	     0.0383182	
34.500	    0.00587529	     0.0377935	
35.000	     0.0641383	     0.0372068	
35.500	     0.0641383	     0.0372068	
36.000	      0.063607	     0.0365385	
36.500	      0.140141	     0.0357434	
37.000	     0.0618633	     0.0347066	
37.500	     0.0618633	     0.0347066	
38.000	     0.0656389	     0.0329837	
38.500	      0.064654	     0.0255692	
39.000	      0.064654	     0.0255692	
39.500	     0.0633055	      0.113778	
40.000	     0.0620421	      0.022922	
40.500	     0.0610884	     0.0271894	
41.000	     0.0610884	     0.0271894	
41.500	     0.0609502	     0.0211525	
42.000	     0.0666207	     0.0911666	
42.500	     0.0666207	     0.0911666	
43.000	     0.0202487	      0.016867	
43.500	     0.0687494	     0.0188491	
44.000	     0.0708355	     0.0154268	
44.500	     0.0708355	     0.0154268	
45.000	      0.138665	      0.010226	
45.500	       0.83266	    0.00298267	
46.000	       0.83266	    0.00298267	
46.500	      0.136057	    0.00723687	
47.000	     0.0650476	     0.0222005	
47.500	     0.0542462	     0.0453218	
48.000	     0.0542462	     0.0453218	
48.500	     0.0495295	     0.0838158	
49.000	     0.0459739	      0.155172	
49.500	     0.0459739	      0.155172	
50.000	     0.0415123	      0.311624	
50.500	     0.0315271	      0.777263	
51.000	     0.0342591	       4.19217	
51.500	     0.0342591	       4.19217	
52.000	      0.865793	       43.2567	
52.500	     0.0358329	       4.19224	
53.000	     0.0358329	       4.19224	
53.500	      0.028323	      0.777408	
54.000	     0.0365494	      0.311839	
54.500	     0.0390203	      0.155456	
55.000	     0.0390203	      0.155456	
55.500	      0.040286	     0.0841659	
56.000	     0.0456908	     0.0457331	
56.500	     0.0456908	     0.0457331	
57.000	     0.0475391	     0.0226652	
57.500	      0.132757	    0.00774118	
58.000	      0.132757	    0.00774118	
58.500	     0.0324684	    0.00246447	
59.000	     0.0441752	    0.00974796	
59.500	     0.0544761	     0.0151252	
60.000	     0.0544761	     0.0151252	
60.500	     0.0427436	      0.019206	
61.000	      0.148343	     0.0223746	
61.500	      0.148343	     0.0223746	
62.000	      0.881436	     0.0248826	
62.500	      0.142478	     0.0269006	
63.000	     0.0341109	     0.0285475	
63.500	     0.0341109	     0.0285475	
64.000	     0.0394556	     0.0299082	
64.500	     0.0961851	     0.0310447	
65.000	     0.0961851	     0.0310447	
65.500	      0.869742	     0.0320031	
66.000	      0.855142	     0.0328181	
66.500	      0.146626	     0.0335167	
67.000	      0.146626	     0.0335167	
67.500	       1.69791	     0.0341195	
68.000	       1.67991	     0.0346429	
68.500	       1.67991	     0.0346429	
69.000	      0.194524	     0.0350999	
69.500	      0.950024	     0.0355011	
70.000	        2.4201	     0.0358548	
70.500	        2.4201	     0.0358548	
71.000	       1.10986	     0.0361682	
71.500	       1.72085	     0.0364467	
72.000	       1.72085	     0.0364467	
72.500	       1.78014	     0.0366953	
73.000	      0.979316	      0.036918	
73.500	       1.81792	     0.0371179	
74.000	       1.81792	     0.0371179	
74.500	       1.15456	      0.037298	
75.000	      0.917435	     0.0374607	
75.500	      0.917435	     0.0374607	
76.000	      0.975768	     0.0376079	
76.500	      0.943965	     0.0377416	
77.000	      0.955623	     0.0378631	
77.500	      0.955623	     0.0378631	
78.000	       1.13833	     0.0379739	
78.500	       2.79227	      0.038075	
79.000	       2.79227	      0.038075	
79.500	       1.94211	     0.0381674	
80.000	      0.950527	     0.0382521	
80.500	      0.950527	     0.0382521	
81.000	      0.103401	     0.0383298	
81.500	      0.980645	     0.0384011	
82.000	       1.72449	     0.0384667	
82.500	       1.72449	     0.0384667	
83.000	      0.273168	     0.0385271	
83.500	      0.962423	     0.0385828	
84.000	      0.962423	     0.0385828	
84.500	       1.73285	     0.0386341	
85.000	      0.194914	     0.0386815	
85.500	       1.11524	     0.0387253	
86.000	       1.11524	     0.0387253	
86.500	       2.70661	     0.0387658	
87.000	        2.0626	     0.0388033	
87.500	        2.0626	     0.0388033	
88.000	       2.77295	     0.0388379	
88.500	       1.89686	     0.0388701	
89.000	       1.13282	     0.0388998	
89.500	       1.13282	     0.0388998	
90.000	       1.72616	     0.0389273	
90.500	       1.21411	     0.0389528	
91.000	       1.21411	     0.0389528	
91.500	       2.76684	     0.0389765	
92.000	       3.68254	     0.0389984	
92.500	        1.1181	     0.0390187	
93.000	        1.1181	     0.0390187	
93.500	       1.98976	     0.0390374	
94.000	       1.64463	     0.0390548	
94.500	       1.64463	     0.0390548	
95.000	       1.67265	     0.0390709	
95.500	       5.74691	     0.0390857	
96.000	       2.56533	     0.0390994	
96.500	       2.56533	     0.0390994	
97.000	      0.561429	     0.0391121	
97.500	         1.556	     0.0391237	
98.000	         1.556	     0.0391237	
98.500	       1.19929	     0.0391344	
99.000	       3.87658	     0.0391442	
99.500	       1.28767	     0.0391532	
100.000	       1.28767	     0.0391532	
100.500	       6.76771	     0.0391614	
101.000	       4.26168	     0.0391689	
101.500	       4.26168	     0.0391689	
102.000	       37.9003	     0.0391756	
102.500	        377.01	     0.0391817	
103.000	        377.01	     0.0391817	
103.500	       36.8775	     0.0391872	
104.000	       7.09738	     0.0391921	
104.500	       3.03728	     0.0391965	
105.000	       3.03728	     0.0391965	
105.500	       1.67328	     0.0392003	
106.000	       1.05128	     0.0392036	
106.500	       1.05128	     0.0392036	
107.000	      0.715797	     0.0392064	
107.500	       0.51431	     0.0392088	
108.000	      0.383852	     0.0392107	
108.500	      0.383852	     0.0392107	
109.000	       0.29455	     0.0392123	
109.500	      0.230742	     0.0392134	
110.000	      0.230742	     0.0392134	
110.500	      0.183569	     0.0392141	
111.000	       0.14771	     0.0392145	
111.500	      0.119817	     0.0392145	
112.000	      0.119817	     0.0392145	
112.500	     0.0976924	     0.0392142	
113.000	     0.0798494	     0.0392136	
113.500	     0.0798494	     0.0392136	
114.000	     0.0652505	     0.0392126	
114.500	     0.0531546	     0.0392113	
115.000	     0.0430207	     0.0392098	
115.500	     0.0430207	     0.0392098	
116.000	     0.0344467	      0.039208	
116.500	     0.0271283	     0.0392058	
117.000	     0.0271283	     0.0392058	
117.500	      0.020832	     0.0392035	
118.000	     0.0153762	     0.0392008	
118.500	     0.0106179	     0.0391979	
119.000	     0.0106179	     0.0391979	
119.500	    0.00644316	     0.0391948	
120.000	    0.00276055	     0.0391914	
120.500	    0.00276055	     0.0391914	
121.000	   0.000504226	     0.0391878	
121.500	    0.00341193	      0.039184	
122.000	    0.00601268	     0.0391799	
122.500	    0.00601268	     0.0391799	
123.000	    0.00834809	     0.0391756	
123.500	      0.010453	     0.0391711	
124.000	      0.010453	     0.0391711	
124.500	     0.0123566	     0.0391663	
125.000	     0.0140837	     0.0391614	
125.500	     0.0140837	     0.0391614	
126.000	     0.0156555	     0.0391562	
126.500	     0.0170899	     0.0391508	
127.000	     0.0184024	     0.0391453	
127.500	     0.0184024	     0.0391453	
128.000	     0.0196064	     0.0391395	
128.500	     0.0207135	     0.0391335	
129.000	     0.0207135	     0.0391335	
129.500	     0.0217337	     0.0391273	
130.000	     0.0226759	     0.0391209	
130.500	     0.0235477	     0.0391143	
131.000	     0.0235477	     0.0391143	
131.500	      0.024356	     0.0391075	
132.000	     0.0251068	     0.0391004	
132.500	     0.0251068	     0.0391004	
133.000	     0.0258053	     0.0390932	
133.500	     0.0264563	     0.0390858	
134.000	     0.0270639	     0.0390782	
134.500	     0.0270639	     0.0390782	
135.000	      0.027632	     0.0390703	
135.500	     0.0281637	     0.0390623	
136.000	     0.0281637	     0.0390623	
136.500	     0.0286622	      0.039054	
137.000	     0.0291301	     0.0390455	
137.500	     0.0295699	     0.0390369	
138.000	     0.0295699	     0.0390369	
138.500	     0.0299837	      0.039028	
139.000	     0.0303736	     0.0390188	
139.500	     0.0303736	     0.0390188	
140.000	     0.0307413	     0.0390095	
140.500	     0.0310884	     0.0389999	
141.000	     0.0314165	     0.0389901	
141.500	     0.0314165	     0.0389901	
142.000	      0.031727	     0.0389801	
142.500	     0.0320209	     0.0389698	
143.000	     0.0320209	     0.0389698	
143.500	     0.0322996	     0.0389593	
144.000	     0.0325639	     0.0389485	
144.500	     0.0328149	     0.0389375	
145.000	     0.0328149	     0.0389375	
145.500	     0.0330535	     0.0389263	
146.000	     0.0332804	     0.0389148	
146.500	     0.0332804	     0.0389148	
147.000	     0.0334963	      0.038903	
147.500	      0.033702	     0.0388909	
148.000	      0.033702	     0.0388909	
148.500	     0.0338981	     0.0388786	
149.000	     0.0340852	      0.038866	
149.500	     0.0342638	     0.0388531	
150.000	     0.0342638	     0.0388531	
150.500	     0.0344344	       0.03884	
151.000	     0.0345975	     0.0388265	
151.500	     0.0345975	     0.0388265	
152.000	     0.0347534	     0.0388127	
152.500	     0.0349027	     0.0387986	
153.000	     0.0350457	     0.0387842	
153.500	     0.0350457	     0.0387842	
154.000	     0.0351826	     0.0387694	
154.500	     0.0353139	     0.0387543	
155.000	     0.0353139	     0.0387543	
155.500	     0.0354399	     0.0387389	
156.000	     0.0355608	     0.0387231	
156.500	     0.0356769	      0.038707	
157.000	     0.0356769	      0.038707	
157.500	     0.0357885	     0.0386904	
158.000	     0.0358957	     0.0386735	
158.500	     0.0358957	     0.0386735	
159.000	     0.0359988	     0.0386562	
159.500	      0.036098	     0.0386385	
160.000	     0.0361935	     0.0386204	
160.500	     0.0361935	     0.0386204	
161.000	     0.0362855	     0.0386018	
161.500	     0.0363741	     0.0385828	
162.000	     0.0363741	     0.0385828	
162.500	     0.0364595	     0.0385634	
163.000	     0.0365418	     0.0385434	
163.500	     0.0366213	      0.038523	
164.000	     0.0366213	      0.038523	
164.500	     0.0366979	     0.0385021	
165.000	      0.036772	     0.0384807	
165.500	      0.036772	     0.0384807	
166.000	     0.0368434	     0.0384588	
166.500	     0.0369125	     0.0384363	
167.000	     0.0369792	     0.0384132	
167.500	     0.0369792	     0.0384132	
168.000	     0.0370438	     0.0383896	
168.500	     0.0371062	     0.0383654	
169.000	     0.0371062	     0.0383654	
169.500	     0.0371666	     0.0383405	
170.000	      0.037225	     0.0383151	
170.500	      0.037225	     0.0383151	
171.000	     0.0372816	     0.0382889	
171.500	     0.0373364	     0.0382621	
172.000	     0.0373894	     0.0382346	
172.500	     0.0373894	     0.0382346	
173.000	     0.0374409	     0.0382063	
173.500	     0.0374907	     0.0381773	
174.000	     0.0374907	     0.0381773	
174.500	     0.0375391	     0.0381476	
175.000	      0.037586	      0.038117	
175.500	     0.0376315	     0.0380856	
176.000	     0.0376315	     0.0380856	
176.500	     0.0376756	     0.0380533	
177.000	     0.0377185	     0.0380201	
177.500	     0.0377185	     0.0380201	
178.000	     0.0377601	      0.037986	
178.500	     0.0378005	      0.037951	
179.000	     0.0378397	     0.0379149	
179.500	     0.0378397	     0.0379149	
180.000	     0.0378779	     0.0378779	
