
TracePro Release: 3 2 0 
Polar Candela Distribution Data for 
Data covers +/- 180.000 degrees from Normal
Data for Missed Rays
Data generated at 09:40:08 June 25, 2025

	   0.0	 180.0
0.000	      0.109995	      0.109995	
0.500	      0.109862	      0.110123	
1.000	      0.109862	      0.110123	
1.500	      0.109723	      0.110246	
2.000	      0.109578	      0.110365	
2.500	      0.109427	      0.110479	
3.000	      0.109427	      0.110479	
3.500	       0.10927	      0.110588	
4.000	      0.109106	      0.110694	
4.500	      0.109106	      0.110694	
5.000	      0.108935	      0.110795	
5.500	      0.108756	      0.110893	
6.000	      0.108568	      0.110988	
6.500	      0.108568	      0.110988	
7.000	      0.108373	      0.111079	
7.500	      0.108168	      0.111167	
8.000	      0.108168	      0.111167	
8.500	      0.107953	      0.111252	
9.000	      0.107728	      0.111334	
9.500	      0.107493	      0.111413	
10.000	      0.107493	      0.111413	
10.500	      0.107246	       0.11149	
11.000	      0.106987	      0.111564	
11.500	      0.106987	      0.111564	
12.000	      0.106715	      0.111636	
12.500	      0.106431	      0.111705	
13.000	      0.106431	      0.111705	
13.500	      0.106133	      0.111772	
14.000	      0.105822	      0.111837	
14.500	      0.105499	        0.1119	
15.000	      0.105499	        0.1119	
15.500	      0.105167	      0.111961	
16.000	      0.104833	       0.11202	
16.500	      0.104833	       0.11202	
17.000	      0.104518	      0.112077	
17.500	      0.104281	      0.112132	
18.000	      0.104373	      0.112186	
18.500	      0.104373	      0.112186	
19.000	       0.10755	      0.112238	
19.500	     0.0596833	      0.112289	
20.000	     0.0596833	      0.112289	
20.500	      0.113725	      0.112338	
21.000	    0.00605987	      0.112386	
21.500	      0.153998	      0.112432	
22.000	      0.153998	      0.112432	
22.500	     0.0880141	      0.112477	
23.000	      0.194163	      0.112521	
23.500	      0.194163	      0.112521	
24.000	     0.0889967	      0.112563	
24.500	     0.0951476	      0.112605	
25.000	     0.0913057	      0.112645	
25.500	     0.0913057	      0.112645	
26.000	      0.145912	      0.112684	
26.500	     0.0898226	      0.112722	
27.000	     0.0898226	      0.112722	
27.500	     0.0927756	      0.112759	
28.000	     0.0921746	      0.112795	
28.500	     0.0910976	       0.11283	
29.000	     0.0910976	       0.11283	
29.500	     0.0898017	      0.112864	
30.000	     0.0883399	      0.112898	
30.500	     0.0883399	      0.112898	
31.000	      0.086723	       0.11293	
31.500	     0.0849519	      0.112962	
32.000	     0.0830335	      0.112993	
32.500	     0.0830335	      0.112993	
33.000	     0.0810169	      0.113023	
33.500	     0.0791857	      0.113052	
34.000	     0.0791857	      0.113052	
34.500	     0.0812016	       0.11308	
35.000	     0.0115814	      0.113108	
35.500	     0.0115814	      0.113108	
36.000	     0.0745694	      0.113135	
36.500	     0.0657092	      0.113162	
37.000	     0.0600271	      0.113188	
37.500	     0.0600271	      0.113188	
38.000	     0.0498049	      0.113213	
38.500	      0.114721	      0.113237	
39.000	      0.114721	      0.113237	
39.500	     0.0376018	      0.113261	
40.000	     0.0352217	      0.113285	
40.500	     0.0272589	      0.113308	
41.000	     0.0272589	      0.113308	
41.500	     0.0173729	       0.11333	
42.000	    0.00556316	      0.113352	
42.500	    0.00556316	      0.113352	
43.000	    0.00847988	      0.113373	
43.500	     0.0249807	      0.113394	
44.000	     0.0402847	      0.113415	
44.500	     0.0402847	      0.113415	
45.000	      0.146576	      0.113435	
45.500	     0.0955532	      0.113454	
46.000	     0.0955532	      0.113454	
46.500	      0.199176	      0.113473	
47.000	      0.201576	      0.113492	
47.500	      0.282375	       0.11351	
48.000	      0.282375	       0.11351	
48.500	      0.390569	      0.113528	
49.000	       0.55234	      0.113545	
49.500	       0.55234	      0.113545	
50.000	      0.691715	      0.113563	
50.500	       1.36859	      0.113579	
51.000	       1.92928	      0.113596	
51.500	       1.92928	      0.113596	
52.000	       3.58726	      0.113612	
52.500	       8.48872	      0.113627	
53.000	       8.48872	      0.113627	
53.500	       44.6327	      0.113643	
54.000	       457.193	      0.113658	
54.500	       49.1202	      0.113672	
55.000	       49.1202	      0.113672	
55.500	       4.52062	      0.113687	
56.000	       7.21759	      0.113701	
56.500	       7.21759	      0.113701	
57.000	      0.773245	      0.113715	
57.500	       7.32826	      0.113728	
58.000	       7.32826	      0.113728	
58.500	       5.03645	      0.113742	
59.000	       4.05553	      0.113755	
59.500	       4.99774	      0.113767	
60.000	       4.99774	      0.113767	
60.500	       6.43451	       0.11378	
61.000	       1.74539	      0.113792	
61.500	       1.74539	      0.113792	
62.000	       6.16629	      0.113804	
62.500	       5.60808	      0.113816	
63.000	       3.02087	      0.113827	
63.500	       3.02087	      0.113827	
64.000	       2.47632	      0.113839	
64.500	        4.1109	       0.11385	
65.000	        4.1109	       0.11385	
65.500	       2.45172	      0.113861	
66.000	       1.75511	      0.113872	
66.500	       2.89125	      0.113882	
67.000	       2.89125	      0.113882	
67.500	       2.74686	      0.113892	
68.000	      0.979305	      0.113902	
68.500	      0.979305	      0.113902	
69.000	       3.94502	      0.113912	
69.500	        3.6371	      0.113922	
70.000	       4.97648	      0.113932	
70.500	       4.97648	      0.113932	
71.000	       2.31206	      0.113941	
71.500	       3.05453	       0.11395	
72.000	       3.05453	       0.11395	
72.500	       2.28199	      0.113959	
73.000	       2.02095	      0.113968	
73.500	       2.69748	      0.113977	
74.000	       2.69748	      0.113977	
74.500	       4.47747	      0.113985	
75.000	       8.48772	      0.113994	
75.500	       8.48772	      0.113994	
76.000	       4.57911	      0.114002	
76.500	       7.91589	       0.11401	
77.000	       61.3563	      0.114018	
77.500	       61.3563	      0.114018	
78.000	       7.39514	      0.114026	
78.500	       1.46797	      0.114033	
79.000	       1.46797	      0.114033	
79.500	       5.55089	      0.114041	
80.000	       3.37706	      0.114048	
80.500	       3.37706	      0.114048	
81.000	       1.93559	      0.114056	
81.500	        2.6429	      0.114063	
82.000	      0.918787	       0.11407	
82.500	      0.918787	       0.11407	
83.000	       1.94118	      0.114077	
83.500	       2.42143	      0.114083	
84.000	       2.42143	      0.114083	
84.500	         1.583	       0.11409	
85.000	       1.91293	      0.114097	
85.500	    0.00615601	      0.114103	
86.000	    0.00615601	      0.114103	
86.500	      0.189107	      0.114109	
87.000	        1.1534	      0.114116	
87.500	        1.1534	      0.114116	
88.000	       1.85098	      0.114122	
88.500	      0.312514	      0.114128	
89.000	       5.18101	      0.114134	
89.500	       5.18101	      0.114134	
90.000	       7.88333	       0.11414	
90.500	       3.58328	      0.114145	
91.000	       3.58328	      0.114145	
91.500	       4.79529	      0.114151	
92.000	       6.03408	      0.114157	
92.500	       4.52887	      0.114162	
93.000	       4.52887	      0.114162	
93.500	       3.43797	      0.114167	
94.000	       5.98611	      0.114173	
94.500	       5.98611	      0.114173	
95.000	       3.90535	      0.114178	
95.500	       4.84591	      0.114183	
96.000	       3.98728	      0.114188	
96.500	       3.98728	      0.114188	
97.000	       2.79857	      0.114193	
97.500	       3.90175	      0.114198	
98.000	       3.90175	      0.114198	
98.500	        4.4623	      0.114203	
99.000	       3.81722	      0.114207	
99.500	       1.80278	      0.114212	
100.000	       1.80278	      0.114212	
100.500	       1.07481	      0.114217	
101.000	       1.03306	      0.114221	
101.500	       1.03306	      0.114221	
102.000	       4.51408	      0.114226	
102.500	       4.13478	       0.11423	
103.000	       4.13478	       0.11423	
103.500	      0.577217	      0.114234	
104.000	       1.44034	      0.114239	
104.500	       1.06455	      0.114243	
105.000	       1.06455	      0.114243	
105.500	     0.0638789	      0.114247	
106.000	       1.16303	      0.114251	
106.500	       1.16303	      0.114251	
107.000	       2.99456	      0.114255	
107.500	       1.14652	      0.114259	
108.000	      0.108811	      0.114263	
108.500	      0.108811	      0.114263	
109.000	      0.133151	      0.114267	
109.500	     0.0827162	      0.114271	
110.000	     0.0827162	      0.114271	
110.500	      0.890188	      0.114274	
111.000	      0.738191	      0.114278	
111.500	       1.57564	      0.114282	
112.000	       1.57564	      0.114282	
112.500	     0.0566406	      0.114285	
113.000	      0.221586	      0.114289	
113.500	      0.221586	      0.114289	
114.000	      0.449387	      0.114292	
114.500	       0.28227	      0.114296	
115.000	      0.272833	      0.114299	
115.500	      0.272833	      0.114299	
116.000	      0.329566	      0.114303	
116.500	      0.411463	      0.114306	
117.000	      0.411463	      0.114306	
117.500	       1.28745	      0.114309	
118.000	       1.48627	      0.114313	
118.500	       8.26661	      0.114316	
119.000	       8.26661	      0.114316	
119.500	       77.9479	      0.114319	
120.000	       7.74218	      0.114322	
120.500	       7.74218	      0.114322	
121.000	       1.58471	      0.114325	
121.500	      0.746635	      0.114328	
122.000	      0.465436	      0.114331	
122.500	      0.465436	      0.114331	
123.000	      0.337341	      0.114334	
123.500	      0.268315	      0.114337	
124.000	      0.268315	      0.114337	
124.500	      0.226893	       0.11434	
125.000	      0.200094	      0.114343	
125.500	      0.200094	      0.114343	
126.000	      0.181764	      0.114346	
126.500	      0.168677	      0.114349	
127.000	       0.15901	      0.114352	
127.500	       0.15901	      0.114352	
128.000	      0.151667	      0.114355	
128.500	      0.145961	      0.114358	
129.000	      0.145961	      0.114358	
129.500	       0.14144	      0.114361	
130.000	      0.137797	      0.114364	
130.500	       0.13482	      0.114366	
131.000	       0.13482	      0.114366	
131.500	      0.132357	      0.114369	
132.000	      0.130296	      0.114372	
132.500	      0.130296	      0.114372	
133.000	      0.128555	      0.114375	
133.500	      0.127072	      0.114378	
134.000	      0.125797	       0.11438	
134.500	      0.125797	       0.11438	
135.000	      0.124695	      0.114383	
135.500	      0.123736	      0.114386	
136.000	      0.123736	      0.114386	
136.500	      0.122896	      0.114389	
137.000	      0.122157	      0.114391	
137.500	      0.121504	      0.114394	
138.000	      0.121504	      0.114394	
138.500	      0.120923	      0.114397	
139.000	      0.120405	        0.1144	
139.500	      0.120405	        0.1144	
140.000	      0.119941	      0.114402	
140.500	      0.119524	      0.114405	
141.000	      0.119149	      0.114408	
141.500	      0.119149	      0.114408	
142.000	      0.118809	      0.114411	
142.500	      0.118501	      0.114414	
143.000	      0.118501	      0.114414	
143.500	       0.11822	      0.114416	
144.000	      0.117965	      0.114419	
144.500	      0.117731	      0.114422	
145.000	      0.117731	      0.114422	
145.500	      0.117518	      0.114425	
146.000	      0.117321	      0.114428	
146.500	      0.117321	      0.114428	
147.000	      0.117141	      0.114431	
147.500	      0.116975	      0.114434	
148.000	      0.116975	      0.114434	
148.500	      0.116821	      0.114437	
149.000	      0.116679	       0.11444	
149.500	      0.116548	      0.114443	
150.000	      0.116548	      0.114443	
150.500	      0.116426	      0.114446	
151.000	      0.116313	       0.11445	
151.500	      0.116313	       0.11445	
152.000	      0.116208	      0.114453	
152.500	       0.11611	      0.114456	
153.000	      0.116018	       0.11446	
153.500	      0.116018	       0.11446	
154.000	      0.115933	      0.114463	
154.500	      0.115853	      0.114467	
155.000	      0.115853	      0.114467	
155.500	      0.115779	       0.11447	
156.000	      0.115709	      0.114474	
156.500	      0.115643	      0.114478	
157.000	      0.115643	      0.114478	
157.500	      0.115582	      0.114481	
158.000	      0.115524	      0.114485	
158.500	      0.115524	      0.114485	
159.000	       0.11547	      0.114489	
159.500	      0.115419	      0.114493	
160.000	       0.11537	      0.114498	
160.500	       0.11537	      0.114498	
161.000	      0.115325	      0.114502	
161.500	      0.115282	      0.114506	
162.000	      0.115282	      0.114506	
162.500	      0.115242	      0.114511	
163.000	      0.115204	      0.114516	
163.500	      0.115168	      0.114521	
164.000	      0.115168	      0.114521	
164.500	      0.115134	      0.114526	
165.000	      0.115101	      0.114531	
165.500	      0.115101	      0.114531	
166.000	      0.115071	      0.114536	
166.500	      0.115042	      0.114542	
167.000	      0.115014	      0.114547	
167.500	      0.115014	      0.114547	
168.000	      0.114988	      0.114553	
168.500	      0.114963	      0.114559	
169.000	      0.114963	      0.114559	
169.500	       0.11494	      0.114565	
170.000	      0.114917	      0.114572	
170.500	      0.114917	      0.114572	
171.000	      0.114896	      0.114579	
171.500	      0.114876	      0.114586	
172.000	      0.114856	      0.114593	
172.500	      0.114856	      0.114593	
173.000	      0.114838	        0.1146	
173.500	       0.11482	      0.114608	
174.000	       0.11482	      0.114608	
174.500	      0.114804	      0.114616	
175.000	      0.114788	      0.114625	
175.500	      0.114772	      0.114633	
176.000	      0.114772	      0.114633	
176.500	      0.114758	      0.114642	
177.000	      0.114744	      0.114652	
177.500	      0.114744	      0.114652	
178.000	      0.114731	      0.114662	
178.500	      0.114718	      0.114672	
179.000	      0.114706	      0.114683	
179.500	      0.114706	      0.114683	
180.000	      0.114694	      0.114694	
