
TracePro Release: 3 2 0 
Polar Candela Distribution Data for 
Data covers +/- 180.000 degrees from Normal
Data for Missed Rays
Data generated at 09:40:12 June 25, 2025

	   0.0	 180.0
0.000	      0.476587	      0.476587	
0.500	      0.649065	        2.0451	
1.000	      0.649065	        2.0451	
1.500	      0.467507	      0.253412	
2.000	      0.562983	      0.351641	
2.500	      0.896686	      0.064126	
3.000	      0.896686	      0.064126	
3.500	       1.91987	    0.00291905	
4.000	       2.32319	      0.226283	
4.500	       2.32319	      0.226283	
5.000	       1.64708	      0.185731	
5.500	       3.28173	       2.51191	
6.000	       5.56706	       2.48672	
6.500	       5.56706	       2.48672	
7.000	       5.82804	       4.86034	
7.500	       6.24774	       8.68187	
8.000	       6.24774	       8.68187	
8.500	       8.62509	       1.38043	
9.000	       6.70222	      0.211939	
9.500	       4.12439	     0.0824641	
10.000	       4.12439	     0.0824641	
10.500	       5.60275	     0.0420432	
11.000	       11.0067	     0.0453385	
11.500	       11.0067	     0.0453385	
12.000	       8.30525	      0.330113	
12.500	       12.5896	      0.972587	
13.000	       12.5896	      0.972587	
13.500	       10.7027	      0.823778	
14.000	        15.499	       0.94882	
14.500	       12.7515	       1.39239	
15.000	       12.7515	       1.39239	
15.500	        20.535	      0.268517	
16.000	       20.2803	        1.4858	
16.500	       20.2803	        1.4858	
17.000	       21.2504	       3.76184	
17.500	       24.8556	       1.65185	
18.000	       19.5234	        1.0354	
18.500	       19.5234	        1.0354	
19.000	       21.4186	      0.282916	
19.500	       29.0263	     0.0879141	
20.000	       29.0263	     0.0879141	
20.500	       29.3108	      0.549519	
21.000	       30.2851	       6.20228	
21.500	       28.5418	       2.98419	
22.000	       28.5418	       2.98419	
22.500	       27.8303	       3.29885	
23.000	       31.0831	       3.41754	
23.500	       31.0831	       3.41754	
24.000	       31.5751	       4.99562	
24.500	       29.2597	       4.38117	
25.000	       28.0138	        5.0561	
25.500	       28.0138	        5.0561	
26.000	       31.4485	        14.809	
26.500	       4.96218	       7.27064	
27.000	       4.96218	       7.27064	
27.500	       2.16044	      0.321133	
28.000	       2.42698	     0.0430717	
28.500	       1.17398	      0.426376	
29.000	       1.17398	      0.426376	
29.500	      0.860546	     0.0576843	
30.000	      0.844819	    0.00649924	
30.500	      0.844819	    0.00649924	
31.000	       2.07998	      0.378971	
31.500	       1.74613	     0.0223743	
32.000	       1.31635	      0.109255	
32.500	       1.31635	      0.109255	
33.000	       1.49637	    0.00905358	
33.500	      0.224599	     0.0187113	
34.000	      0.224599	     0.0187113	
34.500	       1.19133	     0.0225447	
35.000	       1.76408	     0.0320627	
35.500	       1.76408	     0.0320627	
36.000	      0.457899	     0.0568502	
36.500	        1.4562	      0.143517	
37.000	       1.14603	     0.0643197	
37.500	       1.14603	     0.0643197	
38.000	      0.791902	      0.373935	
38.500	       2.05918	       3.63812	
39.000	       2.05918	       3.63812	
39.500	       1.31703	      0.971747	
40.000	       1.28574	      0.374437	
40.500	       2.80532	      0.123278	
41.000	       2.80532	      0.123278	
41.500	      0.949573	      0.520751	
42.000	       2.48875	      0.064475	
42.500	       2.48875	      0.064475	
43.000	       1.92652	     0.0426071	
43.500	       1.10573	      0.891217	
44.000	       2.45556	      0.896216	
44.500	       2.45556	      0.896216	
45.000	      0.928131	      0.804966	
45.500	       1.73683	      0.240184	
46.000	       1.73683	      0.240184	
46.500	       1.45053	       1.53508	
47.000	       2.39274	      0.774458	
47.500	        1.5635	       1.06119	
48.000	        1.5635	       1.06119	
48.500	       1.58591	      0.937617	
49.000	      0.845694	      0.226337	
49.500	      0.845694	      0.226337	
50.000	      0.687077	     0.0747416	
50.500	     0.0779622	      0.376812	
51.000	       0.13974	       1.73451	
51.500	       0.13974	       1.73451	
52.000	      0.819703	       6.77451	
52.500	      0.909833	       6.93987	
53.000	      0.909833	       6.93987	
53.500	       1.51056	       5.05005	
54.000	      0.827492	        4.9695	
54.500	      0.695981	       4.16507	
55.000	      0.695981	       4.16507	
55.500	      0.103217	       3.45155	
56.000	      0.653974	      0.818167	
56.500	      0.653974	      0.818167	
57.000	     0.0375104	      0.127675	
57.500	      0.169781	      0.130786	
58.000	      0.169781	      0.130786	
58.500	        1.2615	      0.318862	
59.000	      0.795113	     0.0500488	
59.500	      0.920975	     0.0229065	
60.000	      0.920975	     0.0229065	
60.500	      0.834925	     0.0187377	
61.000	       1.55524	     0.0171384	
61.500	       1.55524	     0.0171384	
62.000	       1.15936	     0.0163165	
62.500	      0.143092	     0.0158262	
63.000	      0.411946	     0.0155062	
63.500	      0.411946	     0.0155062	
64.000	      0.753433	     0.0152841	
64.500	       1.29522	     0.0151231	
65.000	       1.29522	     0.0151231	
65.500	       0.15727	     0.0150022	
66.000	      0.482419	     0.0149089	
66.500	      0.184888	     0.0148352	
67.000	      0.184888	     0.0148352	
67.500	       1.65131	     0.0147758	
68.000	      0.741666	     0.0147272	
68.500	      0.741666	     0.0147272	
69.000	       0.15658	     0.0146868	
69.500	      0.592157	     0.0146526	
70.000	       0.15484	     0.0146235	
70.500	       0.15484	     0.0146235	
71.000	     0.0228067	     0.0145983	
71.500	      0.635366	     0.0145762	
72.000	      0.635366	     0.0145762	
72.500	      0.607128	     0.0145567	
73.000	      0.251423	     0.0145393	
73.500	       1.28923	     0.0145236	
74.000	       1.28923	     0.0145236	
74.500	      0.153638	     0.0145092	
75.000	     0.0600487	     0.0144959	
75.500	     0.0600487	     0.0144959	
76.000	      0.107579	     0.0144834	
76.500	      0.644311	     0.0144716	
77.000	      0.272932	     0.0144603	
77.500	      0.272932	     0.0144603	
78.000	       1.98667	     0.0144492	
78.500	       0.89021	     0.0144382	
79.000	       0.89021	     0.0144382	
79.500	      0.958607	      0.014427	
80.000	     0.0901883	     0.0144154	
80.500	     0.0901883	     0.0144154	
81.000	     0.0839214	     0.0144031	
81.500	       1.25602	     0.0143896	
82.000	      0.102624	     0.0143743	
82.500	      0.102624	     0.0143743	
83.000	     0.0122271	     0.0143562	
83.500	     0.0338243	     0.0143337	
84.000	     0.0338243	     0.0143337	
84.500	      0.434174	     0.0143039	
85.000	     0.0289228	     0.0142605	
85.500	    0.00532387	     0.0141883	
86.000	    0.00532387	     0.0141883	
86.500	     0.0115924	     0.0140405	
87.000	     0.0348015	     0.0135981	
87.500	     0.0348015	     0.0135981	
88.000	      0.436399	    0.00991552	
88.500	      0.829688	     0.0705487	
89.000	     0.0493176	     0.0369341	
89.500	     0.0493176	     0.0369341	
90.000	     0.0348272	      0.020484	
90.500	      0.334427	     0.0748564	
91.000	      0.334427	     0.0748564	
91.500	      0.095031	      0.283525	
92.000	     0.0209406	      0.136392	
92.500	     0.0620507	      0.154525	
93.000	     0.0620507	      0.154525	
93.500	      0.634089	      0.222615	
94.000	      0.722827	       0.22867	
94.500	      0.722827	       0.22867	
95.000	     0.0181452	       0.63176	
95.500	      0.118692	       0.81246	
96.000	       1.17071	     0.0485967	
96.500	       1.17071	     0.0485967	
97.000	      0.123423	    0.00451977	
97.500	     0.0683028	     0.0106407	
98.000	     0.0683028	     0.0106407	
98.500	      0.508202	     0.0124751	
99.000	      0.242578	     0.0132421	
99.500	     0.0207874	     0.0136285	
100.000	     0.0207874	     0.0136285	
100.500	      0.297019	      0.013848	
101.000	       1.38421	     0.0139835	
101.500	       1.38421	     0.0139835	
102.000	      0.105466	     0.0140726	
102.500	     0.0557213	     0.0141339	
103.000	     0.0557213	     0.0141339	
103.500	      0.835406	     0.0141776	
104.000	      0.569437	     0.0142098	
104.500	     0.0636826	      0.014234	
105.000	     0.0636826	      0.014234	
105.500	      0.791213	     0.0142526	
106.000	       1.60398	      0.014267	
106.500	       1.60398	      0.014267	
107.000	      0.157313	     0.0142783	
107.500	      0.807828	     0.0142873	
108.000	       2.55606	     0.0142945	
108.500	       2.55606	     0.0142945	
109.000	      0.309608	     0.0143003	
109.500	       1.42355	      0.014305	
110.000	       1.42355	      0.014305	
110.500	       2.10775	     0.0143087	
111.000	      0.248163	     0.0143116	
111.500	      0.143964	      0.014314	
112.000	      0.143964	      0.014314	
112.500	      0.805852	     0.0143158	
113.000	       1.04458	     0.0143172	
113.500	       1.04458	     0.0143172	
114.000	       1.78901	     0.0143182	
114.500	      0.528423	     0.0143189	
115.000	     0.0370532	     0.0143194	
115.500	     0.0370532	     0.0143194	
116.000	      0.183613	     0.0143195	
116.500	       1.49845	     0.0143195	
117.000	       1.49845	     0.0143195	
117.500	       1.45048	     0.0143193	
118.000	       5.64538	     0.0143189	
118.500	       2.35905	     0.0143184	
119.000	       2.35905	     0.0143184	
119.500	       2.48311	     0.0143178	
120.000	      0.972577	      0.014317	
120.500	      0.972577	      0.014317	
121.000	       1.11303	     0.0143161	
121.500	       1.06383	     0.0143151	
122.000	      0.859254	      0.014314	
122.500	      0.859254	      0.014314	
123.000	         0.729	     0.0143128	
123.500	      0.405075	     0.0143116	
124.000	      0.405075	     0.0143116	
124.500	       1.07272	     0.0143102	
125.000	      0.440828	     0.0143088	
125.500	      0.440828	     0.0143088	
126.000	      0.435366	     0.0143073	
126.500	      0.283862	     0.0143058	
127.000	       0.75514	     0.0143041	
127.500	       0.75514	     0.0143041	
128.000	      0.498288	     0.0143024	
128.500	       4.10911	     0.0143007	
129.000	       4.10911	     0.0143007	
129.500	        38.985	     0.0142989	
130.000	        3.7964	      0.014297	
130.500	       0.72203	      0.014295	
131.000	       0.72203	      0.014295	
131.500	      0.303388	      0.014293	
132.000	      0.162821	      0.014291	
132.500	      0.162821	      0.014291	
133.000	     0.0987269	     0.0142889	
133.500	     0.0641474	     0.0142867	
134.000	     0.0433665	     0.0142844	
134.500	     0.0433665	     0.0142844	
135.000	     0.0298995	     0.0142821	
135.500	     0.0206707	     0.0142797	
136.000	     0.0206707	     0.0142797	
136.500	     0.0140679	     0.0142773	
137.000	    0.00917911	     0.0142748	
137.500	    0.00545695	     0.0142722	
138.000	    0.00545695	     0.0142722	
138.500	    0.00255655	     0.0142696	
139.000	   0.000251819	     0.0142669	
139.500	   0.000251819	     0.0142669	
140.000	    0.00161046	     0.0142641	
140.500	    0.00313715	     0.0142612	
141.000	    0.00440465	     0.0142583	
141.500	    0.00440465	     0.0142583	
142.000	    0.00546872	     0.0142553	
142.500	    0.00637089	     0.0142523	
143.000	    0.00637089	     0.0142523	
143.500	    0.00714256	     0.0142491	
144.000	    0.00780787	     0.0142459	
144.500	    0.00838559	     0.0142426	
145.000	    0.00838559	     0.0142426	
145.500	    0.00889054	     0.0142392	
146.000	    0.00933449	     0.0142357	
146.500	    0.00933449	     0.0142357	
147.000	    0.00972695	     0.0142321	
147.500	     0.0100756	     0.0142284	
148.000	     0.0100756	     0.0142284	
148.500	     0.0103868	     0.0142247	
149.000	     0.0106657	     0.0142208	
149.500	     0.0109167	     0.0142168	
150.000	     0.0109167	     0.0142168	
150.500	     0.0111434	     0.0142127	
151.000	     0.0113489	     0.0142085	
151.500	     0.0113489	     0.0142085	
152.000	     0.0115357	     0.0142042	
152.500	      0.011706	     0.0141998	
153.000	     0.0118617	     0.0141953	
153.500	     0.0118617	     0.0141953	
154.000	     0.0120045	     0.0141906	
154.500	     0.0121358	     0.0141858	
155.000	     0.0121358	     0.0141858	
155.500	     0.0122567	     0.0141809	
156.000	     0.0123684	     0.0141758	
156.500	     0.0124717	     0.0141706	
157.000	     0.0124717	     0.0141706	
157.500	     0.0125675	     0.0141652	
158.000	     0.0126565	     0.0141597	
158.500	     0.0126565	     0.0141597	
159.000	     0.0127393	      0.014154	
159.500	     0.0128165	     0.0141481	
160.000	     0.0128886	     0.0141421	
160.500	     0.0128886	     0.0141421	
161.000	      0.012956	     0.0141358	
161.500	     0.0130192	     0.0141294	
162.000	     0.0130192	     0.0141294	
162.500	     0.0130784	     0.0141228	
163.000	      0.013134	      0.014116	
163.500	     0.0131863	      0.014109	
164.000	     0.0131863	      0.014109	
164.500	     0.0132355	     0.0141017	
165.000	     0.0132819	     0.0140942	
165.500	     0.0132819	     0.0140942	
166.000	     0.0133257	     0.0140865	
166.500	     0.0133671	     0.0140785	
167.000	     0.0134062	     0.0140703	
167.500	     0.0134062	     0.0140703	
168.000	     0.0134433	     0.0140617	
168.500	     0.0134784	     0.0140529	
169.000	     0.0134784	     0.0140529	
169.500	     0.0135117	     0.0140438	
170.000	     0.0135434	     0.0140343	
170.500	     0.0135434	     0.0140343	
171.000	     0.0135734	     0.0140246	
171.500	      0.013602	     0.0140144	
172.000	     0.0136293	      0.014004	
172.500	     0.0136293	      0.014004	
173.000	     0.0136552	     0.0139931	
173.500	     0.0136799	     0.0139818	
174.000	     0.0136799	     0.0139818	
174.500	     0.0137035	     0.0139701	
175.000	      0.013726	      0.013958	
175.500	     0.0137476	     0.0139454	
176.000	     0.0137476	     0.0139454	
176.500	     0.0137681	     0.0139323	
177.000	     0.0137878	     0.0139187	
177.500	     0.0137878	     0.0139187	
178.000	     0.0138067	     0.0139046	
178.500	     0.0138247	     0.0138899	
179.000	     0.0138421	     0.0138746	
179.500	     0.0138421	     0.0138746	
180.000	     0.0138587	     0.0138587	
