
TracePro Release: 3 2 0 
Polar Candela Distribution Data for 
Data covers +/- 180.000 degrees from Normal
Data for Missed Rays
Data generated at 09:40:10 June 25, 2025

	   0.0	 180.0
0.000	      0.229297	      0.229297	
0.500	      0.228948	       0.22968	
1.000	      0.228948	       0.22968	
1.500	      0.228628	        0.2301	
2.000	      0.228333	      0.230565	
2.500	      0.228062	      0.231081	
3.000	      0.228062	      0.231081	
3.500	      0.227811	      0.231656	
4.000	      0.227578	      0.232301	
4.500	      0.227578	      0.232301	
5.000	       0.22736	      0.233029	
5.500	      0.227158	      0.233856	
6.000	      0.226968	      0.234805	
6.500	      0.226968	      0.234805	
7.000	      0.226789	      0.235908	
7.500	      0.226622	      0.237218	
8.000	      0.226622	      0.237218	
8.500	      0.226463	       0.23885	
9.000	      0.226313	      0.241186	
9.500	      0.226171	      0.248284	
10.000	      0.226171	      0.248284	
10.500	      0.226036	       0.17868	
11.000	      0.225907	      0.253341	
11.500	      0.225907	      0.253341	
12.000	      0.225784	       0.25154	
12.500	      0.225667	      0.255015	
13.000	      0.225667	      0.255015	
13.500	      0.225554	      0.260043	
14.000	      0.225445	        0.2667	
14.500	      0.225341	      0.275538	
15.000	      0.225341	      0.275538	
15.500	       0.22524	      0.287531	
16.000	      0.225143	      0.304337	
16.500	      0.225143	      0.304337	
17.000	      0.225049	      0.328902	
17.500	      0.224958	      0.366851	
18.000	      0.224869	      0.430043	
18.500	      0.224869	      0.430043	
19.000	      0.224783	      0.547214	
19.500	        0.2247	      0.804168	
20.000	        0.2247	      0.804168	
20.500	      0.224618	       1.56903	
21.000	      0.224539	       7.17866	
21.500	      0.224463	       70.7659	
22.000	      0.224463	       70.7659	
22.500	      0.224389	       7.17868	
23.000	      0.224317	       1.56906	
23.500	      0.224317	       1.56906	
24.000	      0.224248	       0.80422	
24.500	      0.224182	      0.547282	
25.000	      0.224121	      0.430127	
25.500	      0.224121	      0.430127	
26.000	      0.224066	      0.366947	
26.500	      0.224018	      0.329009	
27.000	      0.224018	      0.329009	
27.500	      0.223982	       0.30445	
28.000	      0.223965	      0.287643	
28.500	       0.22398	      0.275637	
29.000	       0.22398	      0.275637	
29.500	      0.224054	      0.266764	
30.000	      0.224257	      0.260021	
30.500	      0.224257	      0.260021	
31.000	      0.224791	      0.254778	
31.500	      0.226532	      0.250621	
32.000	      0.239787	       0.24727	
32.500	      0.239787	       0.24727	
33.000	     0.0544507	       0.24453	
33.500	      0.239627	       0.24226	
34.000	      0.239627	       0.24226	
34.500	       0.22621	       0.24036	
35.000	      0.224304	      0.238753	
35.500	      0.224304	      0.238753	
36.000	      0.223598	      0.237382	
36.500	      0.223213	      0.236204	
37.000	       0.22294	      0.235183	
37.500	       0.22294	      0.235183	
38.000	      0.222696	      0.234294	
38.500	      0.222432	      0.233515	
39.000	      0.222432	      0.233515	
39.500	      0.222084	      0.232828	
40.000	      0.221536	      0.232219	
40.500	      0.220499	      0.231678	
41.000	      0.220499	      0.231678	
41.500	      0.218066	      0.231194	
42.000	      0.210173	       0.23076	
42.500	      0.210173	       0.23076	
43.000	      0.147309	       0.23037	
43.500	       1.04778	      0.230017	
44.000	      0.160964	      0.229698	
44.500	      0.160964	      0.229698	
45.000	       0.29304	      0.229407	
45.500	       0.58796	      0.229143	
46.000	       0.58796	      0.229143	
46.500	      0.378121	      0.228901	
47.000	      0.584363	       0.22868	
47.500	      0.306512	      0.228478	
48.000	      0.306512	      0.228478	
48.500	      0.239182	      0.228291	
49.000	      0.229194	      0.228119	
49.500	      0.229194	      0.228119	
50.000	      0.225601	      0.227961	
50.500	      0.223862	      0.227815	
51.000	      0.222871	      0.227679	
51.500	      0.222871	      0.227679	
52.000	      0.222248	      0.227554	
52.500	      0.221836	      0.227437	
53.000	      0.221836	      0.227437	
53.500	      0.221565	      0.227329	
54.000	      0.221412	      0.227229	
54.500	      0.221384	      0.227135	
55.000	      0.221384	      0.227135	
55.500	      0.221527	      0.227048	
56.000	      0.221963	      0.226967	
56.500	      0.221963	      0.226967	
57.000	      0.223011	      0.226891	
57.500	      0.225642	      0.226821	
58.000	      0.225642	      0.226821	
58.500	      0.234092	      0.226756	
59.000	      0.298551	      0.226695	
59.500	      0.605459	      0.226638	
60.000	      0.605459	      0.226638	
60.500	      0.296365	      0.226585	
61.000	      0.228426	      0.226536	
61.500	      0.228426	      0.226536	
62.000	      0.210847	      0.226491	
62.500	      0.143172	       0.22645	
63.000	       1.04601	      0.226412	
63.500	       1.04601	      0.226412	
64.000	        0.1431	      0.226377	
64.500	      0.210789	      0.226345	
65.000	      0.210789	      0.226345	
65.500	      0.228637	      0.226317	
66.000	      0.297624	      0.226291	
66.500	      0.600703	      0.226269	
67.000	      0.600703	      0.226269	
67.500	      0.344007	       0.22625	
68.000	         0.416	      0.226235	
68.500	         0.416	      0.226235	
69.000	      0.876438	      0.226223	
69.500	      0.124241	      0.226214	
70.000	       1.19874	       0.22621	
70.500	       1.19874	       0.22621	
71.000	       1.50774	      0.226209	
71.500	      0.369739	      0.226212	
72.000	      0.369739	      0.226212	
72.500	      0.259032	      0.226221	
73.000	      0.312226	      0.226234	
73.500	      0.594359	      0.226253	
74.000	      0.594359	      0.226253	
74.500	      0.507452	      0.226279	
75.000	      0.573682	      0.226313	
75.500	      0.573682	      0.226313	
76.000	      0.461457	      0.226355	
76.500	       1.40834	      0.226406	
77.000	      0.445418	       0.22647	
77.500	      0.445418	       0.22647	
78.000	      0.658294	      0.226548	
78.500	       1.12716	      0.226642	
79.000	       1.12716	      0.226642	
79.500	      0.106893	      0.226757	
80.000	       1.13812	      0.226897	
80.500	       1.13812	      0.226897	
81.000	       1.51609	      0.227069	
81.500	      0.352361	      0.227281	
82.000	      0.228286	      0.227545	
82.500	      0.228286	      0.227545	
83.000	      0.206872	      0.227877	
83.500	      0.145517	      0.228301	
84.000	      0.145517	      0.228301	
84.500	       1.10964	      0.228852	
85.000	      0.710923	      0.229583	
85.500	       1.30698	      0.230578	
86.000	       1.30698	      0.230578	
86.500	       2.31806	      0.231977	
87.000	      0.484068	       0.23403	
87.500	      0.484068	       0.23403	
88.000	      0.660919	      0.237211	
88.500	       1.08888	      0.242518	
89.000	     0.0644923	      0.252373	
89.500	     0.0644923	      0.252373	
90.000	        1.0737	      0.274005	
90.500	      0.840466	      0.338427	
91.000	      0.840466	      0.338427	
91.500	       2.06088	      0.811016	
92.000	       1.56442	       5.75573	
92.500	      0.546599	      0.810985	
93.000	      0.546599	      0.810985	
93.500	       2.31121	      0.338366	
94.000	       1.46767	      0.273914	
94.500	       1.46767	      0.273914	
95.000	       2.38936	      0.252252	
95.500	       1.44147	      0.242366	
96.000	       2.43757	      0.237028	
96.500	       2.43757	      0.237028	
97.000	       1.24981	      0.233816	
97.500	      0.894403	      0.231732	
98.000	      0.894403	      0.231732	
98.500	       1.83469	      0.230301	
99.000	      0.112535	      0.229274	
99.500	      0.943878	      0.228512	
100.000	      0.943878	      0.228512	
100.500	       1.03568	      0.227929	
101.000	       2.82307	      0.227472	
101.500	       2.82307	      0.227472	
102.000	       2.72095	      0.227107	
102.500	        1.2422	       0.22681	
103.000	        1.2422	       0.22681	
103.500	       2.68209	      0.226564	
104.000	       2.04143	      0.226357	
104.500	       2.70106	      0.226182	
105.000	       2.70106	      0.226182	
105.500	      0.284818	      0.226032	
106.000	       3.68982	      0.225901	
106.500	       3.68982	      0.225901	
107.000	      0.704634	      0.225787	
107.500	       1.66237	      0.225686	
108.000	     0.0928732	      0.225596	
108.500	     0.0928732	      0.225596	
109.000	       3.77221	      0.225515	
109.500	       1.68891	      0.225441	
110.000	       1.68891	      0.225441	
110.500	       8.19564	      0.225375	
111.000	       10.3451	      0.225313	
111.500	       69.0045	      0.225257	
112.000	       69.0045	      0.225257	
112.500	       672.242	      0.225204	
113.000	       65.5204	      0.225156	
113.500	       65.5204	      0.225156	
114.000	        12.473	       0.22511	
114.500	       5.24604	      0.225067	
115.000	       2.81931	      0.225026	
115.500	       2.81931	      0.225026	
116.000	       1.71314	      0.224987	
116.500	       1.11673	       0.22495	
117.000	       1.11673	       0.22495	
117.500	       0.75865	      0.224915	
118.000	      0.526871	      0.224881	
118.500	       0.36826	      0.224848	
119.000	       0.36826	      0.224848	
119.500	       0.25496	      0.224816	
120.000	      0.171219	      0.224785	
120.500	      0.171219	      0.224785	
121.000	      0.107579	      0.224755	
121.500	      0.058086	      0.224725	
122.000	     0.0188376	      0.224696	
122.500	     0.0188376	      0.224696	
123.000	     0.0128102	      0.224668	
123.500	        0.0387	       0.22464	
124.000	        0.0387	       0.22464	
124.500	     0.0601484	      0.224613	
125.000	     0.0781158	      0.224585	
125.500	     0.0781158	      0.224585	
126.000	     0.0933164	      0.224558	
126.500	       0.10629	      0.224532	
127.000	      0.117452	      0.224505	
127.500	      0.117452	      0.224505	
128.000	      0.127124	      0.224479	
128.500	       0.13556	      0.224452	
129.000	       0.13556	      0.224452	
129.500	      0.142961	      0.224426	
130.000	      0.149491	        0.2244	
130.500	       0.15528	      0.224373	
131.000	       0.15528	      0.224373	
131.500	      0.160437	      0.224347	
132.000	      0.165051	      0.224321	
132.500	      0.165051	      0.224321	
133.000	      0.169194	      0.224294	
133.500	      0.172929	      0.224267	
134.000	      0.176308	       0.22424	
134.500	      0.176308	       0.22424	
135.000	      0.179375	      0.224213	
135.500	      0.182166	      0.224186	
136.000	      0.182166	      0.224186	
136.500	      0.184714	      0.224158	
137.000	      0.187047	       0.22413	
137.500	      0.189187	      0.224102	
138.000	      0.189187	      0.224102	
138.500	      0.191156	      0.224074	
139.000	      0.192971	      0.224045	
139.500	      0.192971	      0.224045	
140.000	      0.194648	      0.224016	
140.500	      0.196201	      0.223986	
141.000	      0.197641	      0.223956	
141.500	      0.197641	      0.223956	
142.000	      0.198979	      0.223926	
142.500	      0.200225	      0.223895	
143.000	      0.200225	      0.223895	
143.500	      0.201386	      0.223864	
144.000	      0.202471	      0.223832	
144.500	      0.203486	        0.2238	
145.000	      0.203486	        0.2238	
145.500	      0.204436	      0.223767	
146.000	      0.205328	      0.223734	
146.500	      0.205328	      0.223734	
147.000	      0.206165	        0.2237	
147.500	      0.206953	      0.223666	
148.000	      0.206953	      0.223666	
148.500	      0.207694	      0.223631	
149.000	      0.208393	      0.223595	
149.500	      0.209053	      0.223558	
150.000	      0.209053	      0.223558	
150.500	      0.209676	      0.223521	
151.000	      0.210266	      0.223483	
151.500	      0.210266	      0.223483	
152.000	      0.210824	      0.223445	
152.500	      0.211353	      0.223406	
153.000	      0.211855	      0.223365	
153.500	      0.211855	      0.223365	
154.000	      0.212331	      0.223324	
154.500	      0.212784	      0.223283	
155.000	      0.212784	      0.223283	
155.500	      0.213214	       0.22324	
156.000	      0.213624	      0.223196	
156.500	      0.214014	      0.223152	
157.000	      0.214014	      0.223152	
157.500	      0.214387	      0.223106	
158.000	      0.214742	       0.22306	
158.500	      0.214742	       0.22306	
159.000	      0.215081	      0.223012	
159.500	      0.215405	      0.222963	
160.000	      0.215715	      0.222913	
160.500	      0.215715	      0.222913	
161.000	      0.216011	      0.222862	
161.500	      0.216295	       0.22281	
162.000	      0.216295	       0.22281	
162.500	      0.216566	      0.222756	
163.000	      0.216827	      0.222702	
163.500	      0.217077	      0.222646	
164.000	      0.217077	      0.222646	
164.500	      0.217316	      0.222588	
165.000	      0.217546	      0.222529	
165.500	      0.217546	      0.222529	
166.000	      0.217768	      0.222469	
166.500	       0.21798	      0.222407	
167.000	      0.218185	      0.222343	
167.500	      0.218185	      0.222343	
168.000	      0.218381	      0.222278	
168.500	      0.218571	      0.222211	
169.000	      0.218571	      0.222211	
169.500	      0.218753	      0.222142	
170.000	      0.218929	      0.222071	
170.500	      0.218929	      0.222071	
171.000	      0.219098	      0.221999	
171.500	      0.219261	      0.221924	
172.000	      0.219419	      0.221847	
172.500	      0.219419	      0.221847	
173.000	      0.219571	      0.221768	
173.500	      0.219718	      0.221687	
174.000	      0.219718	      0.221687	
174.500	       0.21986	      0.221604	
175.000	      0.219997	      0.221518	
175.500	       0.22013	       0.22143	
176.000	       0.22013	       0.22143	
176.500	      0.220258	      0.221339	
177.000	      0.220382	      0.221245	
177.500	      0.220382	      0.221245	
178.000	      0.220502	      0.221148	
178.500	      0.220619	      0.221049	
179.000	      0.220731	      0.220946	
179.500	      0.220731	      0.220946	
180.000	       0.22084	       0.22084	
