
TracePro Release: 3 2 0 
Polar Candela Distribution Data for 
Data covers +/- 180.000 degrees from Normal
Data for Missed Rays
Data generated at 09:45:41 June 30, 2025

	   0.0	 180.0
0.000	     0.0461934	     0.0461934	
0.500	     0.0472241	     0.0447152	
1.000	     0.0472241	     0.0447152	
1.500	     0.0479602	      0.042538	
2.000	     0.0484975	     0.0392313	
2.500	     0.0488977	     0.0340225	
3.000	     0.0488977	     0.0340225	
3.500	     0.0492016	     0.0254432	
4.000	     0.0494369	     0.0104873	
4.500	     0.0494369	     0.0104873	
5.000	     0.0496224	     0.0176276	
5.500	     0.0497712	     0.0764185	
6.000	     0.0498928	      0.221327	
6.500	     0.0498928	      0.221327	
7.000	     0.0499937	      0.702132	
7.500	     0.0500789	       4.56821	
8.000	     0.0500789	       4.56821	
8.500	     0.0501519	       50.9757	
9.000	     0.0502153	       3.59451	
9.500	      0.050271	       5.66854	
10.000	      0.050271	       5.66854	
10.500	     0.0503206	       66.9695	
11.000	     0.0503652	       6.48195	
11.500	     0.0503652	       6.48195	
12.000	     0.0504056	       1.47916	
12.500	     0.0504425	       2.15108	
13.000	     0.0504425	       2.15108	
13.500	     0.0504764	       16.7701	
14.000	     0.0505076	       1.84226	
14.500	     0.0505366	      0.447554	
15.000	     0.0505366	      0.447554	
15.500	     0.0505634	       0.23575	
16.000	     0.0505884	      0.156065	
16.500	     0.0505884	      0.156065	
17.000	     0.0506117	      0.115566	
17.500	     0.0506334	     0.0913161	
18.000	     0.0506535	     0.0751241	
18.500	     0.0506535	     0.0751241	
19.000	     0.0506723	     0.0633748	
19.500	     0.0506897	     0.0542326	
20.000	     0.0506897	     0.0542326	
20.500	     0.0507058	     0.0466623	
21.000	     0.0507206	     0.0400271	
21.500	     0.0507342	     0.0339011	
22.000	     0.0507342	     0.0339011	
22.500	     0.0507466	      0.027974	
23.000	     0.0507578	     0.0219969	
23.500	     0.0507578	     0.0219969	
24.000	     0.0507678	     0.0157487	
24.500	     0.0507767	    0.00901217	
25.000	     0.0507844	    0.00155337	
25.500	     0.0507844	    0.00155337	
26.000	      0.050791	    0.00689901	
26.500	     0.0507965	     0.0166783	
27.000	     0.0507965	     0.0166783	
27.500	     0.0508008	      0.028213	
28.000	      0.050804	     0.0420742	
28.500	      0.050806	     0.0590478	
29.000	      0.050806	     0.0590478	
29.500	     0.0508069	     0.0802495	
30.000	     0.0508066	      0.107315	
30.500	     0.0508066	      0.107315	
31.000	     0.0508051	      0.142727	
31.500	     0.0508024	      0.190416	
32.000	     0.0507986	      0.256908	
32.500	     0.0507986	      0.256908	
33.000	     0.0507934	      0.353711	
33.500	     0.0507871	      0.502723	
34.000	     0.0507871	      0.502723	
34.500	     0.0507794	      0.749995	
35.000	     0.0507704	       1.20685	
35.500	     0.0507704	       1.20685	
36.000	     0.0507601	       2.20507	
36.500	     0.0507484	        5.1659	
37.000	     0.0507352	       26.8162	
37.500	     0.0507352	       26.8162	
38.000	     0.0507206	       273.707	
38.500	     0.0507045	       26.9314	
39.000	     0.0507045	       26.9314	
39.500	     0.0506868	       5.53663	
40.000	     0.0506675	       4.32284	
40.500	     0.0506465	       20.7893	
41.000	     0.0506465	       20.7893	
41.500	     0.0506237	       2.87921	
42.000	     0.0505991	      0.898991	
42.500	     0.0505991	      0.898991	
43.000	     0.0505726	      0.515304	
43.500	     0.0505441	      0.340311	
44.000	     0.0505135	      0.238387	
44.500	     0.0505135	      0.238387	
45.000	     0.0504807	      0.171591	
45.500	     0.0504456	      0.124583	
46.000	     0.0504456	      0.124583	
46.500	     0.0504081	     0.0898174	
47.000	     0.0503681	     0.0631023	
47.500	     0.0503253	     0.0419118	
48.000	     0.0503253	     0.0419118	
48.500	     0.0502797	     0.0246261	
49.000	      0.050231	     0.0101547	
49.500	      0.050231	     0.0101547	
50.000	     0.0501791	    0.00226889	
50.500	     0.0501239	     0.0132059	
51.000	      0.050065	     0.0230852	
51.500	      0.050065	     0.0230852	
52.000	     0.0500022	     0.0322501	
52.500	     0.0499353	     0.0409916	
53.000	     0.0499353	     0.0409916	
53.500	      0.049864	     0.0495722	
54.000	     0.0497879	     0.0582466	
54.500	     0.0497068	     0.0672811	
55.000	     0.0497068	     0.0672811	
55.500	     0.0496202	      0.076975	
56.000	     0.0495276	     0.0876876	
56.500	     0.0495276	     0.0876876	
57.000	     0.0494288	     0.0998747	
57.500	      0.049323	      0.114143	
58.000	      0.049323	      0.114143	
58.500	     0.0492098	      0.131338	
59.000	     0.0490885	       0.15268	
59.500	     0.0489584	      0.180012	
60.000	     0.0489584	      0.180012	
60.500	     0.0488187	      0.216239	
61.000	     0.0486686	      0.266176	
61.500	     0.0486686	      0.266176	
62.000	      0.048507	      0.338316	
62.500	     0.0483328	      0.448831	
63.000	     0.0481447	      0.631768	
63.500	     0.0481447	      0.631768	
64.000	     0.0479414	      0.969552	
64.500	     0.0477212	       1.70821	
65.000	     0.0477212	       1.70821	
65.500	     0.0474824	       3.90295	
66.000	     0.0472227	       19.9839	
66.500	     0.0469399	       203.409	
67.000	     0.0469399	       203.409	
67.500	     0.0466311	       19.9938	
68.000	     0.0462932	       3.92445	
68.500	     0.0462932	       3.92445	
69.000	     0.0459225	       1.74597	
69.500	     0.0455148	       1.03438	
70.000	     0.0450649	      0.752455	
70.500	     0.0450649	      0.752455	
71.000	     0.0445671	      0.730821	
71.500	     0.0440143	       1.78895	
72.000	     0.0440143	       1.78895	
72.500	     0.0433983	       14.4893	
73.000	     0.0427093	       1.67106	
73.500	     0.0419352	      0.470462	
74.000	     0.0419352	      0.470462	
74.500	     0.0410616	      0.286267	
75.000	     0.0400708	      0.213778	
75.500	     0.0400708	      0.213778	
76.000	     0.0389412	      0.174639	
76.500	     0.0376455	      0.149821	
77.000	     0.0361498	      0.132548	
77.500	     0.0361498	      0.132548	
78.000	     0.0344109	      0.119794	
78.500	     0.0323731	      0.109991	
79.000	     0.0323731	      0.109991	
79.500	     0.0299641	      0.102232	
80.000	     0.0270881	     0.0959563	
80.500	     0.0270881	     0.0959563	
81.000	     0.0236163	     0.0907906	
81.500	     0.0193724	     0.0864788	
82.000	     0.0141094	     0.0828374	
82.500	     0.0141094	     0.0828374	
83.000	    0.00747294	     0.0797316	
83.500	     0.0010598	     0.0770599	
84.000	     0.0010598	     0.0770599	
84.500	     0.0122867	     0.0747443	
85.000	     0.0274743	     0.0727241	
85.500	     0.0487329	     0.0709512	
86.000	     0.0487329	     0.0709512	
86.500	      0.079793	      0.069387	
87.000	       0.12777	     0.0680002	
87.500	       0.12777	     0.0680002	
88.000	      0.207661	     0.0667652	
88.500	      0.355798	     0.0656611	
89.000	      0.680676	     0.0646703	
89.500	      0.680676	     0.0646703	
90.000	       1.64774	     0.0637781	
90.500	       8.74047	      0.062972	
91.000	       8.74047	      0.062972	
91.500	       89.8115	     0.0622417	
92.000	       8.74046	     0.0615781	
92.500	       1.64773	     0.0609736	
93.000	       1.64773	     0.0609736	
93.500	      0.680659	     0.0604215	
94.000	      0.355775	     0.0599161	
94.500	      0.355775	     0.0599161	
95.000	      0.207631	     0.0594526	
95.500	      0.127734	     0.0590264	
96.000	     0.0797514	     0.0586339	
96.500	     0.0797514	     0.0586339	
97.000	     0.0486853	     0.0582717	
97.500	     0.0274207	     0.0579369	
98.000	     0.0274207	     0.0579369	
98.500	      0.012227	     0.0576269	
99.000	   0.000994138	     0.0573394	
99.500	    0.00754467	     0.0570723	
100.000	    0.00754467	     0.0570723	
100.500	     0.0141872	     0.0568239	
101.000	     0.0194564	     0.0565925	
101.500	     0.0194564	     0.0565925	
102.000	     0.0237065	     0.0563766	
102.500	     0.0271844	      0.056175	
103.000	     0.0271844	      0.056175	
103.500	     0.0300666	     0.0559864	
104.000	     0.0324819	     0.0558098	
104.500	      0.034526	     0.0556443	
105.000	      0.034526	     0.0556443	
105.500	     0.0362713	      0.055489	
106.000	     0.0377734	     0.0553431	
106.500	     0.0377734	     0.0553431	
107.000	     0.0390756	     0.0552058	
107.500	     0.0402118	     0.0550767	
108.000	     0.0412091	     0.0549549	
108.500	     0.0412091	     0.0549549	
109.000	     0.0420893	     0.0548401	
109.500	     0.0428701	     0.0547317	
110.000	     0.0428701	     0.0547317	
110.500	     0.0435659	     0.0546293	
111.000	     0.0441887	     0.0545324	
111.500	     0.0447484	     0.0544408	
112.000	     0.0447484	     0.0544408	
112.500	     0.0452532	     0.0543539	
113.000	     0.0457101	     0.0542716	
113.500	     0.0457101	     0.0542716	
114.000	      0.046125	     0.0541934	
114.500	     0.0465029	     0.0541192	
115.000	      0.046848	     0.0540488	
115.500	      0.046848	     0.0540488	
116.000	     0.0471642	     0.0539817	
116.500	     0.0474545	     0.0539179	
117.000	     0.0474545	     0.0539179	
117.500	     0.0477218	     0.0538572	
118.000	     0.0479683	     0.0537993	
118.500	     0.0481963	     0.0537441	
119.000	     0.0481963	     0.0537441	
119.500	     0.0484075	     0.0536914	
120.000	     0.0486035	     0.0536411	
120.500	     0.0486035	     0.0536411	
121.000	     0.0487858	     0.0535931	
121.500	     0.0489557	     0.0535472	
122.000	     0.0491142	     0.0535032	
122.500	     0.0491142	     0.0535032	
123.000	     0.0492624	     0.0534612	
123.500	     0.0494011	     0.0534209	
124.000	     0.0494011	     0.0534209	
124.500	     0.0495312	     0.0533823	
125.000	     0.0496533	     0.0533452	
125.500	     0.0496533	     0.0533452	
126.000	     0.0497681	     0.0533097	
126.500	     0.0498762	     0.0532756	
127.000	     0.0499781	     0.0532428	
127.500	     0.0499781	     0.0532428	
128.000	     0.0500742	     0.0532113	
128.500	     0.0501651	      0.053181	
129.000	     0.0501651	      0.053181	
129.500	      0.050251	     0.0531519	
130.000	     0.0503324	     0.0531238	
130.500	     0.0504095	     0.0530968	
131.000	     0.0504095	     0.0530968	
131.500	     0.0504827	     0.0530707	
132.000	     0.0505523	     0.0530456	
132.500	     0.0505523	     0.0530456	
133.000	     0.0506184	     0.0530214	
133.500	     0.0506813	      0.052998	
134.000	     0.0507412	     0.0529753	
134.500	     0.0507412	     0.0529753	
135.000	     0.0507983	     0.0529535	
135.500	     0.0508528	     0.0529323	
136.000	     0.0508528	     0.0529323	
136.500	     0.0509048	     0.0529119	
137.000	     0.0509545	     0.0528921	
137.500	     0.0510021	     0.0528729	
138.000	     0.0510021	     0.0528729	
138.500	     0.0510476	     0.0528543	
139.000	     0.0510912	     0.0528362	
139.500	     0.0510912	     0.0528362	
140.000	      0.051133	     0.0528187	
140.500	     0.0511731	     0.0528017	
141.000	     0.0512116	     0.0527852	
141.500	     0.0512116	     0.0527852	
142.000	     0.0512485	     0.0527691	
142.500	      0.051284	     0.0527535	
143.000	      0.051284	     0.0527535	
143.500	     0.0513182	     0.0527383	
144.000	     0.0513511	     0.0527235	
144.500	     0.0513827	      0.052709	
145.000	     0.0513827	      0.052709	
145.500	     0.0514132	      0.052695	
146.000	     0.0514426	     0.0526812	
146.500	     0.0514426	     0.0526812	
147.000	      0.051471	     0.0526678	
147.500	     0.0514984	     0.0526547	
148.000	     0.0514984	     0.0526547	
148.500	     0.0515248	     0.0526419	
149.000	     0.0515504	     0.0526294	
149.500	     0.0515751	     0.0526171	
150.000	     0.0515751	     0.0526171	
150.500	      0.051599	     0.0526051	
151.000	     0.0516221	     0.0525934	
151.500	     0.0516221	     0.0525934	
152.000	     0.0516446	     0.0525818	
152.500	     0.0516663	     0.0525705	
153.000	     0.0516873	     0.0525594	
153.500	     0.0516873	     0.0525594	
154.000	     0.0517077	     0.0525484	
154.500	     0.0517276	     0.0525377	
155.000	     0.0517276	     0.0525377	
155.500	     0.0517468	     0.0525271	
156.000	     0.0517655	     0.0525167	
156.500	     0.0517837	     0.0525064	
157.000	     0.0517837	     0.0525064	
157.500	     0.0518013	     0.0524963	
158.000	     0.0518185	     0.0524863	
158.500	     0.0518185	     0.0524863	
159.000	     0.0518353	     0.0524765	
159.500	     0.0518516	     0.0524667	
160.000	     0.0518675	     0.0524571	
160.500	     0.0518675	     0.0524571	
161.000	      0.051883	     0.0524475	
161.500	     0.0518981	     0.0524381	
162.000	     0.0518981	     0.0524381	
162.500	     0.0519128	     0.0524287	
163.000	     0.0519272	     0.0524194	
163.500	     0.0519413	     0.0524102	
164.000	     0.0519413	     0.0524102	
164.500	     0.0519551	      0.052401	
165.000	     0.0519685	     0.0523919	
165.500	     0.0519685	     0.0523919	
166.000	     0.0519817	     0.0523828	
166.500	     0.0519946	     0.0523738	
167.000	     0.0520072	     0.0523648	
167.500	     0.0520072	     0.0523648	
168.000	     0.0520196	     0.0523558	
168.500	     0.0520317	     0.0523469	
169.000	     0.0520317	     0.0523469	
169.500	     0.0520436	      0.052338	
170.000	     0.0520553	      0.052329	
170.500	     0.0520553	      0.052329	
171.000	     0.0520668	     0.0523201	
171.500	     0.0520781	     0.0523112	
172.000	     0.0520892	     0.0523022	
172.500	     0.0520892	     0.0523022	
173.000	     0.0521001	     0.0522933	
173.500	     0.0521108	     0.0522843	
174.000	     0.0521108	     0.0522843	
174.500	     0.0521214	     0.0522753	
175.000	     0.0521318	     0.0522662	
175.500	     0.0521421	     0.0522571	
176.000	     0.0521421	     0.0522571	
176.500	     0.0521523	      0.052248	
177.000	     0.0521623	     0.0522388	
177.500	     0.0521623	     0.0522388	
178.000	     0.0521722	     0.0522295	
178.500	      0.052182	     0.0522202	
179.000	     0.0521917	     0.0522108	
179.500	     0.0521917	     0.0522108	
180.000	     0.0522013	     0.0522013	
