
TracePro Release: 3 2 0 
Polar Candela Distribution Data for 
Data covers +/- 180.000 degrees from Normal
Data for Missed Rays
Data generated at 09:45:41 June 30, 2025

	   0.0	 180.0
0.000	      0.201941	      0.201941	
0.500	      0.201652	      0.202217	
1.000	      0.201652	      0.202217	
1.500	      0.201348	      0.202481	
2.000	       0.20103	      0.202733	
2.500	      0.200697	      0.202974	
3.000	      0.200697	      0.202974	
3.500	      0.200346	      0.203205	
4.000	      0.199977	      0.203427	
4.500	      0.199977	      0.203427	
5.000	      0.199588	      0.203639	
5.500	      0.199179	      0.203843	
6.000	      0.198747	      0.204038	
6.500	      0.198747	      0.204038	
7.000	      0.198291	      0.204226	
7.500	      0.197808	      0.204406	
8.000	      0.197808	      0.204406	
8.500	      0.197298	       0.20458	
9.000	      0.196757	      0.204747	
9.500	      0.196183	      0.204907	
10.000	      0.196183	      0.204907	
10.500	      0.195573	      0.205062	
11.000	      0.194923	      0.205211	
11.500	      0.194923	      0.205211	
12.000	      0.194232	      0.205354	
12.500	      0.193493	      0.205493	
13.000	      0.193493	      0.205493	
13.500	      0.192704	      0.205626	
14.000	      0.191859	      0.205755	
14.500	      0.190951	       0.20588	
15.000	      0.190951	       0.20588	
15.500	      0.189976	         0.206	
16.000	      0.188926	      0.206116	
16.500	      0.188926	      0.206116	
17.000	      0.187791	      0.206229	
17.500	      0.186564	      0.206337	
18.000	      0.185232	      0.206443	
18.500	      0.185232	      0.206443	
19.000	      0.183783	      0.206544	
19.500	      0.182202	      0.206643	
20.000	      0.182202	      0.206643	
20.500	      0.180472	      0.206738	
21.000	      0.178572	      0.206831	
21.500	      0.176478	       0.20692	
22.000	      0.176478	       0.20692	
22.500	      0.174161	      0.207007	
23.000	      0.171587	      0.207091	
23.500	      0.171587	      0.207091	
24.000	      0.168713	      0.207173	
24.500	      0.165489	      0.207252	
25.000	       0.16185	      0.207329	
25.500	       0.16185	      0.207329	
26.000	       0.15772	      0.207404	
26.500	      0.152997	      0.207476	
27.000	      0.152997	      0.207476	
27.500	      0.147558	      0.207546	
28.000	      0.141237	      0.207615	
28.500	      0.133823	      0.207681	
29.000	      0.133823	      0.207681	
29.500	      0.125029	      0.207746	
30.000	      0.114467	      0.207809	
30.500	      0.114467	      0.207809	
31.000	      0.101598	       0.20787	
31.500	     0.0856518	       0.20793	
32.000	     0.0654995	      0.207987	
32.500	     0.0654995	      0.207987	
33.000	     0.0394262	      0.208044	
33.500	    0.00472149	      0.208099	
34.000	    0.00472149	      0.208099	
34.500	     0.0431135	      0.208152	
35.000	      0.112009	      0.208204	
35.500	      0.112009	      0.208204	
36.000	      0.217051	      0.208255	
36.500	      0.389988	      0.208304	
37.000	      0.707631	      0.208352	
37.500	      0.707631	      0.208352	
38.000	       1.39918	      0.208399	
38.500	       3.44755	      0.208445	
39.000	       3.44755	      0.208445	
39.500	       18.4308	      0.208489	
40.000	       189.644	      0.208533	
40.500	       18.4505	      0.208575	
41.000	       18.4505	      0.208575	
41.500	       3.48784	      0.208617	
42.000	       1.46191	      0.208657	
42.500	       1.46191	      0.208657	
43.000	      0.795854	      0.208696	
43.500	      0.508397	      0.208735	
44.000	      0.372707	      0.208772	
44.500	      0.372707	      0.208772	
45.000	      0.315617	      0.208809	
45.500	      0.311355	      0.208845	
46.000	      0.311355	      0.208845	
46.500	      0.355296	       0.20888	
47.000	      0.459362	      0.208914	
47.500	      0.660781	      0.208947	
48.000	      0.660781	      0.208947	
48.500	       1.05777	       0.20898	
49.000	       1.94977	      0.209012	
49.500	       1.94977	      0.209012	
50.000	       4.62719	      0.209043	
50.500	       24.3031	      0.209073	
51.000	       249.124	      0.209103	
51.500	       249.124	      0.209103	
52.000	       24.3067	      0.209132	
52.500	       4.63458	      0.209161	
53.000	       4.63458	      0.209161	
53.500	       1.96132	      0.209189	
54.000	        1.0741	      0.209216	
54.500	      0.682845	      0.209242	
55.000	      0.682845	      0.209242	
55.500	      0.488604	      0.209269	
56.000	      0.393912	      0.209294	
56.500	      0.393912	      0.209294	
57.000	      0.362777	      0.209319	
57.500	      0.385447	      0.209343	
58.000	      0.385447	      0.209343	
58.500	      0.470676	      0.209367	
59.000	      0.652923	      0.209391	
59.500	       1.02639	      0.209414	
60.000	       1.02639	      0.209414	
60.500	       1.88069	      0.209436	
61.000	       4.46645	      0.209458	
61.500	       4.46645	      0.209458	
62.000	       23.5338	       0.20948	
62.500	       241.591	      0.209501	
63.000	       23.5143	      0.209521	
63.500	       23.5143	      0.209521	
64.000	       4.42672	      0.209542	
64.500	       1.81882	      0.209562	
65.000	       1.81882	      0.209562	
65.500	      0.939333	      0.209581	
66.000	      0.536017	        0.2096	
66.500	      0.316883	      0.209619	
67.000	      0.316883	      0.209619	
67.500	      0.184097	      0.209637	
68.000	      0.097234	      0.209655	
68.500	      0.097234	      0.209655	
69.000	     0.0370899	      0.209672	
69.500	    0.00642378	       0.20969	
70.000	     0.0390265	      0.209706	
70.500	     0.0390265	      0.209706	
71.000	     0.0641617	      0.209723	
71.500	     0.0840055	      0.209739	
72.000	     0.0840055	      0.209739	
72.500	       0.09999	      0.209755	
73.000	       0.11309	      0.209771	
73.500	      0.123988	      0.209786	
74.000	      0.123988	      0.209786	
74.500	      0.133174	      0.209801	
75.000	      0.141009	      0.209816	
75.500	      0.141009	      0.209816	
76.000	      0.147763	       0.20983	
76.500	      0.153641	      0.209844	
77.000	      0.158802	      0.209858	
77.500	      0.158802	      0.209858	
78.000	      0.163371	      0.209872	
78.500	      0.167447	      0.209885	
79.000	      0.167447	      0.209885	
79.500	      0.171111	      0.209898	
80.000	      0.174428	      0.209911	
80.500	      0.174428	      0.209911	
81.000	      0.177451	      0.209923	
81.500	      0.180225	      0.209936	
82.000	      0.182788	      0.209948	
82.500	      0.182788	      0.209948	
83.000	      0.185174	       0.20996	
83.500	      0.187408	      0.209971	
84.000	      0.187408	      0.209971	
84.500	      0.189518	      0.209983	
85.000	      0.191523	      0.209994	
85.500	      0.193444	      0.210005	
86.000	      0.193444	      0.210005	
86.500	        0.1953	      0.210016	
87.000	      0.197108	      0.210026	
87.500	      0.197108	      0.210026	
88.000	      0.198885	      0.210037	
88.500	      0.200648	      0.210047	
89.000	      0.202413	      0.210057	
89.500	      0.202413	      0.210057	
90.000	      0.204199	      0.210067	
90.500	      0.206024	      0.210076	
91.000	      0.206024	      0.210076	
91.500	       0.20791	      0.210086	
92.000	       0.20988	      0.210095	
92.500	       0.21196	      0.210104	
93.000	       0.21196	      0.210104	
93.500	      0.214184	      0.210113	
94.000	      0.216588	      0.210122	
94.500	      0.216588	      0.210122	
95.000	      0.219218	      0.210131	
95.500	       0.22213	      0.210139	
96.000	      0.225396	      0.210147	
96.500	      0.225396	      0.210147	
97.000	      0.229105	      0.210155	
97.500	      0.233374	      0.210163	
98.000	      0.233374	      0.210163	
98.500	      0.238354	      0.210171	
99.000	      0.244251	      0.210179	
99.500	      0.251345	      0.210186	
100.000	      0.251345	      0.210186	
100.500	      0.260027	      0.210194	
101.000	      0.270856	      0.210201	
101.500	      0.270856	      0.210201	
102.000	      0.284659	      0.210208	
102.500	      0.302694	      0.210215	
103.000	      0.302694	      0.210215	
103.500	       0.32696	      0.210222	
104.000	      0.360786	      0.210229	
104.500	      0.410056	      0.210235	
105.000	      0.410056	      0.210235	
105.500	       0.48599	      0.210242	
106.000	      0.612242	      0.210248	
106.500	      0.612242	      0.210248	
107.000	      0.846107	      0.210254	
107.500	       1.35868	       0.21026	
108.000	       2.88397	      0.210266	
108.500	       2.88397	      0.210266	
109.000	       14.0694	      0.210272	
109.500	       141.347	      0.210278	
110.000	       141.347	      0.210278	
110.500	       14.0698	      0.210284	
111.000	       2.88479	      0.210289	
111.500	       1.35992	      0.210294	
112.000	       1.35992	      0.210294	
112.500	      0.847758	        0.2103	
113.000	      0.614312	      0.210305	
113.500	      0.614312	      0.210305	
114.000	      0.488485	       0.21031	
114.500	       0.41298	      0.210315	
115.000	      0.364147	       0.21032	
115.500	      0.364147	       0.21032	
116.000	      0.330765	      0.210325	
116.500	      0.306952	      0.210329	
117.000	      0.306952	      0.210329	
117.500	      0.289379	      0.210334	
118.000	      0.276051	      0.210339	
118.500	      0.265709	      0.210343	
119.000	      0.265709	      0.210343	
119.500	      0.257527	      0.210347	
120.000	      0.250949	      0.210352	
120.500	      0.250949	      0.210352	
121.000	      0.245585	      0.210356	
121.500	      0.241156	       0.21036	
122.000	      0.237459	      0.210364	
122.500	      0.237459	      0.210364	
123.000	      0.234345	      0.210368	
123.500	      0.231698	      0.210372	
124.000	      0.231698	      0.210372	
124.500	      0.229432	      0.210375	
125.000	      0.227478	      0.210379	
125.500	      0.227478	      0.210379	
126.000	      0.225783	      0.210383	
126.500	      0.224303	      0.210386	
127.000	      0.223006	       0.21039	
127.500	      0.223006	       0.21039	
128.000	      0.221863	      0.210393	
128.500	      0.220851	      0.210396	
129.000	      0.220851	      0.210396	
129.500	      0.219952	      0.210399	
130.000	      0.219151	      0.210403	
130.500	      0.218433	      0.210406	
131.000	      0.218433	      0.210406	
131.500	      0.217789	      0.210409	
132.000	      0.217209	      0.210412	
132.500	      0.217209	      0.210412	
133.000	      0.216686	      0.210415	
133.500	      0.216212	      0.210417	
134.000	      0.215781	       0.21042	
134.500	      0.215781	       0.21042	
135.000	       0.21539	      0.210423	
135.500	      0.215034	      0.210426	
136.000	      0.215034	      0.210426	
136.500	      0.214708	      0.210428	
137.000	       0.21441	      0.210431	
137.500	      0.214138	      0.210433	
138.000	      0.214138	      0.210433	
138.500	      0.213887	      0.210436	
139.000	      0.213656	      0.210438	
139.500	      0.213656	      0.210438	
140.000	      0.213444	      0.210441	
140.500	      0.213249	      0.210443	
141.000	      0.213068	      0.210445	
141.500	      0.213068	      0.210445	
142.000	      0.212901	      0.210448	
142.500	      0.212746	       0.21045	
143.000	      0.212746	       0.21045	
143.500	      0.212603	      0.210452	
144.000	       0.21247	      0.210454	
144.500	      0.212346	      0.210456	
145.000	      0.212346	      0.210456	
145.500	      0.212232	      0.210458	
146.000	      0.212125	       0.21046	
146.500	      0.212125	       0.21046	
147.000	      0.212025	      0.210462	
147.500	      0.211933	      0.210464	
148.000	      0.211933	      0.210464	
148.500	      0.211846	      0.210466	
149.000	      0.211765	      0.210468	
149.500	       0.21169	       0.21047	
150.000	       0.21169	       0.21047	
150.500	      0.211619	      0.210472	
151.000	      0.211553	      0.210474	
151.500	      0.211553	      0.210474	
152.000	      0.211492	      0.210476	
152.500	      0.211434	      0.210478	
153.000	      0.211379	       0.21048	
153.500	      0.211379	       0.21048	
154.000	      0.211329	      0.210482	
154.500	      0.211281	      0.210484	
155.000	      0.211281	      0.210484	
155.500	      0.211236	      0.210486	
156.000	      0.211194	      0.210488	
156.500	      0.211154	       0.21049	
157.000	      0.211154	       0.21049	
157.500	      0.211117	      0.210491	
158.000	      0.211082	      0.210493	
158.500	      0.211082	      0.210493	
159.000	      0.211049	      0.210495	
159.500	      0.211018	      0.210497	
160.000	      0.210989	        0.2105	
160.500	      0.210989	        0.2105	
161.000	      0.210962	      0.210502	
161.500	      0.210936	      0.210504	
162.000	      0.210936	      0.210504	
162.500	      0.210911	      0.210506	
163.000	      0.210888	      0.210508	
163.500	      0.210867	       0.21051	
164.000	      0.210867	       0.21051	
164.500	      0.210846	      0.210513	
165.000	      0.210827	      0.210515	
165.500	      0.210827	      0.210515	
166.000	      0.210809	      0.210518	
166.500	      0.210792	       0.21052	
167.000	      0.210775	      0.210523	
167.500	      0.210775	      0.210523	
168.000	       0.21076	      0.210526	
168.500	      0.210745	      0.210528	
169.000	      0.210745	      0.210528	
169.500	      0.210732	      0.210531	
170.000	      0.210719	      0.210534	
170.500	      0.210719	      0.210534	
171.000	      0.210706	      0.210538	
171.500	      0.210695	      0.210541	
172.000	      0.210684	      0.210544	
172.500	      0.210684	      0.210544	
173.000	      0.210673	      0.210548	
173.500	      0.210664	      0.210552	
174.000	      0.210664	      0.210552	
174.500	      0.210654	      0.210556	
175.000	      0.210645	       0.21056	
175.500	      0.210637	      0.210564	
176.000	      0.210637	      0.210564	
176.500	      0.210629	      0.210569	
177.000	      0.210622	      0.210573	
177.500	      0.210622	      0.210573	
178.000	      0.210614	      0.210578	
178.500	      0.210608	      0.210584	
179.000	      0.210601	      0.210589	
179.500	      0.210601	      0.210589	
180.000	      0.210595	      0.210595	
