
TracePro Release: 3 2 0 
Polar Candela Distribution Data for 
Data covers +/- 180.000 degrees from Normal
Data for Missed Rays
Data generated at 09:45:20 June 25, 2025

	   0.0	 180.0
0.000	     0.0326239	     0.0326239	
0.500	      0.290036	     0.0315831	
1.000	      0.290036	     0.0315831	
1.500	      0.608085	      0.796311	
2.000	      0.226514	      0.887785	
2.500	      0.530386	      0.701424	
3.000	      0.530386	      0.701424	
3.500	      0.510123	     0.0492947	
4.000	      0.437923	      0.535356	
4.500	      0.437923	      0.535356	
5.000	       1.88023	      0.710596	
5.500	       1.36132	      0.198418	
6.000	      0.964431	       1.23921	
6.500	      0.964431	       1.23921	
7.000	       1.07322	       1.42394	
7.500	      0.578347	       2.25983	
8.000	      0.578347	       2.25983	
8.500	      0.789037	       1.49123	
9.000	      0.896345	       1.35823	
9.500	       1.53127	       1.36372	
10.000	       1.53127	       1.36372	
10.500	      0.847089	       3.73365	
11.000	        0.7384	       2.73873	
11.500	        0.7384	       2.73873	
12.000	       1.07391	        7.0733	
12.500	       2.78481	        17.257	
13.000	       2.78481	        17.257	
13.500	       2.78708	       19.2891	
14.000	       3.02231	       16.3908	
14.500	       3.11091	       11.8077	
15.000	       3.11091	       11.8077	
15.500	       3.57977	        6.0855	
16.000	       2.85269	       6.24138	
16.500	       2.85269	       6.24138	
17.000	        1.8675	       4.51988	
17.500	       3.52641	      0.465126	
18.000	       2.82862	      0.013474	
18.500	       2.82862	      0.013474	
19.000	       4.16932	     0.0309282	
19.500	       4.22658	     0.0844977	
20.000	       4.22658	     0.0844977	
20.500	       2.65408	      0.573691	
21.000	       4.02731	      0.112344	
21.500	       3.25248	      0.219923	
22.000	       3.25248	      0.219923	
22.500	       4.58079	     0.0905332	
23.000	       5.05316	      0.330444	
23.500	       5.05316	      0.330444	
24.000	       5.40835	     0.0594817	
24.500	       2.31572	    0.00153241	
25.000	       7.01878	      0.416931	
25.500	       7.01878	      0.416931	
26.000	       5.10419	      0.134006	
26.500	       5.94492	     0.0355306	
27.000	       5.94492	     0.0355306	
27.500	       5.05987	     0.0322822	
28.000	       4.40296	     0.0659374	
28.500	        3.9354	      0.578313	
29.000	        3.9354	      0.578313	
29.500	        5.9475	      0.931018	
30.000	       4.18464	       0.34008	
30.500	       4.18464	       0.34008	
31.000	       3.91115	      0.279736	
31.500	       3.36515	     0.0941173	
32.000	       4.43157	     0.0791695	
32.500	       4.43157	     0.0791695	
33.000	       2.32902	    0.00975626	
33.500	       3.80776	      0.345456	
34.000	       3.80776	      0.345456	
34.500	       5.12168	      0.390092	
35.000	       2.98651	     0.0659009	
35.500	       2.98651	     0.0659009	
36.000	       5.36946	     0.0361819	
36.500	       7.16119	       1.58082	
37.000	       4.87315	       2.75967	
37.500	       4.87315	       2.75967	
38.000	       3.70918	       2.47489	
38.500	       3.77082	       5.61751	
39.000	       3.77082	       5.61751	
39.500	       4.11769	        7.7728	
40.000	       3.85928	       10.1742	
40.500	       6.11879	       29.0504	
41.000	       6.11879	       29.0504	
41.500	       3.82596	       45.5758	
42.000	       2.61338	       10.7444	
42.500	       2.61338	       10.7444	
43.000	       2.87815	       2.64546	
43.500	       3.71091	       1.67358	
44.000	       3.16747	       2.12903	
44.500	       3.16747	       2.12903	
45.000	       2.41391	       1.97181	
45.500	       3.07999	       1.00234	
46.000	       3.07999	       1.00234	
46.500	       3.95826	       1.31665	
47.000	       3.56196	       1.00079	
47.500	       3.27109	      0.804261	
48.000	       3.27109	      0.804261	
48.500	       1.52947	      0.747571	
49.000	       2.53845	      0.801489	
49.500	       2.53845	      0.801489	
50.000	       2.85045	      0.453609	
50.500	      0.834187	      0.378259	
51.000	       1.00536	     0.0801341	
51.500	       1.00536	     0.0801341	
52.000	       2.19114	     0.0345681	
52.500	       3.26858	     0.0295219	
53.000	       3.26858	     0.0295219	
53.500	      0.867689	     0.0287275	
54.000	       2.78091	     0.0282078	
54.500	       1.10582	     0.0277775	
55.000	       1.10582	     0.0277775	
55.500	      0.521931	     0.0274063	
56.000	       1.33997	      0.027083	
56.500	       1.33997	      0.027083	
57.000	       2.96854	     0.0267999	
57.500	       2.87278	     0.0265511	
58.000	       2.87278	     0.0265511	
58.500	      0.849848	     0.0263314	
59.000	      0.646408	     0.0261366	
59.500	       1.95662	     0.0259633	
60.000	       1.95662	     0.0259633	
60.500	       2.46619	     0.0258085	
61.000	        2.3401	     0.0256696	
61.500	        2.3401	     0.0256696	
62.000	      0.577202	     0.0255445	
62.500	       1.19526	     0.0254315	
63.000	       1.40472	      0.025329	
63.500	       1.40472	      0.025329	
64.000	       2.25752	     0.0252357	
64.500	      0.625302	     0.0251505	
65.000	      0.625302	     0.0251505	
65.500	     0.0889009	     0.0250725	
66.000	      0.755935	     0.0250006	
66.500	      0.714304	     0.0249342	
67.000	      0.714304	     0.0249342	
67.500	       1.66896	     0.0248725	
68.000	       2.03004	     0.0248149	
68.500	       2.03004	     0.0248149	
69.000	       0.53676	     0.0247606	
69.500	      0.849482	      0.024709	
70.000	       2.05843	      0.024659	
70.500	       2.05843	      0.024659	
71.000	       1.02836	     0.0246096	
71.500	       2.03935	     0.0245591	
72.000	       2.03935	     0.0245591	
72.500	       0.90443	     0.0245044	
73.000	        1.5472	     0.0244403	
73.500	        1.0852	     0.0243557	
74.000	        1.0852	     0.0243557	
74.500	       1.68513	      0.024223	
75.000	       1.74383	     0.0239601	
75.500	       1.74383	     0.0239601	
76.000	       3.14087	       0.02321	
76.500	      0.526794	     0.0177443	
77.000	      0.595313	     0.0938679	
77.500	      0.595313	     0.0938679	
78.000	      0.765734	     0.0178651	
78.500	      0.915995	     0.0235576	
79.000	      0.915995	     0.0235576	
79.500	       1.04072	     0.0249919	
80.000	      0.934158	     0.0304208	
80.500	      0.934158	     0.0304208	
81.000	      0.798825	     0.0417205	
81.500	      0.202702	     0.0305558	
82.000	       1.59529	     0.0253728	
82.500	       1.59529	     0.0253728	
83.000	       2.49659	     0.0246651	
83.500	      0.495159	     0.0244179	
84.000	      0.495159	     0.0244179	
84.500	       2.92341	     0.0242908	
85.000	      0.573025	     0.0242021	
85.500	         2.059	     0.0241187	
86.000	         2.059	     0.0241187	
86.500	       1.78936	     0.0240137	
87.000	       2.51391	     0.0238398	
87.500	       2.51391	     0.0238398	
88.000	       3.45709	     0.0234575	
88.500	        6.6056	     0.0222168	
89.000	       4.30676	     0.0112083	
89.500	       4.30676	     0.0112083	
90.000	       2.19616	      0.200848	
90.500	       2.22714	      0.219343	
91.000	       2.22714	      0.219343	
91.500	      0.452113	      0.303931	
92.000	       2.34527	      0.194203	
92.500	       3.47566	      0.138519	
93.000	       3.47566	      0.138519	
93.500	        4.3659	     0.0691668	
94.000	       2.66075	     0.0315426	
94.500	       2.66075	     0.0315426	
95.000	       2.96021	     0.0253064	
95.500	       4.16295	     0.0245472	
96.000	       2.25239	      0.024306	
96.500	       2.25239	      0.024306	
97.000	       3.42554	     0.0241991	
97.500	       2.83692	     0.0241417	
98.000	       2.83692	     0.0241417	
98.500	       3.17391	     0.0241066	
99.000	       4.42917	     0.0240829	
99.500	       5.48092	     0.0240657	
100.000	       5.48092	     0.0240657	
100.500	       2.42378	     0.0240523	
101.000	       4.20018	     0.0240415	
101.500	       4.20018	     0.0240415	
102.000	       2.01023	     0.0240323	
102.500	       2.27312	     0.0240243	
103.000	       2.27312	     0.0240243	
103.500	       3.15658	     0.0240172	
104.000	       1.59281	     0.0240107	
104.500	       4.17211	     0.0240047	
105.000	       4.17211	     0.0240047	
105.500	       6.53558	     0.0239991	
106.000	        20.914	     0.0239938	
106.500	        20.914	     0.0239938	
107.000	       77.1254	     0.0239888	
107.500	       11.2625	      0.023984	
108.000	       3.14405	     0.0239794	
108.500	       3.14405	     0.0239794	
109.000	       7.27393	     0.0239749	
109.500	      0.305817	     0.0239706	
110.000	      0.305817	     0.0239706	
110.500	      0.065511	     0.0239665	
111.000	     0.0669032	     0.0239624	
111.500	     0.0509011	     0.0239585	
112.000	     0.0509011	     0.0239585	
112.500	     0.0365882	     0.0239547	
113.000	     0.0254556	     0.0239509	
113.500	     0.0254556	     0.0239509	
114.000	     0.0169432	     0.0239472	
114.500	     0.0103808	     0.0239436	
115.000	    0.00524849	     0.0239401	
115.500	    0.00524849	     0.0239401	
116.000	     0.0011725	     0.0239366	
116.500	    0.00211224	     0.0239331	
117.000	    0.00211224	     0.0239331	
117.500	    0.00479515	     0.0239298	
118.000	    0.00701333	     0.0239264	
118.500	    0.00886752	     0.0239232	
119.000	    0.00886752	     0.0239232	
119.500	     0.0104328	     0.0239199	
120.000	     0.0117662	     0.0239167	
120.500	     0.0117662	     0.0239167	
121.000	     0.0129111	     0.0239135	
121.500	     0.0139015	     0.0239104	
122.000	     0.0147641	     0.0239072	
122.500	     0.0147641	     0.0239072	
123.000	     0.0155198	     0.0239042	
123.500	     0.0161857	     0.0239011	
124.000	     0.0161857	     0.0239011	
124.500	     0.0167755	      0.023898	
125.000	     0.0173005	      0.023895	
125.500	     0.0173005	      0.023895	
126.000	     0.0177697	      0.023892	
126.500	     0.0181908	      0.023889	
127.000	     0.0185703	      0.023886	
127.500	     0.0185703	      0.023886	
128.000	     0.0189134	      0.023883	
128.500	     0.0192247	       0.02388	
129.000	     0.0192247	       0.02388	
129.500	      0.019508	      0.023877	
130.000	     0.0197666	      0.023874	
130.500	     0.0200033	     0.0238711	
131.000	     0.0200033	     0.0238711	
131.500	     0.0202204	     0.0238681	
132.000	     0.0204202	     0.0238651	
132.500	     0.0204202	     0.0238651	
133.000	     0.0206044	     0.0238621	
133.500	     0.0207746	     0.0238591	
134.000	     0.0209322	     0.0238562	
134.500	     0.0209322	     0.0238562	
135.000	     0.0210784	     0.0238531	
135.500	     0.0212143	     0.0238501	
136.000	     0.0212143	     0.0238501	
136.500	     0.0213409	     0.0238471	
137.000	     0.0214589	     0.0238441	
137.500	     0.0215692	      0.023841	
138.000	     0.0215692	      0.023841	
138.500	     0.0216724	     0.0238379	
139.000	     0.0217691	     0.0238348	
139.500	     0.0217691	     0.0238348	
140.000	     0.0218598	     0.0238317	
140.500	     0.0219451	     0.0238285	
141.000	     0.0220253	     0.0238254	
141.500	     0.0220253	     0.0238254	
142.000	     0.0221009	     0.0238222	
142.500	     0.0221722	      0.023819	
143.000	     0.0221722	      0.023819	
143.500	     0.0222395	     0.0238157	
144.000	     0.0223031	     0.0238124	
144.500	     0.0223634	     0.0238091	
145.000	     0.0223634	     0.0238091	
145.500	     0.0224204	     0.0238057	
146.000	     0.0224745	     0.0238023	
146.500	     0.0224745	     0.0238023	
147.000	     0.0225259	     0.0237989	
147.500	     0.0225747	     0.0237954	
148.000	     0.0225747	     0.0237954	
148.500	      0.022621	     0.0237919	
149.000	     0.0226652	     0.0237884	
149.500	     0.0227072	     0.0237848	
150.000	     0.0227072	     0.0237848	
150.500	     0.0227473	     0.0237811	
151.000	     0.0227856	     0.0237774	
151.500	     0.0227856	     0.0237774	
152.000	     0.0228221	     0.0237736	
152.500	      0.022857	     0.0237698	
153.000	     0.0228903	     0.0237659	
153.500	     0.0228903	     0.0237659	
154.000	     0.0229222	      0.023762	
154.500	     0.0229528	      0.023758	
155.000	     0.0229528	      0.023758	
155.500	     0.0229821	     0.0237539	
156.000	     0.0230101	     0.0237498	
156.500	      0.023037	     0.0237456	
157.000	      0.023037	     0.0237456	
157.500	     0.0230629	     0.0237413	
158.000	     0.0230877	      0.023737	
158.500	     0.0230877	      0.023737	
159.000	     0.0231115	     0.0237326	
159.500	     0.0231344	     0.0237281	
160.000	     0.0231565	     0.0237235	
160.500	     0.0231565	     0.0237235	
161.000	     0.0231777	     0.0237188	
161.500	     0.0231982	      0.023714	
162.000	     0.0231982	      0.023714	
162.500	     0.0232178	     0.0237092	
163.000	     0.0232368	     0.0237042	
163.500	     0.0232551	     0.0236992	
164.000	     0.0232551	     0.0236992	
164.500	     0.0232728	      0.023694	
165.000	     0.0232898	     0.0236888	
165.500	     0.0232898	     0.0236888	
166.000	     0.0233063	     0.0236834	
166.500	     0.0233222	     0.0236779	
167.000	     0.0233376	     0.0236723	
167.500	     0.0233376	     0.0236723	
168.000	     0.0233524	     0.0236666	
168.500	     0.0233668	     0.0236608	
169.000	     0.0233668	     0.0236608	
169.500	     0.0233807	     0.0236548	
170.000	     0.0233942	     0.0236486	
170.500	     0.0233942	     0.0236486	
171.000	     0.0234073	     0.0236424	
171.500	     0.0234199	      0.023636	
172.000	     0.0234322	     0.0236294	
172.500	     0.0234322	     0.0236294	
173.000	      0.023444	     0.0236227	
173.500	     0.0234556	     0.0236158	
174.000	     0.0234556	     0.0236158	
174.500	     0.0234667	     0.0236088	
175.000	     0.0234776	     0.0236015	
175.500	     0.0234881	     0.0235941	
176.000	     0.0234881	     0.0235941	
176.500	     0.0234984	     0.0235865	
177.000	     0.0235083	     0.0235787	
177.500	     0.0235083	     0.0235787	
178.000	      0.023518	     0.0235707	
178.500	     0.0235274	     0.0235625	
179.000	     0.0235365	     0.0235541	
179.500	     0.0235365	     0.0235541	
180.000	     0.0235454	     0.0235454	
