
TracePro Release: 3 2 0 
Polar Candela Distribution Data for 
Data covers +/- 180.000 degrees from Normal
Data for Missed Rays
Data generated at 09:37:45 June 25, 2025

	   0.0	 180.0
0.000	      0.174659	      0.174659	
0.500	      0.180067	      0.171649	
1.000	      0.180067	      0.171649	
1.500	      0.110126	      0.151698	
2.000	      0.178831	      0.430602	
2.500	       0.17169	      0.152082	
3.000	       0.17169	      0.152082	
3.500	      0.164616	      0.172335	
4.000	      0.113382	       0.17525	
4.500	      0.113382	       0.17525	
5.000	      0.923696	      0.176329	
5.500	      0.459121	      0.176873	
6.000	      0.376423	      0.177149	
6.500	      0.376423	      0.177149	
7.000	      0.108095	      0.177121	
7.500	      0.685019	      0.176127	
8.000	      0.685019	      0.176127	
8.500	     0.0796807	      0.164238	
9.000	      0.740084	      0.373787	
9.500	      0.489051	     0.0135563	
10.000	      0.489051	     0.0135563	
10.500	      0.208387	      0.193602	
11.000	       0.14314	      0.183482	
11.500	       0.14314	      0.183482	
12.000	      0.372789	       0.19438	
12.500	      0.025926	     0.0286146	
13.000	      0.025926	     0.0286146	
13.500	       2.14707	      0.194761	
14.000	      0.692587	      0.184256	
14.500	       0.43863	       0.19305	
15.000	       0.43863	       0.19305	
15.500	      0.135869	     0.0483008	
16.000	      0.471571	      0.192557	
16.500	      0.471571	      0.192557	
17.000	      0.514942	      0.182929	
17.500	       0.23051	      0.189829	
18.000	      0.124134	     0.0616634	
18.500	      0.124134	     0.0616634	
19.000	       1.23914	      0.182212	
19.500	      0.584995	      0.120815	
20.000	      0.584995	      0.120815	
20.500	       2.72698	       1.14119	
21.000	        12.082	       1.73863	
21.500	       8.03064	       1.91726	
22.000	       8.03064	       1.91726	
22.500	       8.63606	       1.27544	
23.000	       9.50152	       2.71772	
23.500	       9.50152	       2.71772	
24.000	        11.184	       2.02259	
24.500	       10.1554	       3.82482	
25.000	       2.68244	       1.76249	
25.500	       2.68244	       1.76249	
26.000	       2.58048	      0.385168	
26.500	       1.38385	       1.22686	
27.000	       1.38385	       1.22686	
27.500	      0.887969	       2.12055	
28.000	       5.19941	       1.42263	
28.500	       2.48233	       1.17915	
29.000	       2.48233	       1.17915	
29.500	       1.66931	       0.26471	
30.000	       1.92656	      0.450313	
30.500	       1.92656	      0.450313	
31.000	      0.893815	       1.95538	
31.500	       1.07756	       3.06953	
32.000	       1.22207	       1.82069	
32.500	       1.22207	       1.82069	
33.000	       4.84703	       1.86119	
33.500	       0.40309	       0.36315	
34.000	       0.40309	       0.36315	
34.500	      0.991533	      0.397564	
35.000	       2.75259	      0.779529	
35.500	       2.75259	      0.779529	
36.000	       3.54356	        1.9828	
36.500	       1.23297	       2.10893	
37.000	       2.76919	       2.21652	
37.500	       2.76919	       2.21652	
38.000	       3.69293	        0.9082	
38.500	       2.74961	      0.413604	
39.000	       2.74961	      0.413604	
39.500	       1.21873	      0.597482	
40.000	       2.61087	       0.42472	
40.500	       3.67537	     0.0341505	
41.000	       3.67537	     0.0341505	
41.500	      0.962042	      0.362092	
42.000	       1.26664	     0.0765212	
42.500	       1.26664	     0.0765212	
43.000	       1.72951	      0.205672	
43.500	       3.39941	     0.0342263	
44.000	      0.226554	      0.414933	
44.500	      0.226554	      0.414933	
45.000	       2.41543	      0.156264	
45.500	       0.61702	      0.286205	
46.000	       0.61702	      0.286205	
46.500	       5.47826	     0.0504242	
47.000	       6.99446	      0.384566	
47.500	       52.5306	      0.121386	
48.000	       52.5306	      0.121386	
48.500	       516.084	       0.18305	
49.000	       51.5217	      0.181508	
49.500	       51.5217	      0.181508	
50.000	       8.67892	      0.181666	
50.500	       4.36311	      0.181797	
51.000	      0.952862	      0.181884	
51.500	      0.952862	      0.181884	
52.000	       2.28871	      0.181945	
52.500	       0.47139	       0.18199	
53.000	       0.47139	       0.18199	
53.500	      0.746363	      0.182024	
54.000	      0.202179	      0.182051	
54.500	       1.01662	      0.182071	
55.000	       1.01662	      0.182071	
55.500	      0.820519	      0.182086	
56.000	       0.89682	      0.182094	
56.500	       0.89682	      0.182094	
57.000	      0.832902	      0.182091	
57.500	       1.39516	      0.182071	
58.000	       1.39516	      0.182071	
58.500	       1.91496	      0.182016	
59.000	      0.833095	      0.181869	
59.500	      0.324121	      0.181394	
60.000	      0.324121	      0.181394	
60.500	     0.0392246	      0.177794	
61.000	     0.0794068	      0.228094	
61.500	     0.0794068	      0.228094	
62.000	     0.0644727	      0.177828	
62.500	      0.162598	      0.181464	
63.000	     0.0315726	      0.181973	
63.500	     0.0315726	      0.181973	
64.000	      0.912521	      0.182155	
64.500	      0.244563	      0.182246	
65.000	      0.244563	      0.182246	
65.500	      0.210016	      0.182302	
66.000	     0.0322233	      0.182341	
66.500	      0.151215	      0.182372	
67.000	      0.151215	      0.182372	
67.500	     0.0532031	      0.182397	
68.000	       1.11438	      0.182418	
68.500	       1.11438	      0.182418	
69.000	      0.047046	      0.182438	
69.500	      0.278894	      0.182456	
70.000	       1.27054	      0.182472	
70.500	       1.27054	      0.182472	
71.000	       1.39059	      0.182488	
71.500	        1.3244	      0.182502	
72.000	        1.3244	      0.182502	
72.500	        1.7983	      0.182516	
73.000	       1.35034	       0.18253	
73.500	       2.70467	      0.182543	
74.000	       2.70467	      0.182543	
74.500	       3.17084	      0.182556	
75.000	       4.78436	      0.182568	
75.500	       4.78436	      0.182568	
76.000	       4.52273	       0.18258	
76.500	       3.62905	      0.182591	
77.000	       3.75351	      0.182603	
77.500	       3.75351	      0.182603	
78.000	       5.01439	      0.182613	
78.500	        33.358	      0.182624	
79.000	        33.358	      0.182624	
79.500	       4.16856	      0.182635	
80.000	      0.130749	      0.182645	
80.500	      0.130749	      0.182645	
81.000	       3.34674	      0.182655	
81.500	       20.4639	      0.182664	
82.000	       3.39199	      0.182674	
82.500	       3.39199	      0.182674	
83.000	     0.0624037	      0.182683	
83.500	      0.911391	      0.182692	
84.000	      0.911391	      0.182692	
84.500	      0.995937	      0.182701	
85.000	       9.17735	       0.18271	
85.500	       1.07228	      0.182718	
86.000	       1.07228	      0.182718	
86.500	      0.272856	      0.182726	
87.000	     0.0215184	      0.182734	
87.500	     0.0215184	      0.182734	
88.000	      0.228986	      0.182742	
88.500	      0.126825	       0.18275	
89.000	      0.183187	      0.182758	
89.500	      0.183187	      0.182758	
90.000	      0.181305	      0.182765	
90.500	      0.181501	      0.182772	
91.000	      0.181501	      0.182772	
91.500	      0.181565	      0.182779	
92.000	      0.181504	      0.182786	
92.500	      0.181378	      0.182793	
93.000	      0.181378	      0.182793	
93.500	      0.181228	        0.1828	
94.000	      0.181075	      0.182806	
94.500	      0.181075	      0.182806	
95.000	      0.180932	      0.182812	
95.500	      0.180805	      0.182818	
96.000	      0.180694	      0.182824	
96.500	      0.180694	      0.182824	
97.000	      0.180602	       0.18283	
97.500	      0.180525	      0.182836	
98.000	      0.180525	      0.182836	
98.500	      0.180465	      0.182841	
99.000	      0.180418	      0.182847	
99.500	      0.180384	      0.182852	
100.000	      0.180384	      0.182852	
100.500	       0.18036	      0.182857	
101.000	      0.180347	      0.182862	
101.500	      0.180347	      0.182862	
102.000	      0.180341	      0.182867	
102.500	      0.180343	      0.182872	
103.000	      0.180343	      0.182872	
103.500	      0.180351	      0.182877	
104.000	      0.180365	      0.182881	
104.500	      0.180383	      0.182886	
105.000	      0.180383	      0.182886	
105.500	      0.180405	       0.18289	
106.000	       0.18043	      0.182894	
106.500	       0.18043	      0.182894	
107.000	      0.180459	      0.182898	
107.500	      0.180489	      0.182902	
108.000	      0.180522	      0.182906	
108.500	      0.180522	      0.182906	
109.000	      0.180556	       0.18291	
109.500	      0.180592	      0.182913	
110.000	      0.180592	      0.182913	
110.500	      0.180629	      0.182917	
111.000	      0.180666	       0.18292	
111.500	      0.180704	      0.182923	
112.000	      0.180704	      0.182923	
112.500	      0.180743	      0.182926	
113.000	      0.180782	      0.182929	
113.500	      0.180782	      0.182929	
114.000	      0.180821	      0.182932	
114.500	       0.18086	      0.182935	
115.000	        0.1809	      0.182938	
115.500	        0.1809	      0.182938	
116.000	      0.180939	       0.18294	
116.500	      0.180978	      0.182943	
117.000	      0.180978	      0.182943	
117.500	      0.181016	      0.182945	
118.000	      0.181055	      0.182948	
118.500	      0.181093	       0.18295	
119.000	      0.181093	       0.18295	
119.500	       0.18113	      0.182952	
120.000	      0.181167	      0.182954	
120.500	      0.181167	      0.182954	
121.000	      0.181204	      0.182956	
121.500	       0.18124	      0.182958	
122.000	      0.181276	       0.18296	
122.500	      0.181276	       0.18296	
123.000	      0.181311	      0.182961	
123.500	      0.181346	      0.182963	
124.000	      0.181346	      0.182963	
124.500	       0.18138	      0.182964	
125.000	      0.181414	      0.182965	
125.500	      0.181414	      0.182965	
126.000	      0.181447	      0.182967	
126.500	      0.181479	      0.182968	
127.000	      0.181511	      0.182969	
127.500	      0.181511	      0.182969	
128.000	      0.181543	       0.18297	
128.500	      0.181574	      0.182971	
129.000	      0.181574	      0.182971	
129.500	      0.181604	      0.182971	
130.000	      0.181634	      0.182972	
130.500	      0.181663	      0.182973	
131.000	      0.181663	      0.182973	
131.500	      0.181692	      0.182973	
132.000	       0.18172	      0.182974	
132.500	       0.18172	      0.182974	
133.000	      0.181747	      0.182974	
133.500	      0.181774	      0.182974	
134.000	      0.181801	      0.182974	
134.500	      0.181801	      0.182974	
135.000	      0.181827	      0.182974	
135.500	      0.181853	      0.182974	
136.000	      0.181853	      0.182974	
136.500	      0.181878	      0.182974	
137.000	      0.181902	      0.182974	
137.500	      0.181927	      0.182973	
138.000	      0.181927	      0.182973	
138.500	       0.18195	      0.182973	
139.000	      0.181973	      0.182973	
139.500	      0.181973	      0.182973	
140.000	      0.181996	      0.182972	
140.500	      0.182019	      0.182971	
141.000	       0.18204	       0.18297	
141.500	       0.18204	       0.18297	
142.000	      0.182062	      0.182969	
142.500	      0.182083	      0.182969	
143.000	      0.182083	      0.182969	
143.500	      0.182104	      0.182967	
144.000	      0.182124	      0.182966	
144.500	      0.182144	      0.182965	
145.000	      0.182144	      0.182965	
145.500	      0.182163	      0.182964	
146.000	      0.182182	      0.182962	
146.500	      0.182182	      0.182962	
147.000	      0.182201	      0.182961	
147.500	      0.182219	      0.182959	
148.000	      0.182219	      0.182959	
148.500	      0.182237	      0.182957	
149.000	      0.182255	      0.182955	
149.500	      0.182272	      0.182953	
150.000	      0.182272	      0.182953	
150.500	      0.182289	      0.182951	
151.000	      0.182305	      0.182949	
151.500	      0.182305	      0.182949	
152.000	      0.182322	      0.182947	
152.500	      0.182338	      0.182945	
153.000	      0.182353	      0.182942	
153.500	      0.182353	      0.182942	
154.000	      0.182369	       0.18294	
154.500	      0.182384	      0.182937	
155.000	      0.182384	      0.182937	
155.500	      0.182398	      0.182934	
156.000	      0.182413	      0.182931	
156.500	      0.182427	      0.182929	
157.000	      0.182427	      0.182929	
157.500	      0.182441	      0.182925	
158.000	      0.182455	      0.182922	
158.500	      0.182455	      0.182922	
159.000	      0.182468	      0.182919	
159.500	      0.182481	      0.182916	
160.000	      0.182494	      0.182912	
160.500	      0.182494	      0.182912	
161.000	      0.182506	      0.182909	
161.500	      0.182519	      0.182905	
162.000	      0.182519	      0.182905	
162.500	      0.182531	      0.182901	
163.000	      0.182543	      0.182897	
163.500	      0.182554	      0.182893	
164.000	      0.182554	      0.182893	
164.500	      0.182566	      0.182889	
165.000	      0.182577	      0.182885	
165.500	      0.182577	      0.182885	
166.000	      0.182588	       0.18288	
166.500	      0.182598	      0.182876	
167.000	      0.182609	      0.182871	
167.500	      0.182609	      0.182871	
168.000	      0.182619	      0.182866	
168.500	      0.182629	      0.182862	
169.000	      0.182629	      0.182862	
169.500	      0.182639	      0.182857	
170.000	      0.182649	      0.182851	
170.500	      0.182649	      0.182851	
171.000	      0.182658	      0.182846	
171.500	      0.182668	      0.182841	
172.000	      0.182677	      0.182835	
172.500	      0.182677	      0.182835	
173.000	      0.182686	       0.18283	
173.500	      0.182695	      0.182824	
174.000	      0.182695	      0.182824	
174.500	      0.182703	      0.182818	
175.000	      0.182712	      0.182812	
175.500	       0.18272	      0.182806	
176.000	       0.18272	      0.182806	
176.500	      0.182728	      0.182799	
177.000	      0.182736	      0.182793	
177.500	      0.182736	      0.182793	
178.000	      0.182743	      0.182786	
178.500	      0.182751	       0.18278	
179.000	      0.182758	      0.182773	
179.500	      0.182758	      0.182773	
180.000	      0.182766	      0.182766	
