
TracePro Release: 3 2 0 
Polar Candela Distribution Data for 
Data covers +/- 180.000 degrees from Normal
Data for Missed Rays
Data generated at 09:42:19 June 30, 2025

	   0.0	 180.0
0.000	      0.283539	      0.283539	
0.500	      0.281793	      0.285147	
1.000	      0.281793	      0.285147	
1.500	      0.279892	      0.286629	
2.000	      0.277817	         0.288	
2.500	      0.275545	       0.28927	
3.000	      0.275545	       0.28927	
3.500	      0.273051	      0.290448	
4.000	      0.270306	      0.291544	
4.500	      0.270306	      0.291544	
5.000	      0.267273	      0.292564	
5.500	      0.263912	      0.293516	
6.000	      0.260172	      0.294405	
6.500	      0.260172	      0.294405	
7.000	      0.255995	      0.295237	
7.500	       0.25131	      0.296016	
8.000	       0.25131	      0.296016	
8.500	      0.246029	      0.296747	
9.000	      0.240048	      0.297434	
9.500	      0.233237	      0.298079	
10.000	      0.233237	      0.298079	
10.500	      0.225433	      0.298686	
11.000	      0.216434	      0.299258	
11.500	      0.216434	      0.299258	
12.000	       0.20598	      0.299798	
12.500	      0.193741	      0.300307	
13.000	      0.193741	      0.300307	
13.500	      0.179284	      0.300788	
14.000	      0.162036	      0.301243	
14.500	      0.141229	      0.301673	
15.000	      0.141229	      0.301673	
15.500	       0.11581	      0.302079	
16.000	     0.0843023	      0.302465	
16.500	     0.0843023	      0.302465	
17.000	     0.0445914	      0.302829	
17.500	    0.00644578	      0.303175	
18.000	     0.0735737	      0.303503	
18.500	     0.0735737	      0.303503	
19.000	      0.164357	      0.303813	
19.500	      0.291397	      0.304107	
20.000	      0.291397	      0.304107	
20.500	      0.476972	      0.304386	
21.000	      0.763573	       0.30465	
21.500	       1.24076	        0.3049	
22.000	       1.24076	        0.3049	
22.500	       2.12551	      0.305136	
23.000	       4.06573	      0.305359	
23.500	       4.06573	      0.305359	
24.000	       9.84095	      0.305569	
24.500	       52.1975	      0.305768	
25.000	       536.337	      0.305954	
25.500	       536.337	      0.305954	
26.000	       52.1977	      0.306128	
26.500	       9.84134	      0.306291	
27.000	       9.84134	      0.306291	
27.500	        4.0663	      0.306442	
28.000	       2.12628	      0.306582	
28.500	       1.24173	       0.30671	
29.000	       1.24173	       0.30671	
29.500	      0.764736	      0.306826	
30.000	      0.478336	      0.306929	
30.500	      0.478336	      0.306929	
31.000	      0.292964	       0.30702	
31.500	      0.166132	      0.307097	
32.000	     0.0755611	      0.307161	
32.500	     0.0755611	      0.307161	
33.000	    0.00865026	      0.307208	
33.500	     0.0421642	       0.30724	
34.000	     0.0421642	       0.30724	
34.500	     0.0816464	      0.307253	
35.000	      0.112918	      0.307246	
35.500	      0.112918	      0.307246	
36.000	      0.138094	      0.307216	
36.500	      0.158649	       0.30716	
37.000	      0.175636	      0.307074	
37.500	      0.175636	      0.307074	
38.000	      0.189823	      0.306952	
38.500	       0.20178	      0.306789	
39.000	       0.20178	      0.306789	
39.500	      0.211939	      0.306575	
40.000	      0.220631	      0.306299	
40.500	      0.228112	      0.305947	
41.000	      0.228112	      0.305947	
41.500	      0.234586	      0.305497	
42.000	      0.240211	      0.304923	
42.500	      0.240211	      0.304923	
43.000	      0.245117	      0.304186	
43.500	      0.249406	       0.30323	
44.000	      0.253164	      0.301973	
44.500	      0.253164	      0.301973	
45.000	       0.25646	      0.300289	
45.500	      0.259349	       0.29798	
46.000	      0.259349	       0.29798	
46.500	      0.261879	      0.294713	
47.000	      0.264087	      0.289901	
47.500	      0.266007	      0.282425	
48.000	      0.266007	      0.282425	
48.500	      0.267663	      0.269924	
49.000	      0.269076	      0.246681	
49.500	      0.269076	      0.246681	
50.000	      0.270265	      0.195623	
50.500	       0.27124	     0.0435022	
51.000	      0.272013	       1.07262	
51.500	      0.272013	       1.07262	
52.000	      0.272589	       14.4366	
52.500	      0.272973	       1.07249	
53.000	      0.272973	       1.07249	
53.500	      0.273165	     0.0437503	
54.000	      0.273163	      0.195996	
54.500	       0.27296	      0.247179	
55.000	       0.27296	      0.247179	
55.500	      0.272548	      0.270546	
56.000	      0.271914	      0.283173	
56.500	      0.271914	      0.283173	
57.000	       0.27104	      0.290776	
57.500	      0.269904	      0.295715	
58.000	      0.269904	      0.295715	
58.500	      0.268478	       0.29911	
59.000	      0.266724	      0.301549	
59.500	      0.264597	      0.303364	
60.000	      0.264597	      0.303364	
60.500	      0.262038	      0.304753	
61.000	      0.258976	      0.305842	
61.500	      0.258976	      0.305842	
62.000	      0.255316	      0.306715	
62.500	       0.25094	      0.307426	
63.000	      0.245693	      0.308014	
63.500	      0.245693	      0.308014	
64.000	      0.239373	      0.308508	
64.500	      0.231714	      0.308927	
65.000	      0.231714	      0.308927	
65.500	      0.222353	      0.309287	
66.000	      0.210796	      0.309598	
66.500	      0.196349	      0.309871	
67.000	      0.196349	      0.309871	
67.500	      0.178015	      0.310112	
68.000	      0.154323	      0.310325	
68.500	      0.154323	      0.310325	
69.000	      0.123027	      0.310516	
69.500	     0.0805617	      0.310687	
70.000	     0.0209851	      0.310842	
70.500	     0.0209851	      0.310842	
71.000	      0.066208	      0.310983	
71.500	      0.201054	      0.311112	
72.000	      0.201054	      0.311112	
72.500	      0.425789	       0.31123	
73.000	      0.842728	      0.311339	
73.500	       1.75741	      0.311439	
74.000	       1.75741	      0.311439	
74.500	        4.4806	      0.311532	
75.000	       24.4547	      0.311619	
75.500	       24.4547	      0.311619	
76.000	       253.085	        0.3117	
76.500	       24.4543	      0.311776	
77.000	       4.47978	      0.311847	
77.500	       4.47978	      0.311847	
78.000	       1.75617	      0.311914	
78.500	      0.841069	      0.311977	
79.000	      0.841069	      0.311977	
79.500	      0.423708	      0.312037	
80.000	      0.198547	      0.312093	
80.500	      0.198547	      0.312093	
81.000	     0.0632681	      0.312147	
81.500	     0.0243648	      0.312197	
82.000	     0.0843892	      0.312246	
82.500	     0.0843892	      0.312246	
83.000	      0.127312	      0.312292	
83.500	      0.159075	      0.312336	
84.000	      0.159075	      0.312336	
84.500	      0.183247	      0.312378	
85.000	      0.202073	      0.312418	
85.500	      0.217028	      0.312457	
86.000	      0.217028	      0.312457	
86.500	      0.229109	      0.312493	
87.000	      0.239011	      0.312529	
87.500	      0.239011	      0.312529	
88.000	      0.247231	      0.312563	
88.500	      0.254134	      0.312596	
89.000	      0.259987	      0.312627	
89.500	      0.259987	      0.312627	
90.000	      0.264996	      0.312657	
90.500	      0.269316	      0.312686	
91.000	      0.269316	      0.312686	
91.500	       0.27307	      0.312715	
92.000	      0.276355	      0.312742	
92.500	      0.279245	      0.312768	
93.000	      0.279245	      0.312768	
93.500	      0.281803	      0.312793	
94.000	      0.284078	      0.312817	
94.500	      0.284078	      0.312817	
95.000	      0.286111	      0.312841	
95.500	      0.287937	      0.312864	
96.000	      0.289582	      0.312886	
96.500	      0.289582	      0.312886	
97.000	      0.291071	      0.312907	
97.500	      0.292423	      0.312928	
98.000	      0.292423	      0.312928	
98.500	      0.293654	      0.312948	
99.000	      0.294779	      0.312967	
99.500	      0.295811	      0.312986	
100.000	      0.295811	      0.312986	
100.500	      0.296759	      0.313004	
101.000	      0.297632	      0.313022	
101.500	      0.297632	      0.313022	
102.000	      0.298438	      0.313039	
102.500	      0.299185	      0.313055	
103.000	      0.299185	      0.313055	
103.500	      0.299878	      0.313072	
104.000	      0.300522	      0.313087	
104.500	      0.301122	      0.313102	
105.000	      0.301122	      0.313102	
105.500	      0.301682	      0.313117	
106.000	      0.302206	      0.313131	
106.500	      0.302206	      0.313131	
107.000	      0.302696	      0.313145	
107.500	      0.303156	      0.313158	
108.000	      0.303588	      0.313171	
108.500	      0.303588	      0.313171	
109.000	      0.303994	      0.313183	
109.500	      0.304377	      0.313195	
110.000	      0.304377	      0.313195	
110.500	      0.304738	      0.313207	
111.000	       0.30508	      0.313218	
111.500	      0.305402	      0.313229	
112.000	      0.305402	      0.313229	
112.500	      0.305708	       0.31324	
113.000	      0.305998	       0.31325	
113.500	      0.305998	       0.31325	
114.000	      0.306273	       0.31326	
114.500	      0.306534	       0.31327	
115.000	      0.306782	      0.313279	
115.500	      0.306782	      0.313279	
116.000	      0.307019	      0.313288	
116.500	      0.307244	      0.313296	
117.000	      0.307244	      0.313296	
117.500	      0.307458	      0.313305	
118.000	      0.307663	      0.313313	
118.500	      0.307859	      0.313321	
119.000	      0.307859	      0.313321	
119.500	      0.308046	      0.313328	
120.000	      0.308225	      0.313335	
120.500	      0.308225	      0.313335	
121.000	      0.308397	      0.313342	
121.500	      0.308561	      0.313349	
122.000	      0.308718	      0.313355	
122.500	      0.308718	      0.313355	
123.000	      0.308869	      0.313361	
123.500	      0.309014	      0.313367	
124.000	      0.309014	      0.313367	
124.500	      0.309153	      0.313373	
125.000	      0.309287	      0.313378	
125.500	      0.309287	      0.313378	
126.000	      0.309416	      0.313383	
126.500	       0.30954	      0.313388	
127.000	      0.309659	      0.313392	
127.500	      0.309659	      0.313392	
128.000	      0.309774	      0.313397	
128.500	      0.309884	      0.313401	
129.000	      0.309884	      0.313401	
129.500	      0.309991	      0.313404	
130.000	      0.310094	      0.313408	
130.500	      0.310193	      0.313411	
131.000	      0.310193	      0.313411	
131.500	      0.310289	      0.313415	
132.000	      0.310382	      0.313417	
132.500	      0.310382	      0.313417	
133.000	      0.310471	       0.31342	
133.500	      0.310558	      0.313423	
134.000	      0.310641	      0.313425	
134.500	      0.310641	      0.313425	
135.000	      0.310722	      0.313427	
135.500	      0.310801	      0.313429	
136.000	      0.310801	      0.313429	
136.500	      0.310877	       0.31343	
137.000	       0.31095	      0.313431	
137.500	      0.311021	      0.313433	
138.000	      0.311021	      0.313433	
138.500	       0.31109	      0.313433	
139.000	      0.311157	      0.313434	
139.500	      0.311157	      0.313434	
140.000	      0.311222	      0.313435	
140.500	      0.311285	      0.313435	
141.000	      0.311346	      0.313435	
141.500	      0.311346	      0.313435	
142.000	      0.311406	      0.313435	
142.500	      0.311463	      0.313434	
143.000	      0.311463	      0.313434	
143.500	      0.311519	      0.313434	
144.000	      0.311573	      0.313433	
144.500	      0.311626	      0.313432	
145.000	      0.311626	      0.313432	
145.500	      0.311678	      0.313431	
146.000	      0.311727	      0.313429	
146.500	      0.311727	      0.313429	
147.000	      0.311776	      0.313427	
147.500	      0.311823	      0.313425	
148.000	      0.311823	      0.313425	
148.500	      0.311869	      0.313423	
149.000	      0.311913	      0.313421	
149.500	      0.311957	      0.313418	
150.000	      0.311957	      0.313418	
150.500	      0.311999	      0.313416	
151.000	       0.31204	      0.313413	
151.500	       0.31204	      0.313413	
152.000	       0.31208	      0.313409	
152.500	      0.312119	      0.313406	
153.000	      0.312157	      0.313402	
153.500	      0.312157	      0.313402	
154.000	      0.312194	      0.313398	
154.500	       0.31223	      0.313394	
155.000	       0.31223	      0.313394	
155.500	      0.312265	       0.31339	
156.000	        0.3123	      0.313385	
156.500	      0.312333	      0.313381	
157.000	      0.312333	      0.313381	
157.500	      0.312366	      0.313375	
158.000	      0.312397	       0.31337	
158.500	      0.312397	       0.31337	
159.000	      0.312428	      0.313365	
159.500	      0.312458	      0.313359	
160.000	      0.312488	      0.313353	
160.500	      0.312488	      0.313353	
161.000	      0.312516	      0.313347	
161.500	      0.312544	       0.31334	
162.000	      0.312544	       0.31334	
162.500	      0.312571	      0.313333	
163.000	      0.312598	      0.313326	
163.500	      0.312624	      0.313319	
164.000	      0.312624	      0.313319	
164.500	      0.312649	      0.313312	
165.000	      0.312674	      0.313304	
165.500	      0.312674	      0.313304	
166.000	      0.312698	      0.313296	
166.500	      0.312721	      0.313288	
167.000	      0.312744	      0.313279	
167.500	      0.312744	      0.313279	
168.000	      0.312767	       0.31327	
168.500	      0.312789	      0.313261	
169.000	      0.312789	      0.313261	
169.500	       0.31281	      0.313252	
170.000	      0.312831	      0.313242	
170.500	      0.312831	      0.313242	
171.000	      0.312851	      0.313232	
171.500	      0.312871	      0.313222	
172.000	       0.31289	      0.313211	
172.500	       0.31289	      0.313211	
173.000	      0.312909	        0.3132	
173.500	      0.312927	      0.313189	
174.000	      0.312927	      0.313189	
174.500	      0.312945	      0.313177	
175.000	      0.312962	      0.313166	
175.500	      0.312979	      0.313153	
176.000	      0.312979	      0.313153	
176.500	      0.312996	      0.313141	
177.000	      0.313012	      0.313128	
177.500	      0.313012	      0.313128	
178.000	      0.313028	      0.313115	
178.500	      0.313044	      0.313101	
179.000	      0.313059	      0.313087	
179.500	      0.313059	      0.313087	
180.000	      0.313073	      0.313073	
