
TracePro Release: 3 2 0 
Polar Candela Distribution Data for 
Data covers +/- 180.000 degrees from Normal
Data for Missed Rays
Data generated at 09:18:52 June 20, 2025

	   0.0	 180.0
0.000	   0.000196356	   0.000196356	
3.000	   0.000196356	   0.000196357	
6.000	   0.000196355	   0.000196357	
9.000	   0.000196355	   0.000196357	
12.000	   0.000196354	   0.000196358	
15.000	   0.000196353	   0.000196358	
18.000	   0.000196352	   0.000196358	
21.000	   0.000196351	   0.000196358	
24.000	    0.00019635	   0.000196359	
27.000	   0.000196349	   0.000196359	
30.000	   0.000196347	   0.000196359	
33.000	   0.000196346	   0.000196359	
36.000	   0.000196344	   0.000196359	
39.000	   0.000196342	   0.000196359	
42.000	   0.000196338	    0.00019636	
45.000	   0.000196335	    0.00019636	
48.000	   0.000196331	    0.00019636	
51.000	   0.000196324	    0.00019636	
54.000	   0.000196317	    0.00019636	
57.000	   0.000196309	    0.00019636	
60.000	   0.000196297	    0.00019636	
63.000	   0.000196278	    0.00019636	
66.000	   0.000196255	    0.00019636	
69.000	   0.000196223	    0.00019636	
72.000	   0.000196176	    0.00019636	
75.000	   0.000196079	    0.00019636	
78.000	   0.000195973	    0.00019636	
81.000	     0.0043754	    0.00019636	
84.000	       6.30645	    0.00019636	
87.000	       62.1002	    0.00019636	
90.000	       1.59854	    0.00019636	
93.000	   0.000117059	    0.00019636	
96.000	   0.000196023	    0.00019636	
99.000	   0.000196124	    0.00019636	
102.000	    0.00019619	    0.00019636	
105.000	   0.000196232	    0.00019636	
108.000	   0.000196268	    0.00019636	
111.000	   0.000196287	    0.00019636	
114.000	   0.000196301	    0.00019636	
117.000	   0.000196311	    0.00019636	
120.000	   0.000196321	    0.00019636	
123.000	   0.000196327	    0.00019636	
126.000	   0.000196332	    0.00019636	
129.000	   0.000196336	    0.00019636	
132.000	    0.00019634	    0.00019636	
135.000	   0.000196342	    0.00019636	
138.000	   0.000196344	    0.00019636	
141.000	   0.000196347	    0.00019636	
144.000	   0.000196348	    0.00019636	
147.000	   0.000196349	   0.000196359	
150.000	   0.000196351	   0.000196359	
153.000	   0.000196352	   0.000196359	
156.000	   0.000196353	   0.000196359	
159.000	   0.000196353	   0.000196359	
162.000	   0.000196354	   0.000196359	
165.000	   0.000196355	   0.000196358	
168.000	   0.000196355	   0.000196358	
171.000	   0.000196356	   0.000196358	
174.000	   0.000196356	   0.000196358	
177.000	   0.000196357	   0.000196357	
180.000	   0.000196357	   0.000196357	
