
TracePro Release: 3 2 0 
Polar Candela Distribution Data for 
Data covers +/- 180.000 degrees from Normal
Data for Missed Rays
Data generated at 09:18:54 June 20, 2025

	   0.0	 180.0
0.000	   0.000147189	   0.000147189	
3.000	   0.000147187	   0.000147191	
6.000	   0.000147183	   0.000147194	
9.000	   0.000147178	   0.000147195	
12.000	   0.000147172	   0.000147196	
15.000	   0.000147165	   0.000147197	
18.000	   0.000147151	   0.000147198	
21.000	   0.000147135	   0.000147199	
24.000	    0.00014711	     0.0001472	
27.000	   0.000147073	     0.0001472	
30.000	  3.87375e-005	   0.000147201	
33.000	      0.553042	   0.000147201	
36.000	       21.4876	   0.000147202	
39.000	       6.34466	   0.000147202	
42.000	    0.00159317	   0.000147202	
45.000	   0.000147003	   0.000147203	
48.000	   0.000147014	   0.000147203	
51.000	   0.000146993	   0.000147203	
54.000	  1.00252e-006	   0.000147203	
57.000	      0.756233	   0.000147204	
60.000	       30.0148	   0.000147204	
63.000	       9.39909	   0.000147204	
66.000	      0.477268	   0.000147204	
69.000	      0.310181	   0.000147204	
72.000	    0.00250363	   0.000147204	
75.000	   0.000143105	   0.000147204	
78.000	    0.00859385	   0.000147205	
81.000	       0.51155	   0.000147205	
84.000	       2.68733	   0.000147205	
87.000	      0.233662	   0.000147205	
90.000	   0.000301671	   0.000147205	
93.000	   0.000147174	   0.000147205	
96.000	   0.000147181	   0.000147205	
99.000	   0.000147185	   0.000147205	
102.000	   0.000147189	   0.000147205	
105.000	   0.000147191	   0.000147205	
108.000	   0.000147194	   0.000147205	
111.000	   0.000147195	   0.000147205	
114.000	   0.000147196	   0.000147205	
117.000	   0.000147197	   0.000147205	
120.000	   0.000147198	   0.000147205	
123.000	   0.000147199	   0.000147205	
126.000	     0.0001472	   0.000147205	
129.000	     0.0001472	   0.000147205	
132.000	   0.000147201	   0.000147205	
135.000	   0.000147201	   0.000147205	
138.000	   0.000147202	   0.000147205	
141.000	   0.000147202	   0.000147205	
144.000	   0.000147202	   0.000147205	
147.000	   0.000147203	   0.000147205	
150.000	   0.000147203	   0.000147205	
153.000	   0.000147203	   0.000147205	
156.000	   0.000147203	   0.000147205	
159.000	   0.000147204	   0.000147205	
162.000	   0.000147204	   0.000147205	
165.000	   0.000147204	   0.000147205	
168.000	   0.000147204	   0.000147205	
171.000	   0.000147204	   0.000147205	
174.000	   0.000147204	   0.000147205	
177.000	   0.000147204	   0.000147205	
180.000	   0.000147205	   0.000147205	
