
TracePro Release: 3 2 0 
Polar Candela Distribution Data for 
Data covers +/- 180.000 degrees from Normal
Data for Missed Rays
Data generated at 09:18:53 June 20, 2025

	   0.0	 180.0
0.000	  8.77598e-005	  8.77598e-005	
3.000	  8.77517e-005	  8.77656e-005	
6.000	  8.77365e-005	  8.77708e-005	
9.000	  8.77172e-005	  8.77738e-005	
12.000	  8.76874e-005	  8.77762e-005	
15.000	  8.74104e-005	  8.77781e-005	
18.000	     0.0981471	  8.77799e-005	
21.000	       12.8998	  8.77811e-005	
24.000	       12.8998	  8.77821e-005	
27.000	     0.0981471	  8.77829e-005	
30.000	  8.74105e-005	  8.77838e-005	
33.000	  8.76875e-005	  8.77844e-005	
36.000	  8.77175e-005	  8.77848e-005	
39.000	   8.7737e-005	  8.77853e-005	
42.000	  8.77529e-005	  8.77857e-005	
45.000	  8.77619e-005	  8.77861e-005	
48.000	  8.77693e-005	  8.77863e-005	
51.000	  8.77781e-005	  8.77867e-005	
54.000	  8.77865e-005	  8.77869e-005	
57.000	  8.77982e-005	  8.77871e-005	
60.000	  8.49313e-005	  8.77872e-005	
63.000	      0.267166	  8.77874e-005	
66.000	       10.4955	  8.77876e-005	
69.000	       8.69537	  8.77877e-005	
72.000	       5.07936	  8.77878e-005	
75.000	       22.1007	  8.77879e-005	
78.000	      0.555028	   8.7788e-005	
81.000	  2.01879e-005	  8.77881e-005	
84.000	   8.7696e-005	  8.77882e-005	
87.000	  8.77314e-005	  8.77883e-005	
90.000	  8.77481e-005	  8.77883e-005	
93.000	  8.77588e-005	  8.77884e-005	
96.000	  8.77674e-005	  8.77885e-005	
99.000	   8.7772e-005	  8.77885e-005	
102.000	  8.77753e-005	  8.77885e-005	
105.000	  8.77777e-005	  8.77886e-005	
108.000	    8.778e-005	  8.77886e-005	
111.000	  8.77814e-005	  8.77887e-005	
114.000	  8.77825e-005	  8.77887e-005	
117.000	  8.77833e-005	  8.77887e-005	
120.000	  8.77842e-005	  8.77887e-005	
123.000	  8.77848e-005	  8.77887e-005	
126.000	  8.77853e-005	  8.77888e-005	
129.000	  8.77857e-005	  8.77888e-005	
132.000	  8.77862e-005	  8.77888e-005	
135.000	  8.77865e-005	  8.77888e-005	
138.000	  8.77867e-005	  8.77888e-005	
141.000	   8.7787e-005	  8.77888e-005	
144.000	  8.77872e-005	  8.77888e-005	
147.000	  8.77874e-005	  8.77888e-005	
150.000	  8.77875e-005	  8.77888e-005	
153.000	  8.77877e-005	  8.77887e-005	
156.000	  8.77878e-005	  8.77887e-005	
159.000	  8.77879e-005	  8.77887e-005	
162.000	   8.7788e-005	  8.77887e-005	
165.000	  8.77881e-005	  8.77887e-005	
168.000	  8.77882e-005	  8.77886e-005	
171.000	  8.77883e-005	  8.77886e-005	
174.000	  8.77883e-005	  8.77886e-005	
177.000	  8.77884e-005	  8.77885e-005	
180.000	  8.77885e-005	  8.77885e-005	
