
TracePro Release: 3 2 0 
Polar Candela Distribution Data for 
Data covers +/- 180.000 degrees from Normal
Data for Missed Rays
Data generated at 09:39:08 June 25, 2025

	   0.0	 180.0
0.000	     0.0621173	     0.0621173	
0.500	      0.060675	     0.0634022	
1.000	      0.060675	     0.0634022	
1.500	     0.0588422	     0.0645928	
2.000	     0.0536306	     0.0657315	
2.500	      0.112863	      0.066891	
3.000	      0.112863	      0.066891	
3.500	    0.00654496	     0.0683375	
4.000	     0.0558718	     0.0730917	
4.500	     0.0558718	     0.0730917	
5.000	     0.0513285	      0.019843	
5.500	     0.0522612	     0.0747662	
6.000	    0.00117363	      0.071965	
6.500	    0.00117363	      0.071965	
7.000	     0.0464872	     0.0755669	
7.500	     0.0395133	     0.0246658	
8.000	     0.0395133	     0.0246658	
8.500	     0.0353145	     0.0750817	
9.000	     0.0310142	      0.064921	
9.500	     0.0263148	      0.176457	
10.000	     0.0263148	      0.176457	
10.500	     0.0211152	      0.197542	
11.000	     0.0154293	      0.891683	
11.500	     0.0154293	      0.891683	
12.000	    0.00974468	      0.596764	
12.500	     0.0113995	      0.270559	
13.000	     0.0113995	      0.270559	
13.500	      0.133066	     0.0148187	
14.000	     0.0088106	      0.128911	
14.500	     0.0310628	     0.0734188	
15.000	     0.0310628	     0.0734188	
15.500	     0.0441616	     0.0811555	
16.000	      0.116178	     0.0277577	
16.500	      0.116178	     0.0277577	
17.000	     0.0865766	     0.0824539	
17.500	      0.118972	     0.0789873	
18.000	      0.155478	      0.078862	
18.500	      0.155478	      0.078862	
19.000	      0.201881	     0.0790791	
19.500	      0.262761	     0.0793854	
20.000	      0.262761	     0.0793854	
20.500	      0.345039	     0.0796895	
21.000	      0.460164	     0.0797025	
21.500	      0.628344	     0.0742804	
22.000	      0.628344	     0.0742804	
22.500	      0.888112	      0.202654	
23.000	       1.32068	      0.132201	
23.500	       1.32068	      0.132201	
24.000	       2.12275	      0.104031	
24.500	       3.88171	     0.0306573	
25.000	       9.11573	      0.148802	
25.500	       9.11573	      0.148802	
26.000	       47.5771	     0.0230147	
26.500	       486.237	     0.0918675	
27.000	       486.237	     0.0918675	
27.500	       47.5777	     0.0806167	
28.000	       9.11494	      0.136126	
28.500	       3.88056	     0.0808575	
29.000	       3.88056	     0.0808575	
29.500	       2.12108	     0.0888298	
30.000	       1.31827	     0.0298764	
30.500	       1.31827	     0.0298764	
31.000	      0.884606	      0.141503	
31.500	      0.622961	     0.0711367	
32.000	       0.45098	      0.250163	
32.500	       0.45098	      0.250163	
33.000	       0.32545	     0.0150278	
33.500	      0.173678	      0.255519	
34.000	      0.173678	      0.255519	
34.500	       1.03087	     0.0893441	
35.000	    0.00429719	      0.173512	
35.500	    0.00429719	      0.173512	
36.000	      0.907116	     0.0857419	
36.500	     0.0502971	      0.194927	
37.000	     0.0544341	      0.333813	
37.500	     0.0544341	      0.333813	
38.000	     0.0411389	       1.45994	
38.500	     0.0285625	       13.4666	
39.000	     0.0285625	       13.4666	
39.500	     0.0170747	       1.40847	
40.000	     0.0070236	      0.339009	
40.500	    0.00143211	      0.193519	
41.000	    0.00143211	      0.193519	
41.500	    0.00569052	      0.144848	
42.000	     0.0625145	      0.122829	
42.500	     0.0625145	      0.122829	
43.000	     0.0191092	      0.111119	
43.500	     0.0315558	      0.104255	
44.000	     0.0134541	     0.0999875	
44.500	     0.0134541	     0.0999875	
45.000	     0.0409381	     0.0972616	
45.500	       0.04102	     0.0955364	
46.000	       0.04102	     0.0955364	
46.500	     0.0437422	      0.094523	
47.000	     0.0463466	     0.0940724	
47.500	     0.0485761	     0.0941254	
48.000	     0.0485761	     0.0941254	
48.500	     0.0502698	     0.0946962	
49.000	     0.0510966	     0.0958791	
49.500	     0.0510966	     0.0958791	
50.000	     0.0500646	     0.0978823	
50.500	     0.0429243	      0.101113	
51.000	     0.0200372	       0.10638	
51.500	     0.0200372	       0.10638	
52.000	       0.87201	      0.115413	
52.500	     0.0206562	      0.132427	
53.000	     0.0206562	      0.132427	
53.500	     0.0366527	       0.17003	
54.000	     0.0165714	      0.282347	
54.500	      0.882138	       1.10709	
55.000	      0.882138	       1.10709	
55.500	   0.000334503	       10.3544	
56.000	      0.127068	       1.10689	
56.500	      0.127068	       1.10689	
57.000	      0.762584	      0.281942	
57.500	      0.111801	      0.169408	
58.000	      0.111801	      0.169408	
58.500	      0.133242	       0.13157	
59.000	        2.6048	      0.114294	
59.500	      0.968106	      0.104962	
60.000	      0.968106	      0.104962	
60.500	      0.120351	     0.0993484	
61.000	     0.0867258	     0.0957075	
61.500	     0.0867258	     0.0957075	
62.000	     0.0951634	     0.0932112	
62.500	      0.117236	      0.091425	
63.000	      0.250693	     0.0901031	
63.500	      0.250693	     0.0901031	
64.000	       1.57826	     0.0890975	
64.500	       1.47928	     0.0883153	
65.000	       1.47928	     0.0883153	
65.500	       3.29898	     0.0876951	
66.000	       1.39285	     0.0871956	
66.500	       1.54093	     0.0867878	
67.000	       1.54093	     0.0867878	
67.500	      0.418683	     0.0864508	
68.000	       1.55848	     0.0861696	
68.500	       1.55848	     0.0861696	
69.000	       1.42567	     0.0859328	
69.500	       3.38623	     0.0857319	
70.000	        2.0844	     0.0855603	
70.500	        2.0844	     0.0855603	
71.000	       0.99086	     0.0854127	
71.500	       1.88232	     0.0852853	
72.000	       1.88232	     0.0852853	
72.500	       1.10699	     0.0851747	
73.000	       2.68625	     0.0850783	
73.500	       1.01918	      0.084994	
74.000	       1.01918	      0.084994	
74.500	       0.93652	       0.08492	
75.000	        0.1658	     0.0848549	
75.500	        0.1658	     0.0848549	
76.000	       2.77222	     0.0847975	
76.500	       2.57305	     0.0847468	
77.000	       0.52139	      0.084702	
77.500	       0.52139	      0.084702	
78.000	         2.342	     0.0846623	
78.500	       1.29967	      0.084627	
79.000	       1.29967	      0.084627	
79.500	       1.78862	     0.0845957	
80.000	       2.84263	      0.084568	
80.500	       2.84263	      0.084568	
81.000	      0.888469	     0.0845434	
81.500	      0.269254	     0.0845215	
82.000	      0.636492	     0.0845022	
82.500	      0.636492	     0.0845022	
83.000	      0.496217	     0.0844851	
83.500	       3.17252	     0.0844699	
84.000	       3.17252	     0.0844699	
84.500	       2.23788	     0.0844566	
85.000	       1.74988	     0.0844449	
85.500	       2.02099	     0.0844346	
86.000	       2.02099	     0.0844346	
86.500	      0.901448	     0.0844257	
87.000	       1.79539	     0.0844179	
87.500	       1.79539	     0.0844179	
88.000	      0.756182	     0.0844113	
88.500	      0.271365	     0.0844056	
89.000	      0.146948	     0.0844008	
89.500	      0.146948	     0.0844008	
90.000	       2.18037	     0.0843969	
90.500	       2.30881	     0.0843936	
91.000	       2.30881	     0.0843936	
91.500	       1.67401	     0.0843911	
92.000	       1.63991	     0.0843892	
92.500	        1.0406	     0.0843878	
93.000	        1.0406	     0.0843878	
93.500	      0.324677	      0.084387	
94.000	       2.52393	     0.0843866	
94.500	       2.52393	     0.0843866	
95.000	        4.4432	     0.0843867	
95.500	       23.9585	     0.0843872	
96.000	       235.362	      0.084388	
96.500	       235.362	      0.084388	
97.000	       23.1315	     0.0843892	
97.500	       4.49262	     0.0843907	
98.000	       4.49262	     0.0843907	
98.500	       2.00731	     0.0843925	
99.000	       1.15291	     0.0843945	
99.500	       0.76445	     0.0843968	
100.000	       0.76445	     0.0843968	
100.500	      0.555066	     0.0843993	
101.000	      0.429377	      0.084402	
101.500	      0.429377	      0.084402	
102.000	      0.348061	     0.0844049	
102.500	      0.292483	      0.084408	
103.000	      0.292483	      0.084408	
103.500	      0.252899	     0.0844113	
104.000	      0.223846	     0.0844146	
104.500	      0.202165	     0.0844182	
105.000	      0.202165	     0.0844182	
105.500	      0.186244	     0.0844218	
106.000	      0.176759	     0.0844256	
106.500	      0.176759	     0.0844256	
107.000	      0.196801	     0.0844295	
107.500	      0.243614	     0.0844334	
108.000	      0.180621	     0.0844375	
108.500	      0.180621	     0.0844375	
109.000	       0.14378	     0.0844417	
109.500	      0.135353	     0.0844459	
110.000	      0.135353	     0.0844459	
110.500	      0.132777	     0.0844502	
111.000	      0.153127	     0.0844546	
111.500	      0.196727	     0.0844591	
112.000	      0.196727	     0.0844591	
112.500	      0.146228	     0.0844636	
113.000	      0.118595	     0.0844681	
113.500	      0.118595	     0.0844681	
114.000	      0.112825	     0.0844728	
114.500	      0.109598	     0.0844774	
115.000	      0.107232	     0.0844822	
115.500	      0.107232	     0.0844822	
116.000	      0.105309	     0.0844869	
116.500	      0.103671	     0.0844917	
117.000	      0.103671	     0.0844917	
117.500	      0.102242	     0.0844966	
118.000	      0.100978	     0.0845014	
118.500	     0.0998485	     0.0845064	
119.000	     0.0998485	     0.0845064	
119.500	     0.0988322	     0.0845113	
120.000	     0.0979128	     0.0845163	
120.500	     0.0979128	     0.0845163	
121.000	     0.0970775	     0.0845213	
121.500	     0.0963159	     0.0845264	
122.000	     0.0956191	     0.0845314	
122.500	     0.0956191	     0.0845314	
123.000	     0.0949798	     0.0845365	
123.500	     0.0943919	     0.0845417	
124.000	     0.0943919	     0.0845417	
124.500	     0.0938497	     0.0845468	
125.000	     0.0933488	      0.084552	
125.500	     0.0933488	      0.084552	
126.000	     0.0928851	     0.0845573	
126.500	     0.0924549	     0.0845625	
127.000	     0.0920551	     0.0845678	
127.500	     0.0920551	     0.0845678	
128.000	      0.091683	     0.0845731	
128.500	     0.0913361	     0.0845785	
129.000	     0.0913361	     0.0845785	
129.500	     0.0910122	     0.0845838	
130.000	     0.0907094	     0.0845892	
130.500	     0.0904259	     0.0845947	
131.000	     0.0904259	     0.0845947	
131.500	       0.09016	     0.0846001	
132.000	     0.0899105	     0.0846056	
132.500	     0.0899105	     0.0846056	
133.000	     0.0896761	     0.0846111	
133.500	     0.0894555	     0.0846167	
134.000	     0.0892477	     0.0846223	
134.500	     0.0892477	     0.0846223	
135.000	     0.0890518	      0.084628	
135.500	     0.0888669	     0.0846336	
136.000	     0.0888669	     0.0846336	
136.500	     0.0886923	     0.0846393	
137.000	     0.0885271	     0.0846451	
137.500	     0.0883708	     0.0846509	
138.000	     0.0883708	     0.0846509	
138.500	     0.0882228	     0.0846567	
139.000	     0.0880824	     0.0846626	
139.500	     0.0880824	     0.0846626	
140.000	     0.0879492	     0.0846686	
140.500	     0.0878228	     0.0846745	
141.000	     0.0877026	     0.0846806	
141.500	     0.0877026	     0.0846806	
142.000	     0.0875883	     0.0846867	
142.500	     0.0874796	     0.0846928	
143.000	     0.0874796	     0.0846928	
143.500	      0.087376	      0.084699	
144.000	     0.0872773	     0.0847053	
144.500	     0.0871832	     0.0847116	
145.000	     0.0871832	     0.0847116	
145.500	     0.0870934	      0.084718	
146.000	     0.0870076	     0.0847244	
146.500	     0.0870076	     0.0847244	
147.000	     0.0869257	      0.084731	
147.500	     0.0868474	     0.0847376	
148.000	     0.0868474	     0.0847376	
148.500	     0.0867725	     0.0847442	
149.000	     0.0867008	      0.084751	
149.500	     0.0866321	     0.0847578	
150.000	     0.0866321	     0.0847578	
150.500	     0.0865664	     0.0847647	
151.000	     0.0865033	     0.0847717	
151.500	     0.0865033	     0.0847717	
152.000	     0.0864429	     0.0847788	
152.500	     0.0863849	      0.084786	
153.000	     0.0863292	     0.0847933	
153.500	     0.0863292	     0.0847933	
154.000	     0.0862757	     0.0848007	
154.500	     0.0862243	     0.0848081	
155.000	     0.0862243	     0.0848081	
155.500	     0.0861749	     0.0848157	
156.000	     0.0861274	     0.0848234	
156.500	     0.0860817	     0.0848313	
157.000	     0.0860817	     0.0848313	
157.500	     0.0860377	     0.0848392	
158.000	     0.0859953	     0.0848473	
158.500	     0.0859953	     0.0848473	
159.000	     0.0859545	     0.0848555	
159.500	     0.0859151	     0.0848638	
160.000	     0.0858771	     0.0848723	
160.500	     0.0858771	     0.0848723	
161.000	     0.0858405	     0.0848809	
161.500	     0.0858052	     0.0848897	
162.000	     0.0858052	     0.0848897	
162.500	     0.0857711	     0.0848987	
163.000	     0.0857382	     0.0849078	
163.500	     0.0857063	      0.084917	
164.000	     0.0857063	      0.084917	
164.500	     0.0856756	     0.0849265	
165.000	     0.0856458	     0.0849361	
165.500	     0.0856458	     0.0849361	
166.000	     0.0856171	     0.0849459	
166.500	     0.0855893	     0.0849559	
167.000	     0.0855623	     0.0849661	
167.500	     0.0855623	     0.0849661	
168.000	     0.0855362	     0.0849765	
168.500	      0.085511	     0.0849871	
169.000	      0.085511	     0.0849871	
169.500	     0.0854865	      0.084998	
170.000	     0.0854628	     0.0850091	
170.500	     0.0854628	     0.0850091	
171.000	     0.0854398	     0.0850204	
171.500	     0.0854175	      0.085032	
172.000	     0.0853958	     0.0850439	
172.500	     0.0853958	     0.0850439	
173.000	     0.0853748	      0.085056	
173.500	     0.0853544	     0.0850684	
174.000	     0.0853544	     0.0850684	
174.500	     0.0853346	     0.0850811	
175.000	     0.0853153	     0.0850941	
175.500	     0.0852966	     0.0851074	
176.000	     0.0852966	     0.0851074	
176.500	     0.0852784	      0.085121	
177.000	     0.0852607	      0.085135	
177.500	     0.0852607	      0.085135	
178.000	     0.0852435	     0.0851493	
178.500	     0.0852268	      0.085164	
179.000	     0.0852104	     0.0851791	
179.500	     0.0852104	     0.0851791	
180.000	     0.0851946	     0.0851946	
