
TracePro Release: 3 2 0 
Polar Candela Distribution Data for 
Data covers +/- 180.000 degrees from Normal
Data for Missed Rays
Data generated at 09:39:10 June 25, 2025

	   0.0	 180.0
0.000	      0.150021	      0.150021	
0.500	      0.160608	      0.093774	
1.000	      0.160608	      0.093774	
1.500	      0.165954	      0.798272	
2.000	       0.16966	     0.0313868	
2.500	      0.172615	       0.80062	
3.000	      0.172615	       0.80062	
3.500	      0.175139	      0.102424	
4.000	      0.177382	      0.267562	
4.500	      0.177382	      0.267562	
5.000	       0.17943	        1.3133	
5.500	      0.181344	      0.327075	
6.000	      0.183182	      0.508623	
6.500	      0.183182	      0.508623	
7.000	      0.185011	      0.286337	
7.500	      0.186935	       1.29144	
8.000	      0.186935	       1.29144	
8.500	      0.189146	      0.866962	
9.000	      0.192085	      0.160643	
9.500	      0.197023	      0.748573	
10.000	      0.197023	      0.748573	
10.500	      0.209339	      0.970638	
11.000	      0.291854	       1.32872	
11.500	      0.291854	       1.32872	
12.000	      0.833621	       0.38248	
12.500	      0.296437	       1.93378	
13.000	      0.296437	       1.93378	
13.500	      0.222115	       1.95078	
14.000	      0.255491	       1.74389	
14.500	      0.344377	      0.833593	
15.000	      0.344377	      0.833593	
15.500	      0.280769	       1.53816	
16.000	      0.250757	       3.88999	
16.500	      0.250757	       3.88999	
17.000	      0.848522	      0.517514	
17.500	      0.476495	       4.48428	
18.000	      0.806148	       5.35604	
18.500	      0.806148	       5.35604	
19.000	     0.0927437	       48.7897	
19.500	      0.755942	       457.106	
20.000	      0.755942	       457.106	
20.500	     0.0936643	       45.1582	
21.000	      0.806598	        8.4043	
21.500	      0.470998	       3.55461	
22.000	      0.470998	       3.55461	
22.500	      0.857707	       1.91694	
23.000	      0.406586	       1.26882	
23.500	      0.406586	       1.26882	
24.000	      0.249482	      0.790842	
24.500	       0.21674	       0.56932	
25.000	      0.254536	      0.377369	
25.500	      0.254536	      0.377369	
26.000	      0.321891	       1.28853	
26.500	       0.25486	      0.320023	
27.000	       0.25486	      0.320023	
27.500	      0.215891	      0.461074	
28.000	      0.225169	      0.665076	
28.500	     0.0416926	       1.15882	
29.000	     0.0416926	       1.15882	
29.500	      0.261074	       2.59213	
30.000	      0.233899	       14.3285	
30.500	      0.233899	       14.3285	
31.000	      0.239985	       144.239	
31.500	      0.174498	       14.0195	
32.000	      0.591286	       2.62428	
32.500	      0.591286	       2.62428	
33.000	      0.167935	       1.08864	
33.500	      0.197581	      0.163691	
34.000	      0.197581	      0.163691	
34.500	      0.201384	      0.465575	
35.000	      0.202613	     0.0780457	
35.500	      0.202613	     0.0780457	
36.000	      0.203174	      0.237239	
36.500	      0.203487	     0.0387903	
37.000	      0.203681	      0.347117	
37.500	      0.203681	      0.347117	
38.000	      0.203796	     0.0939041	
38.500	      0.203841	     0.0850906	
39.000	      0.203841	     0.0850906	
39.500	      0.203794	     0.0971763	
40.000	      0.203594	      0.107915	
40.500	      0.203083	       0.11433	
41.000	      0.203083	       0.11433	
41.500	      0.201779	     0.0945355	
42.000	      0.197613	      0.497458	
42.500	      0.197613	      0.497458	
43.000	      0.166168	       0.10797	
43.500	      0.605107	      0.141476	
44.000	      0.166432	      0.149102	
44.500	      0.166432	      0.149102	
45.000	      0.198142	      0.151484	
45.500	      0.202575	      0.132936	
46.000	      0.202575	      0.132936	
46.500	      0.204149	       0.45373	
47.000	      0.204935	      0.139591	
47.500	      0.205417	      0.165092	
48.000	      0.205417	      0.165092	
48.500	      0.205757	      0.170511	
49.000	      0.206024	      0.173472	
49.500	      0.206024	      0.173472	
50.000	       0.20625	      0.175274	
50.500	      0.206452	      0.175256	
51.000	      0.206646	      0.160691	
51.500	      0.206646	      0.160691	
52.000	       0.20684	      0.404909	
52.500	      0.207053	     0.0966726	
53.000	      0.207053	     0.0966726	
53.500	      0.207314	      0.187387	
54.000	      0.207701	      0.185735	
54.500	      0.208471	      0.186933	
55.000	      0.208471	      0.186933	
55.500	      0.210883	      0.188091	
56.000	      0.232502	       0.18914	
56.500	      0.232502	       0.18914	
57.000	      0.135313	      0.190095	
57.500	      0.541939	      0.190973	
58.000	      0.541939	      0.190973	
58.500	      0.184155	      0.191786	
59.000	      0.204876	      0.192543	
59.500	      0.207124	      0.193253	
60.000	      0.207124	      0.193253	
60.500	      0.207804	      0.193921	
61.000	      0.208104	      0.194556	
61.500	      0.208104	      0.194556	
62.000	      0.208249	      0.195164	
62.500	      0.208285	      0.195758	
63.000	      0.208189	      0.196358	
63.500	      0.208189	      0.196358	
64.000	       0.20787	      0.197007	
64.500	      0.207097	      0.197835	
65.000	      0.207097	      0.197835	
65.500	      0.205181	      0.199384	
66.000	       0.19928	       0.20803	
66.500	      0.157265	     0.0938112	
67.000	      0.157265	     0.0938112	
67.500	      0.722212	      0.208757	
68.000	      0.122241	      0.200835	
68.500	      0.122241	      0.200835	
69.000	      0.602425	      0.200005	
69.500	      0.169828	      0.199879	
70.000	      0.203915	      0.199887	
70.500	      0.203915	      0.199887	
71.000	      0.209798	      0.199813	
71.500	      0.212534	      0.199221	
72.000	      0.212534	      0.199221	
72.500	      0.214425	      0.193471	
73.000	      0.216068	      0.276837	
73.500	      0.217694	      0.193939	
74.000	      0.217694	      0.193939	
74.500	      0.219415	      0.200153	
75.000	      0.221256	      0.201199	
75.500	      0.221256	      0.201199	
76.000	      0.222924	      0.201705	
76.500	      0.219451	      0.202068	
77.000	      0.322931	      0.202391	
77.500	      0.322931	      0.202391	
78.000	      0.148621	      0.202732	
78.500	       0.40168	      0.203178	
79.000	       0.40168	      0.203178	
79.500	      0.127428	      0.204037	
80.000	      0.439231	      0.208696	
80.500	      0.439231	      0.208696	
81.000	      0.260643	       0.14975	
81.500	      0.497687	      0.213683	
82.000	       0.38244	      0.152562	
82.500	       0.38244	      0.152562	
83.000	      0.547462	      0.209102	
83.500	      0.966012	      0.204945	
84.000	      0.966012	      0.204945	
84.500	       5.20658	      0.204432	
85.000	       43.6971	      0.204326	
85.500	       4.62825	      0.204337	
86.000	       4.62825	      0.204337	
86.500	      0.220815	      0.204393	
87.000	       1.38432	      0.204469	
87.500	       1.38432	      0.204469	
88.000	      0.112079	      0.204555	
88.500	       1.43863	      0.204645	
89.000	      0.365374	      0.204736	
89.500	      0.365374	      0.204736	
90.000	       0.97307	      0.204828	
90.500	       0.12697	      0.204918	
91.000	       0.12697	      0.204918	
91.500	       1.13574	      0.205007	
92.000	       2.06951	      0.205095	
92.500	       4.49257	       0.20518	
93.000	       4.49257	       0.20518	
93.500	      0.152624	      0.205264	
94.000	       1.36826	      0.205345	
94.500	       1.36826	      0.205345	
95.000	       4.06302	      0.205425	
95.500	       1.53912	      0.205502	
96.000	      0.816243	      0.205577	
96.500	      0.816243	      0.205577	
97.000	       2.96863	      0.205651	
97.500	       2.62562	      0.205722	
98.000	       2.62562	      0.205722	
98.500	       3.12877	      0.205791	
99.000	       2.59809	      0.205859	
99.500	       1.39542	      0.205925	
100.000	       1.39542	      0.205925	
100.500	        1.5531	      0.205989	
101.000	       1.18464	      0.206051	
101.500	       1.18464	      0.206051	
102.000	      0.156148	      0.206112	
102.500	      0.331125	      0.206171	
103.000	      0.331125	      0.206171	
103.500	      0.783477	      0.206229	
104.000	       1.91234	      0.206285	
104.500	     0.0242632	      0.206339	
105.000	     0.0242632	      0.206339	
105.500	      0.980929	      0.206393	
106.000	     0.0364085	      0.206445	
106.500	     0.0364085	      0.206445	
107.000	       1.83848	      0.206495	
107.500	     0.0439381	      0.206545	
108.000	      0.177964	      0.206593	
108.500	      0.177964	      0.206593	
109.000	      0.197796	       0.20664	
109.500	      0.205098	      0.206686	
110.000	      0.205098	      0.206686	
110.500	      0.208837	       0.20673	
111.000	      0.211203	      0.206774	
111.500	      0.212981	      0.206817	
112.000	      0.212981	      0.206817	
112.500	      0.214542	      0.206858	
113.000	      0.216135	      0.206899	
113.500	      0.216135	      0.206899	
114.000	      0.218072	      0.206939	
114.500	      0.221254	      0.206978	
115.000	        0.2352	      0.207016	
115.500	        0.2352	      0.207016	
116.000	      0.068138	      0.207053	
116.500	      0.240026	      0.207089	
117.000	      0.240026	      0.207089	
117.500	      0.231306	      0.207124	
118.000	      0.234137	      0.207159	
118.500	      0.237363	      0.207193	
119.000	      0.237363	      0.207193	
119.500	      0.305992	      0.207226	
120.000	      0.161864	      0.207258	
120.500	      0.161864	      0.207258	
121.000	      0.295891	       0.20729	
121.500	      0.329309	      0.207321	
122.000	      0.490686	      0.207352	
122.500	      0.490686	      0.207352	
123.000	      0.722111	      0.207381	
123.500	       2.88962	       0.20741	
124.000	       2.88962	       0.20741	
124.500	       27.1656	      0.207439	
125.000	       2.89032	      0.207467	
125.500	       2.89032	      0.207467	
126.000	      0.727279	      0.207494	
126.500	      0.432372	      0.207521	
127.000	        0.3333	      0.207548	
127.500	        0.3333	      0.207548	
128.000	      0.288122	      0.207573	
128.500	      0.263753	      0.207599	
129.000	      0.263753	      0.207599	
129.500	      0.249115	      0.207624	
130.000	      0.239636	      0.207648	
130.500	      0.233144	      0.207672	
131.000	      0.233144	      0.207672	
131.500	      0.228504	      0.207695	
132.000	      0.225072	      0.207718	
132.500	      0.225072	      0.207718	
133.000	      0.222461	      0.207741	
133.500	      0.220429	      0.207763	
134.000	      0.218816	      0.207785	
134.500	      0.218816	      0.207785	
135.000	      0.217513	      0.207806	
135.500	      0.216446	      0.207827	
136.000	      0.216446	      0.207827	
136.500	      0.215561	      0.207848	
137.000	      0.214819	      0.207868	
137.500	      0.214189	      0.207888	
138.000	      0.214189	      0.207888	
138.500	      0.213651	      0.207907	
139.000	      0.213188	      0.207927	
139.500	      0.213188	      0.207927	
140.000	      0.212785	      0.207946	
140.500	      0.212434	      0.207964	
141.000	      0.212124	      0.207983	
141.500	      0.212124	      0.207983	
142.000	      0.211851	      0.208001	
142.500	      0.211608	      0.208018	
143.000	      0.211608	      0.208018	
143.500	      0.211391	      0.208036	
144.000	      0.211196	      0.208053	
144.500	      0.211021	       0.20807	
145.000	      0.211021	       0.20807	
145.500	      0.210863	      0.208087	
146.000	      0.210719	      0.208103	
146.500	      0.210719	      0.208103	
147.000	      0.210588	      0.208119	
147.500	      0.210469	      0.208135	
148.000	      0.210469	      0.208135	
148.500	      0.210359	      0.208151	
149.000	      0.210259	      0.208167	
149.500	      0.210166	      0.208182	
150.000	      0.210166	      0.208182	
150.500	       0.21008	      0.208197	
151.000	      0.210001	      0.208212	
151.500	      0.210001	      0.208212	
152.000	      0.209928	      0.208227	
152.500	      0.209859	      0.208242	
153.000	      0.209796	      0.208256	
153.500	      0.209796	      0.208256	
154.000	      0.209736	       0.20827	
154.500	      0.209681	      0.208285	
155.000	      0.209681	      0.208285	
155.500	      0.209628	      0.208299	
156.000	      0.209579	      0.208312	
156.500	      0.209533	      0.208326	
157.000	      0.209533	      0.208326	
157.500	       0.20949	       0.20834	
158.000	      0.209449	      0.208353	
158.500	      0.209449	      0.208353	
159.000	       0.20941	      0.208367	
159.500	      0.209373	       0.20838	
160.000	      0.209338	      0.208393	
160.500	      0.209338	      0.208393	
161.000	      0.209305	      0.208406	
161.500	      0.209273	      0.208419	
162.000	      0.209273	      0.208419	
162.500	      0.209243	      0.208432	
163.000	      0.209214	      0.208445	
163.500	      0.209187	      0.208458	
164.000	      0.209187	      0.208458	
164.500	       0.20916	       0.20847	
165.000	      0.209135	      0.208483	
165.500	      0.209135	      0.208483	
166.000	      0.209111	      0.208496	
166.500	      0.209087	      0.208508	
167.000	      0.209065	      0.208521	
167.500	      0.209065	      0.208521	
168.000	      0.209043	      0.208534	
168.500	      0.209022	      0.208546	
169.000	      0.209022	      0.208546	
169.500	      0.209002	      0.208559	
170.000	      0.208982	      0.208571	
170.500	      0.208982	      0.208571	
171.000	      0.208963	      0.208584	
171.500	      0.208945	      0.208596	
172.000	      0.208927	      0.208609	
172.500	      0.208927	      0.208609	
173.000	      0.208909	      0.208622	
173.500	      0.208892	      0.208635	
174.000	      0.208892	      0.208635	
174.500	      0.208876	      0.208648	
175.000	       0.20886	      0.208661	
175.500	      0.208844	      0.208674	
176.000	      0.208844	      0.208674	
176.500	      0.208828	      0.208687	
177.000	      0.208813	        0.2087	
177.500	      0.208813	        0.2087	
178.000	      0.208798	      0.208714	
178.500	      0.208783	      0.208727	
179.000	      0.208769	      0.208741	
179.500	      0.208769	      0.208741	
180.000	      0.208755	      0.208755	
