
TracePro Release: 3 2 0 
Polar Candela Distribution Data for 
Data covers +/- 180.000 degrees from Normal
Data for Missed Rays
Data generated at 09:39:11 June 25, 2025

	   0.0	 180.0
0.000	      0.196737	      0.196737	
0.500	       0.48603	      0.132222	
1.000	       0.48603	      0.132222	
1.500	     0.0771085	     0.0221002	
2.000	      0.173404	      0.075913	
2.500	     0.0669852	     0.0722776	
3.000	     0.0669852	     0.0722776	
3.500	      0.135743	     0.0799536	
4.000	      0.106127	     0.0126903	
4.500	      0.106127	     0.0126903	
5.000	      0.401114	     0.0916488	
5.500	     0.0278685	       0.10074	
6.000	    0.00942151	      0.376145	
6.500	    0.00942151	      0.376145	
7.000	      0.124741	     0.0533728	
7.500	     0.0548058	     0.0818428	
8.000	     0.0548058	     0.0818428	
8.500	      0.195728	     0.0049461	
9.000	      0.183118	      0.170338	
9.500	      0.469039	       2.13875	
10.000	      0.469039	       2.13875	
10.500	     0.0532336	       7.73762	
11.000	       1.12126	       7.00907	
11.500	       1.12126	       7.00907	
12.000	       2.42724	      0.723296	
12.500	        13.855	       0.12094	
13.000	        13.855	       0.12094	
13.500	       143.312	      0.297941	
14.000	       17.7204	     0.0724939	
14.500	      0.915039	     0.0876893	
15.000	      0.915039	     0.0876893	
15.500	       5.43723	     0.0157093	
16.000	       6.88994	      0.191073	
16.500	       6.88994	      0.191073	
17.000	       7.57157	      0.196162	
17.500	       7.44788	       1.11928	
18.000	       5.71808	      0.106052	
18.500	       5.71808	      0.106052	
19.000	       7.38943	     0.0523061	
19.500	       8.57639	     0.0481982	
20.000	       8.57639	     0.0481982	
20.500	        4.4458	       1.48684	
21.000	       9.88426	      0.445458	
21.500	       10.5828	      0.263889	
22.000	       10.5828	      0.263889	
22.500	       8.97242	      0.794759	
23.000	       9.24828	       3.22437	
23.500	       9.24828	       3.22437	
24.000	        14.474	       4.01603	
24.500	       9.93886	        3.0716	
25.000	       15.4469	       1.78982	
25.500	       15.4469	       1.78982	
26.000	       13.3036	      0.412247	
26.500	        17.298	      0.964961	
27.000	        17.298	      0.964961	
27.500	       16.7906	      0.284529	
28.000	       12.7422	    0.00345955	
28.500	       14.6572	      0.132639	
29.000	       14.6572	      0.132639	
29.500	        21.212	      0.167125	
30.000	       20.3801	      0.135316	
30.500	       20.3801	      0.135316	
31.000	       21.7769	      0.102233	
31.500	       19.0811	      0.168391	
32.000	        20.022	     0.0950592	
32.500	        20.022	     0.0950592	
33.000	        20.567	      0.125114	
33.500	       16.5933	      0.275116	
34.000	       16.5933	      0.275116	
34.500	       22.0653	      0.300347	
35.000	       20.3392	      0.291938	
35.500	       20.3392	      0.291938	
36.000	       19.3212	       0.12941	
36.500	       19.8515	    0.00322889	
37.000	       16.3508	       1.15722	
37.500	       16.3508	       1.15722	
38.000	       18.2095	       2.03237	
38.500	       13.4393	      0.272289	
39.000	       13.4393	      0.272289	
39.500	       10.3641	      0.120875	
40.000	       5.43485	      0.108613	
40.500	      0.724523	    0.00579376	
41.000	      0.724523	    0.00579376	
41.500	       1.07127	     0.0994981	
42.000	     0.0944437	     0.0907774	
42.500	     0.0944437	     0.0907774	
43.000	      0.162272	     0.0880023	
43.500	    0.00688574	     0.0799826	
44.000	      0.093253	      0.178951	
44.500	      0.093253	      0.178951	
45.000	   0.000707872	     0.0791409	
45.500	     0.0770396	     0.0860703	
46.000	     0.0770396	     0.0860703	
46.500	    0.00660581	     0.0868815	
47.000	      0.898519	     0.0870882	
47.500	    0.00542621	      0.087147	
48.000	    0.00542621	      0.087147	
48.500	     0.0693653	     0.0871589	
49.000	     0.0775724	      0.087155	
49.500	     0.0775724	      0.087155	
50.000	     0.0788936	     0.0871464	
50.500	     0.0680356	     0.0871373	
51.000	       0.24012	     0.0871296	
51.500	       0.24012	     0.0871296	
52.000	     0.0701062	     0.0871237	
52.500	     0.0881298	     0.0871197	
53.000	     0.0881298	     0.0871197	
53.500	    0.00159101	     0.0871175	
54.000	      0.196041	      0.087117	
54.500	      0.032016	     0.0871179	
55.000	      0.032016	     0.0871179	
55.500	      0.312505	       0.08712	
56.000	      0.222224	     0.0871231	
56.500	      0.222224	     0.0871231	
57.000	      0.238743	     0.0871272	
57.500	      0.325901	     0.0871319	
58.000	      0.325901	     0.0871319	
58.500	      0.409555	     0.0871373	
59.000	      0.143079	     0.0871431	
59.500	      0.427558	     0.0871494	
60.000	      0.427558	     0.0871494	
60.500	      0.426804	     0.0871559	
61.000	      0.316052	     0.0871627	
61.500	      0.316052	     0.0871627	
62.000	     0.0723817	     0.0871698	
62.500	      0.215863	     0.0871769	
63.000	      0.321767	     0.0871842	
63.500	      0.321767	     0.0871842	
64.000	      0.238988	     0.0871915	
64.500	      0.202333	     0.0871989	
65.000	      0.202333	     0.0871989	
65.500	      0.214699	     0.0872062	
66.000	      0.176141	     0.0872136	
66.500	      0.655351	     0.0872209	
67.000	      0.655351	     0.0872209	
67.500	     0.0691546	     0.0872282	
68.000	      0.272003	     0.0872354	
68.500	      0.272003	     0.0872354	
69.000	     0.0230895	     0.0872426	
69.500	     0.0939102	     0.0872496	
70.000	     0.0205098	     0.0872565	
70.500	     0.0205098	     0.0872565	
71.000	      0.252249	     0.0872634	
71.500	     0.0527589	     0.0872701	
72.000	     0.0527589	     0.0872701	
72.500	      0.257177	     0.0872768	
73.000	     0.0696776	     0.0872833	
73.500	      0.245417	     0.0872896	
74.000	      0.245417	     0.0872896	
74.500	    0.00302875	     0.0872959	
75.000	      0.816502	      0.087302	
75.500	      0.816502	      0.087302	
76.000	     0.0106432	      0.087308	
76.500	     0.0680037	     0.0873139	
77.000	     0.0670026	     0.0873196	
77.500	     0.0670026	     0.0873196	
78.000	       0.19564	     0.0873253	
78.500	     0.0704673	     0.0873307	
79.000	     0.0704673	     0.0873307	
79.500	     0.0790563	     0.0873361	
80.000	     0.0720973	     0.0873413	
80.500	     0.0720973	     0.0873413	
81.000	      0.205561	     0.0873464	
81.500	     0.0606265	     0.0873513	
82.000	       0.29153	     0.0873562	
82.500	       0.29153	     0.0873562	
83.000	     0.0581322	     0.0873609	
83.500	      0.219497	     0.0873654	
84.000	      0.219497	     0.0873654	
84.500	      0.276704	     0.0873699	
85.000	      0.522972	     0.0873742	
85.500	      0.126697	     0.0873784	
86.000	      0.126697	     0.0873784	
86.500	      0.259933	     0.0873825	
87.000	      0.056189	     0.0873864	
87.500	      0.056189	     0.0873864	
88.000	      0.377506	     0.0873903	
88.500	      0.321964	      0.087394	
89.000	      0.128488	     0.0873976	
89.500	      0.128488	     0.0873976	
90.000	     0.0655003	      0.087401	
90.500	       1.04092	     0.0874044	
91.000	       1.04092	     0.0874044	
91.500	       1.88414	     0.0874076	
92.000	       0.25346	     0.0874108	
92.500	      0.109501	     0.0874138	
93.000	      0.109501	     0.0874138	
93.500	     0.0858874	     0.0874167	
94.000	     0.0297647	     0.0874195	
94.500	     0.0297647	     0.0874195	
95.000	      0.898283	     0.0874221	
95.500	      0.813265	     0.0874247	
96.000	      0.302398	     0.0874272	
96.500	      0.302398	     0.0874272	
97.000	      0.769007	     0.0874295	
97.500	       1.82095	     0.0874318	
98.000	       1.82095	     0.0874318	
98.500	      0.886104	     0.0874339	
99.000	       1.16079	     0.0874359	
99.500	      0.207184	     0.0874379	
100.000	      0.207184	     0.0874379	
100.500	      0.875602	     0.0874397	
101.000	     0.0009539	     0.0874414	
101.500	     0.0009539	     0.0874414	
102.000	      0.222172	      0.087443	
102.500	      0.710769	     0.0874446	
103.000	      0.710769	     0.0874446	
103.500	      0.264151	      0.087446	
104.000	     0.0795334	     0.0874473	
104.500	      0.269727	     0.0874485	
105.000	      0.269727	     0.0874485	
105.500	      0.720324	     0.0874496	
106.000	      0.154829	     0.0874507	
106.500	      0.154829	     0.0874507	
107.000	       0.10521	     0.0874516	
107.500	      0.203777	     0.0874524	
108.000	       1.49662	     0.0874531	
108.500	       1.49662	     0.0874531	
109.000	       1.03832	     0.0874538	
109.500	     0.0134829	     0.0874543	
110.000	     0.0134829	     0.0874543	
110.500	      0.104255	     0.0874547	
111.000	      0.842794	      0.087455	
111.500	       1.70396	     0.0874553	
112.000	       1.70396	     0.0874553	
112.500	       0.92609	     0.0874554	
113.000	      0.848702	     0.0874555	
113.500	      0.848702	     0.0874555	
114.000	      0.134889	     0.0874554	
114.500	       1.84983	     0.0874552	
115.000	       3.34054	      0.087455	
115.500	       3.34054	      0.087455	
116.000	      0.304531	     0.0874546	
116.500	      0.774385	     0.0874542	
117.000	      0.774385	     0.0874542	
117.500	      0.355295	     0.0874536	
118.000	      0.284488	     0.0874529	
118.500	     0.0317991	     0.0874522	
119.000	     0.0317991	     0.0874522	
119.500	       1.03392	     0.0874513	
120.000	       1.82743	     0.0874504	
120.500	       1.82743	     0.0874504	
121.000	       10.6058	     0.0874493	
121.500	       109.131	     0.0874481	
122.000	       10.5945	     0.0874468	
122.500	       10.5945	     0.0874468	
123.000	       1.97751	     0.0874455	
123.500	      0.802548	      0.087444	
124.000	      0.802548	      0.087444	
124.500	      0.407832	     0.0874424	
125.000	      0.227862	     0.0874407	
125.500	      0.227862	     0.0874407	
126.000	      0.130813	     0.0874389	
126.500	     0.0725408	      0.087437	
127.000	     0.0348205	     0.0874349	
127.500	     0.0348205	     0.0874349	
128.000	    0.00900715	     0.0874328	
128.500	    0.00943227	     0.0874305	
129.000	    0.00943227	     0.0874305	
129.500	     0.0230614	     0.0874282	
130.000	     0.0334192	     0.0874257	
130.500	     0.0414747	      0.087423	
131.000	     0.0414747	      0.087423	
131.500	     0.0478631	     0.0874203	
132.000	     0.0530147	     0.0874175	
132.500	     0.0530147	     0.0874175	
133.000	     0.0572293	     0.0874145	
133.500	     0.0607211	     0.0874114	
134.000	     0.0636466	     0.0874081	
134.500	     0.0636466	     0.0874081	
135.000	     0.0661219	     0.0874048	
135.500	     0.0682349	     0.0874013	
136.000	     0.0682349	     0.0874013	
136.500	     0.0700531	     0.0873976	
137.000	     0.0716288	     0.0873939	
137.500	     0.0730034	       0.08739	
138.000	     0.0730034	       0.08739	
138.500	     0.0742097	     0.0873859	
139.000	     0.0752742	     0.0873817	
139.500	     0.0752742	     0.0873817	
140.000	     0.0762182	     0.0873773	
140.500	     0.0770592	     0.0873728	
141.000	     0.0778119	     0.0873682	
141.500	     0.0778119	     0.0873682	
142.000	      0.078488	     0.0873634	
142.500	     0.0790978	     0.0873584	
143.000	     0.0790978	     0.0873584	
143.500	     0.0796495	     0.0873532	
144.000	     0.0801504	     0.0873479	
144.500	     0.0806065	     0.0873424	
145.000	     0.0806065	     0.0873424	
145.500	      0.081023	     0.0873368	
146.000	     0.0814044	     0.0873309	
146.500	     0.0814044	     0.0873309	
147.000	     0.0817545	     0.0873249	
147.500	     0.0820766	     0.0873186	
148.000	     0.0820766	     0.0873186	
148.500	     0.0823738	     0.0873122	
149.000	     0.0826484	     0.0873056	
149.500	     0.0829027	     0.0872988	
150.000	     0.0829027	     0.0872988	
150.500	     0.0831387	     0.0872917	
151.000	     0.0833581	     0.0872845	
151.500	     0.0833581	     0.0872845	
152.000	     0.0835624	      0.087277	
152.500	      0.083753	     0.0872693	
153.000	     0.0839311	     0.0872613	
153.500	     0.0839311	     0.0872613	
154.000	     0.0840977	     0.0872531	
154.500	     0.0842539	     0.0872447	
155.000	     0.0842539	     0.0872447	
155.500	     0.0844004	     0.0872359	
156.000	     0.0845381	      0.087227	
156.500	     0.0846676	     0.0872177	
157.000	     0.0846676	     0.0872177	
157.500	     0.0847896	     0.0872082	
158.000	     0.0849047	     0.0871984	
158.500	     0.0849047	     0.0871984	
159.000	     0.0850133	     0.0871882	
159.500	      0.085116	     0.0871778	
160.000	     0.0852132	     0.0871671	
160.500	     0.0852132	     0.0871671	
161.000	     0.0853052	      0.087156	
161.500	     0.0853924	     0.0871445	
162.000	     0.0853924	     0.0871445	
162.500	     0.0854752	     0.0871327	
163.000	     0.0855538	     0.0871206	
163.500	     0.0856286	      0.087108	
164.000	     0.0856286	      0.087108	
164.500	     0.0856997	     0.0870951	
165.000	     0.0857674	     0.0870818	
165.500	     0.0857674	     0.0870818	
166.000	     0.0858319	      0.087068	
166.500	     0.0858934	     0.0870538	
167.000	     0.0859521	     0.0870391	
167.500	     0.0859521	     0.0870391	
168.000	     0.0860082	      0.087024	
168.500	     0.0860617	     0.0870084	
169.000	     0.0860617	     0.0870084	
169.500	      0.086113	     0.0869923	
170.000	      0.086162	     0.0869756	
170.500	      0.086162	     0.0869756	
171.000	     0.0862089	     0.0869584	
171.500	     0.0862539	     0.0869406	
172.000	     0.0862969	     0.0869222	
172.500	     0.0862969	     0.0869222	
173.000	     0.0863383	     0.0869032	
173.500	     0.0863779	     0.0868836	
174.000	     0.0863779	     0.0868836	
174.500	      0.086416	     0.0868632	
175.000	     0.0864526	     0.0868422	
175.500	     0.0864877	     0.0868204	
176.000	     0.0864877	     0.0868204	
176.500	     0.0865215	     0.0867979	
177.000	      0.086554	     0.0867745	
177.500	      0.086554	     0.0867745	
178.000	     0.0865853	     0.0867503	
178.500	     0.0866154	     0.0867253	
179.000	     0.0866444	     0.0866993	
179.500	     0.0866444	     0.0866993	
180.000	     0.0866724	     0.0866724	
