
TracePro Release: 3 2 0 
Polar Candela Distribution Data for 
Data covers +/- 180.000 degrees from Normal
Data for Missed Rays
Data generated at 09:43:18 June 25, 2025

	   0.0	 180.0
0.000	       1.00478	       1.00478	
0.500	      0.511458	       1.56356	
1.000	      0.511458	       1.56356	
1.500	       2.01786	       2.49386	
2.000	       2.41352	       1.83503	
2.500	       1.13205	       2.64302	
3.000	       1.13205	       2.64302	
3.500	       1.03199	        5.7999	
4.000	       1.60712	       11.7163	
4.500	       1.60712	       11.7163	
5.000	       1.96991	       3.83334	
5.500	       1.46373	       3.13279	
6.000	        1.9703	      0.383358	
6.500	        1.9703	      0.383358	
7.000	       2.74819	      0.703941	
7.500	       1.88795	      0.776022	
8.000	       1.88795	      0.776022	
8.500	       4.09793	       5.60919	
9.000	       2.85087	       8.10536	
9.500	       1.57181	       7.00494	
10.000	       1.57181	       7.00494	
10.500	       1.96489	       4.44711	
11.000	       1.48071	       2.13852	
11.500	       1.48071	       2.13852	
12.000	       3.30528	       6.16535	
12.500	       4.08743	       1.00647	
13.000	       4.08743	       1.00647	
13.500	       2.82758	      0.310006	
14.000	       4.09347	       1.37435	
14.500	       3.32411	       1.64654	
15.000	       3.32411	       1.64654	
15.500	       4.58943	      0.622621	
16.000	       4.98844	       2.46013	
16.500	       4.98844	       2.46013	
17.000	       5.16601	       5.59294	
17.500	       3.44891	       1.64192	
18.000	       5.43584	       2.65381	
18.500	       5.43584	       2.65381	
19.000	       2.62807	       2.14041	
19.500	       2.46446	       1.43322	
20.000	       2.46446	       1.43322	
20.500	       2.92748	       1.16894	
21.000	       3.93804	      0.983926	
21.500	       6.42543	       1.35216	
22.000	       6.42543	       1.35216	
22.500	       4.00956	       1.20829	
23.000	       1.88168	       1.57712	
23.500	       1.88168	       1.57712	
24.000	       3.13269	       6.27992	
24.500	       4.51837	       13.0909	
25.000	       4.00706	        9.9499	
25.500	       4.00706	        9.9499	
26.000	        3.4768	       11.1229	
26.500	       2.96878	       7.65272	
27.000	       2.96878	       7.65272	
27.500	       2.01732	       3.33471	
28.000	       6.72443	       1.72529	
28.500	       4.71198	      0.649084	
29.000	       4.71198	      0.649084	
29.500	       3.00244	       0.91717	
30.000	       2.36519	     0.0655814	
30.500	       2.36519	     0.0655814	
31.000	       3.79291	      0.429263	
31.500	       4.90501	       4.95666	
32.000	       4.28754	         3.454	
32.500	       4.28754	         3.454	
33.000	        5.0878	      0.193387	
33.500	       9.57322	      0.248576	
34.000	       9.57322	      0.248576	
34.500	       7.73528	      0.016369	
35.000	       7.73254	     0.0926413	
35.500	       7.73254	     0.0926413	
36.000	       7.73677	      0.650553	
36.500	       5.06804	      0.124785	
37.000	       8.31614	      0.307712	
37.500	       8.31614	      0.307712	
38.000	       9.10746	      0.214717	
38.500	       6.53832	     0.0241665	
39.000	       6.53832	     0.0241665	
39.500	       6.40406	      0.032299	
40.000	       5.39225	     0.0359915	
40.500	        7.2218	     0.0659703	
41.000	        7.2218	     0.0659703	
41.500	       9.44392	      0.357511	
42.000	       8.02748	      0.086645	
42.500	       8.02748	      0.086645	
43.000	       9.48158	      0.414218	
43.500	       6.89909	       0.86455	
44.000	       1.98946	      0.045819	
44.500	       1.98946	      0.045819	
45.000	       1.85177	    0.00590713	
45.500	       2.70868	     0.0428349	
46.000	       2.70868	     0.0428349	
46.500	      0.767651	      0.842444	
47.000	       1.11357	      0.631775	
47.500	       1.68155	      0.322126	
48.000	       1.68155	      0.322126	
48.500	       1.18749	     0.0105993	
49.000	       1.75757	      0.301109	
49.500	       1.75757	      0.301109	
50.000	      0.882948	      0.507511	
50.500	       1.39013	      0.669419	
51.000	       0.70082	      0.652907	
51.500	       0.70082	      0.652907	
52.000	      0.711828	      0.491986	
52.500	      0.800399	      0.491469	
53.000	      0.800399	      0.491469	
53.500	       1.28356	      0.419217	
54.000	       1.03094	      0.118798	
54.500	       2.00877	      0.258936	
55.000	       2.00877	      0.258936	
55.500	       1.32275	    0.00591484	
56.000	      0.150879	     0.0233424	
56.500	      0.150879	     0.0233424	
57.000	     0.0303227	     0.0256706	
57.500	      0.677127	     0.0264422	
58.000	      0.677127	     0.0264422	
58.500	     0.0222835	     0.0267877	
59.000	      0.263246	      0.026969	
59.500	       1.60527	     0.0270738	
60.000	       1.60527	     0.0270738	
60.500	        0.2262	     0.0271379	
61.000	      0.678822	     0.0271783	
61.500	      0.678822	     0.0271783	
62.000	       2.68023	      0.027204	
62.500	      0.240114	     0.0272199	
63.000	      0.363966	      0.027229	
63.500	      0.363966	      0.027229	
64.000	      0.629149	     0.0272331	
64.500	      0.993624	     0.0272334	
65.000	      0.993624	     0.0272334	
65.500	       1.42229	     0.0272307	
66.000	       1.26114	     0.0272255	
66.500	       0.70514	     0.0272181	
67.000	       0.70514	     0.0272181	
67.500	       0.90813	     0.0272089	
68.000	      0.485343	     0.0271978	
68.500	      0.485343	     0.0271978	
69.000	      0.687956	      0.027185	
69.500	     0.0889095	     0.0271706	
70.000	      0.125733	     0.0271545	
70.500	      0.125733	     0.0271545	
71.000	      0.777729	     0.0271366	
71.500	       1.22966	     0.0271169	
72.000	       1.22966	     0.0271169	
72.500	      0.575602	     0.0270952	
73.000	      0.126993	     0.0270714	
73.500	      0.556681	     0.0270454	
74.000	      0.556681	     0.0270454	
74.500	      0.150713	     0.0270168	
75.000	      0.586425	     0.0269854	
75.500	      0.586425	     0.0269854	
76.000	      0.104883	     0.0269509	
76.500	      0.016207	     0.0269129	
77.000	      0.134081	      0.026871	
77.500	      0.134081	      0.026871	
78.000	       1.09048	     0.0268246	
78.500	       1.03138	     0.0267731	
79.000	       1.03138	     0.0267731	
79.500	       1.14604	     0.0267158	
80.000	      0.608484	     0.0266519	
80.500	      0.608484	     0.0266519	
81.000	      0.491948	     0.0265801	
81.500	      0.638655	     0.0264994	
82.000	      0.603107	      0.026408	
82.500	      0.603107	      0.026408	
83.000	       0.71713	     0.0263042	
83.500	       0.40965	     0.0261856	
84.000	       0.40965	     0.0261856	
84.500	       0.34903	     0.0260494	
85.000	      0.921984	     0.0258921	
85.500	      0.161864	     0.0257094	
86.000	      0.161864	     0.0257094	
86.500	      0.622971	      0.025496	
87.000	       1.02762	     0.0252458	
87.500	       1.02762	     0.0252458	
88.000	      0.644946	     0.0249522	
88.500	      0.105501	     0.0246108	
89.000	      0.618849	     0.0242276	
89.500	      0.618849	     0.0242276	
90.000	       1.19515	     0.0238573	
90.500	      0.116037	     0.0238196	
91.000	      0.116037	     0.0238196	
91.500	      0.458729	      0.028188	
92.000	     0.0269127	     0.0449757	
92.500	    0.00923339	     0.0376804	
93.000	    0.00923339	     0.0376804	
93.500	      0.109587	       0.22094	
94.000	      0.726123	      0.491944	
94.500	      0.726123	      0.491944	
95.000	     0.0395605	      0.431904	
95.500	     0.0203957	      0.396925	
96.000	     0.0280448	      0.218267	
96.500	     0.0280448	      0.218267	
97.000	     0.0420589	    0.00141456	
97.500	     0.0463389	       1.06678	
98.000	     0.0463389	       1.06678	
98.500	     0.0937473	       8.74818	
99.000	      0.549144	       1.03261	
99.500	      0.323215	      0.114495	
100.000	      0.323215	      0.114495	
100.500	      0.841846	     0.0385671	
101.000	      0.165742	     0.0097532	
101.500	      0.165742	     0.0097532	
102.000	       0.66653	    0.00364545	
102.500	      0.714137	     0.0109307	
103.000	      0.714137	     0.0109307	
103.500	      0.160546	     0.0153253	
104.000	      0.089848	     0.0181785	
104.500	      0.597942	     0.0201351	
105.000	      0.597942	     0.0201351	
105.500	       0.35027	     0.0215349	
106.000	      0.277351	     0.0225707	
106.500	      0.277351	     0.0225707	
107.000	      0.281041	     0.0233585	
107.500	      0.740436	     0.0239716	
108.000	      0.291687	     0.0244579	
108.500	      0.291687	     0.0244579	
109.000	        0.2213	     0.0248502	
109.500	      0.960626	     0.0251711	
110.000	      0.960626	     0.0251711	
110.500	      0.772529	     0.0254369	
111.000	       4.04543	     0.0256595	
111.500	       3.87009	     0.0258478	
112.000	       3.87009	     0.0258478	
112.500	       3.86851	     0.0260083	
113.000	       2.14876	     0.0261463	
113.500	       2.14876	     0.0261463	
114.000	       2.36945	     0.0262658	
114.500	      0.486951	     0.0263698	
115.000	       2.46209	      0.026461	
115.500	       2.46209	      0.026461	
116.000	       2.98682	     0.0265412	
116.500	       4.08984	     0.0266123	
117.000	       4.08984	     0.0266123	
117.500	      0.839103	     0.0266754	
118.000	       1.55321	     0.0267317	
118.500	        0.9255	     0.0267821	
119.000	        0.9255	     0.0267821	
119.500	       1.08939	     0.0268274	
120.000	      0.352817	     0.0268682	
120.500	      0.352817	     0.0268682	
121.000	      0.847927	     0.0269051	
121.500	      0.269482	     0.0269385	
122.000	      0.123427	     0.0269688	
122.500	      0.123427	     0.0269688	
123.000	      0.317225	     0.0269964	
123.500	      0.221122	     0.0270216	
124.000	      0.221122	     0.0270216	
124.500	      0.511722	     0.0270446	
125.000	       0.41442	     0.0270656	
125.500	       0.41442	     0.0270656	
126.000	      0.652188	     0.0270849	
126.500	      0.595772	     0.0271025	
127.000	       4.08318	     0.0271187	
127.500	       4.08318	     0.0271187	
128.000	       40.3853	     0.0271336	
128.500	       3.92495	     0.0271473	
129.000	       3.92495	     0.0271473	
129.500	       0.73781	     0.0271599	
130.000	      0.303308	     0.0271715	
130.500	      0.157265	     0.0271822	
131.000	      0.157265	     0.0271822	
131.500	     0.0906071	      0.027192	
132.000	     0.0546086	      0.027201	
132.500	     0.0546086	      0.027201	
133.000	      0.032954	     0.0272093	
133.500	     0.0189074	     0.0272169	
134.000	     0.0092727	     0.0272239	
134.500	     0.0092727	     0.0272239	
135.000	     0.0023733	     0.0272303	
135.500	    0.00273942	     0.0272362	
136.000	    0.00273942	     0.0272362	
136.500	    0.00663528	     0.0272415	
137.000	    0.00967343	     0.0272463	
137.500	     0.0120894	     0.0272507	
138.000	     0.0120894	     0.0272507	
138.500	      0.014043	     0.0272547	
139.000	     0.0156457	     0.0272582	
139.500	     0.0156457	     0.0272582	
140.000	     0.0169772	     0.0272614	
140.500	     0.0180957	     0.0272642	
141.000	     0.0190446	     0.0272666	
141.500	     0.0190446	     0.0272666	
142.000	     0.0198567	     0.0272688	
142.500	     0.0205572	     0.0272705	
143.000	     0.0205572	     0.0272705	
143.500	     0.0211659	      0.027272	
144.000	     0.0216982	     0.0272732	
144.500	     0.0221664	     0.0272741	
145.000	     0.0221664	     0.0272741	
145.500	     0.0225805	     0.0272747	
146.000	     0.0229485	     0.0272751	
146.500	     0.0229485	     0.0272751	
147.000	     0.0232772	     0.0272752	
147.500	     0.0235719	      0.027275	
148.000	     0.0235719	      0.027275	
148.500	     0.0238372	     0.0272746	
149.000	     0.0240768	      0.027274	
149.500	     0.0242941	     0.0272731	
150.000	     0.0242941	     0.0272731	
150.500	     0.0244918	      0.027272	
151.000	      0.024672	     0.0272706	
151.500	      0.024672	     0.0272706	
152.000	     0.0248369	      0.027269	
152.500	     0.0249882	     0.0272672	
153.000	     0.0251272	     0.0272652	
153.500	     0.0251272	     0.0272652	
154.000	     0.0252553	     0.0272629	
154.500	     0.0253736	     0.0272604	
155.000	     0.0253736	     0.0272604	
155.500	     0.0254832	     0.0272577	
156.000	     0.0255847	     0.0272547	
156.500	      0.025679	     0.0272516	
157.000	      0.025679	     0.0272516	
157.500	     0.0257668	     0.0272482	
158.000	     0.0258487	     0.0272445	
158.500	     0.0258487	     0.0272445	
159.000	     0.0259251	     0.0272407	
159.500	     0.0259966	     0.0272366	
160.000	     0.0260635	     0.0272322	
160.500	     0.0260635	     0.0272322	
161.000	     0.0261263	     0.0272277	
161.500	     0.0261852	     0.0272228	
162.000	     0.0261852	     0.0272228	
162.500	     0.0262406	     0.0272177	
163.000	     0.0262928	     0.0272124	
163.500	     0.0263419	     0.0272068	
164.000	     0.0263419	     0.0272068	
164.500	     0.0263883	     0.0272009	
165.000	     0.0264321	     0.0271948	
165.500	     0.0264321	     0.0271948	
166.000	     0.0264735	     0.0271883	
166.500	     0.0265127	     0.0271816	
167.000	     0.0265498	     0.0271745	
167.500	     0.0265498	     0.0271745	
168.000	      0.026585	     0.0271672	
168.500	     0.0266184	     0.0271595	
169.000	     0.0266184	     0.0271595	
169.500	     0.0266501	     0.0271515	
170.000	     0.0266802	     0.0271431	
170.500	     0.0266802	     0.0271431	
171.000	     0.0267088	     0.0271344	
171.500	     0.0267361	     0.0271253	
172.000	     0.0267621	     0.0271158	
172.500	     0.0267621	     0.0271158	
173.000	     0.0267868	     0.0271059	
173.500	     0.0268104	     0.0270956	
174.000	     0.0268104	     0.0270956	
174.500	     0.0268329	     0.0270848	
175.000	     0.0268544	     0.0270736	
175.500	     0.0268749	     0.0270619	
176.000	     0.0268749	     0.0270619	
176.500	     0.0268945	     0.0270497	
177.000	     0.0269133	      0.027037	
177.500	     0.0269133	      0.027037	
178.000	     0.0269312	     0.0270238	
178.500	     0.0269483	       0.02701	
179.000	     0.0269648	     0.0269955	
179.500	     0.0269648	     0.0269955	
180.000	     0.0269805	     0.0269805	
