
TracePro Release: 3 2 0 
Polar Candela Distribution Data for 
Data covers +/- 180.000 degrees from Normal
Data for Missed Rays
Data generated at 09:44:53 June 30, 2025

	   0.0	 180.0
0.000	     0.0123318	     0.0123318	
0.500	     0.0123681	     0.0122971	
1.000	     0.0123681	     0.0122971	
1.500	     0.0124061	     0.0122639	
2.000	      0.012446	     0.0122322	
2.500	     0.0124878	     0.0122019	
3.000	     0.0124878	     0.0122019	
3.500	     0.0125316	     0.0121729	
4.000	     0.0125777	     0.0121451	
4.500	     0.0125777	     0.0121451	
5.000	      0.012626	     0.0121185	
5.500	     0.0126768	      0.012093	
6.000	     0.0127302	     0.0120685	
6.500	     0.0127302	     0.0120685	
7.000	     0.0127864	      0.012045	
7.500	     0.0128456	     0.0120225	
8.000	     0.0128456	     0.0120225	
8.500	     0.0129079	     0.0120009	
9.000	     0.0129736	     0.0119801	
9.500	     0.0130428	     0.0119602	
10.000	     0.0130428	     0.0119602	
10.500	      0.013116	      0.011941	
11.000	     0.0131932	     0.0119226	
11.500	     0.0131932	     0.0119226	
12.000	     0.0132748	     0.0119049	
12.500	     0.0133611	     0.0118878	
13.000	     0.0133611	     0.0118878	
13.500	     0.0134524	     0.0118714	
14.000	     0.0135491	     0.0118556	
14.500	     0.0136517	     0.0118403	
15.000	     0.0136517	     0.0118403	
15.500	     0.0137604	     0.0118257	
16.000	     0.0138758	     0.0118115	
16.500	     0.0138758	     0.0118115	
17.000	     0.0139985	     0.0117979	
17.500	     0.0141288	     0.0117847	
18.000	     0.0142675	      0.011772	
18.500	     0.0142675	      0.011772	
19.000	     0.0144152	     0.0117597	
19.500	     0.0145726	     0.0117479	
20.000	     0.0145726	     0.0117479	
20.500	     0.0147404	     0.0117365	
21.000	     0.0149195	     0.0117254	
21.500	     0.0151109	     0.0117147	
22.000	     0.0151109	     0.0117147	
22.500	     0.0153155	     0.0117044	
23.000	     0.0155343	     0.0116944	
23.500	     0.0155343	     0.0116944	
24.000	     0.0157686	     0.0116848	
24.500	     0.0160196	     0.0116754	
25.000	     0.0162887	     0.0116664	
25.500	     0.0162887	     0.0116664	
26.000	     0.0165774	     0.0116576	
26.500	     0.0168872	     0.0116491	
27.000	     0.0168872	     0.0116491	
27.500	     0.0172197	     0.0116409	
28.000	     0.0175767	     0.0116329	
28.500	       0.01796	     0.0116252	
29.000	       0.01796	     0.0116252	
29.500	     0.0183714	     0.0116177	
30.000	     0.0188126	     0.0116104	
30.500	     0.0188126	     0.0116104	
31.000	     0.0192852	     0.0116034	
31.500	     0.0197904	     0.0115965	
32.000	      0.020329	     0.0115899	
32.500	      0.020329	     0.0115899	
33.000	     0.0209008	     0.0115834	
33.500	     0.0215042	     0.0115772	
34.000	     0.0215042	     0.0115772	
34.500	     0.0221353	     0.0115711	
35.000	     0.0227868	     0.0115652	
35.500	     0.0227868	     0.0115652	
36.000	     0.0234463	     0.0115594	
36.500	     0.0240932	     0.0115538	
37.000	     0.0246946	     0.0115484	
37.500	     0.0246946	     0.0115484	
38.000	      0.025198	     0.0115431	
38.500	     0.0255204	      0.011538	
39.000	     0.0255204	      0.011538	
39.500	     0.0255295	      0.011533	
40.000	     0.0250122	     0.0115281	
40.500	     0.0236195	     0.0115233	
41.000	     0.0236195	     0.0115233	
41.500	     0.0207664	     0.0115187	
42.000	     0.0154424	     0.0115142	
42.500	     0.0154424	     0.0115142	
43.000	    0.00583243	     0.0115098	
43.500	     0.0114933	     0.0115055	
44.000	     0.0434638	     0.0115013	
44.500	     0.0434638	     0.0115013	
45.000	      0.105408	     0.0114972	
45.500	      0.235922	     0.0114933	
46.000	      0.235922	     0.0114933	
46.500	      0.553608	     0.0114894	
47.000	       1.57674	     0.0114856	
47.500	       9.46747	     0.0114819	
48.000	       9.46747	     0.0114819	
48.500	       101.584	     0.0114783	
49.000	       9.12316	     0.0114748	
49.500	       9.12316	     0.0114748	
50.000	      0.790516	     0.0114713	
50.500	      0.948974	     0.0114679	
51.000	       2.74593	     0.0114646	
51.500	       2.74593	     0.0114646	
52.000	       7.18003	     0.0114614	
52.500	       38.5944	     0.0114583	
53.000	       38.5944	     0.0114583	
53.500	       396.672	     0.0114552	
54.000	       38.6709	     0.0114521	
54.500	       7.35763	     0.0114492	
55.000	       7.35763	     0.0114492	
55.500	       3.09367	     0.0114463	
56.000	       1.65989	     0.0114435	
56.500	       1.65989	     0.0114435	
57.000	       1.00124	     0.0114407	
57.500	      0.638575	     0.0114379	
58.000	      0.638575	     0.0114379	
58.500	      0.410837	     0.0114353	
59.000	      0.250471	     0.0114327	
59.500	      0.123716	     0.0114301	
60.000	      0.123716	     0.0114301	
60.500	     0.0101483	     0.0114276	
61.000	      0.106311	     0.0114251	
61.500	      0.106311	     0.0114251	
62.000	      0.243355	     0.0114227	
62.500	      0.427703	     0.0114203	
63.000	      0.710667	     0.0114179	
63.500	      0.710667	     0.0114179	
64.000	       1.21263	     0.0114156	
64.500	       2.28957	     0.0114134	
65.000	       2.28957	     0.0114134	
65.500	       5.46497	     0.0114111	
66.000	       28.6787	     0.0114089	
66.500	       293.729	     0.0114068	
67.000	       293.729	     0.0114068	
67.500	       28.6938	     0.0114047	
68.000	       5.49569	     0.0114026	
68.500	       5.49569	     0.0114026	
69.000	       2.33704	     0.0114005	
69.500	       1.27864	     0.0113985	
70.000	      0.797896	     0.0113965	
70.500	      0.797896	     0.0113965	
71.000	      0.539953	     0.0113945	
71.500	      0.386022	     0.0113926	
72.000	      0.386022	     0.0113926	
72.500	      0.287097	     0.0113907	
73.000	       0.21995	     0.0113888	
73.500	      0.172414	     0.0113869	
74.000	      0.172414	     0.0113869	
74.500	      0.137622	     0.0113851	
75.000	      0.111456	     0.0113833	
75.500	      0.111456	     0.0113833	
76.000	     0.0913311	     0.0113815	
76.500	     0.0755563	     0.0113797	
77.000	     0.0629898	      0.011378	
77.500	     0.0629898	      0.011378	
78.000	     0.0528385	     0.0113762	
78.500	      0.044538	     0.0113745	
79.000	      0.044538	     0.0113745	
79.500	     0.0376783	     0.0113728	
80.000	     0.0319556	     0.0113711	
80.500	     0.0319556	     0.0113711	
81.000	     0.0271415	     0.0113695	
81.500	     0.0230617	     0.0113678	
82.000	     0.0195814	     0.0113662	
82.500	     0.0195814	     0.0113662	
83.000	     0.0165952	     0.0113646	
83.500	     0.0140196	      0.011363	
84.000	     0.0140196	      0.011363	
84.500	     0.0117883	     0.0113614	
85.000	    0.00984755	     0.0113598	
85.500	    0.00815416	     0.0113582	
86.000	    0.00815416	     0.0113582	
86.500	    0.00667271	     0.0113567	
87.000	     0.0053742	     0.0113552	
87.500	     0.0053742	     0.0113552	
88.000	    0.00423474	     0.0113536	
88.500	    0.00323459	     0.0113521	
89.000	    0.00235741	     0.0113506	
89.500	    0.00235741	     0.0113506	
90.000	    0.00158971	     0.0113491	
90.500	    0.00092035	     0.0113476	
91.000	    0.00092035	     0.0113476	
91.500	   0.000340242	     0.0113461	
92.000	    0.00015795	     0.0113446	
92.500	   0.000579992	     0.0113431	
93.000	   0.000579992	     0.0113431	
93.500	   0.000930223	     0.0113416	
94.000	    0.00121163	     0.0113402	
94.500	    0.00121163	     0.0113402	
95.000	    0.00142591	     0.0113387	
95.500	    0.00157338	     0.0113373	
96.000	    0.00165297	     0.0113358	
96.500	    0.00165297	     0.0113358	
97.000	    0.00166203	     0.0113343	
97.500	    0.00159609	     0.0113329	
98.000	    0.00159609	     0.0113329	
98.500	    0.00144853	     0.0113314	
99.000	    0.00121002	       0.01133	
99.500	   0.000867832	     0.0113285	
100.000	   0.000867832	     0.0113285	
100.500	   0.000404774	     0.0113271	
101.000	   0.000202316	     0.0113256	
101.500	   0.000202316	     0.0113256	
102.000	   0.000984775	     0.0113242	
102.500	    0.00198541	     0.0113228	
103.000	    0.00198541	     0.0113228	
103.500	    0.00326349	     0.0113213	
104.000	    0.00490258	     0.0113198	
104.500	    0.00702315	     0.0113184	
105.000	    0.00702315	     0.0113184	
105.500	     0.0098035	     0.0113169	
106.000	     0.0135163	     0.0113155	
106.500	     0.0135163	     0.0113155	
107.000	     0.0185949	      0.011314	
107.500	     0.0257618	     0.0113125	
108.000	     0.0362949	     0.0113111	
108.500	     0.0362949	     0.0113111	
109.000	     0.0526322	     0.0113096	
109.500	      0.079913	     0.0113081	
110.000	      0.079913	     0.0113081	
110.500	      0.130588	     0.0113066	
111.000	      0.241839	     0.0113051	
111.500	      0.573176	     0.0113036	
112.000	      0.573176	     0.0113036	
112.500	       3.00383	     0.0113021	
113.000	       30.7708	     0.0113006	
113.500	       30.7708	     0.0113006	
114.000	       3.00368	      0.011299	
114.500	      0.572884	     0.0112975	
115.000	        0.2414	     0.0112959	
115.500	        0.2414	     0.0112959	
116.000	          0.13	     0.0112944	
116.500	     0.0791742	     0.0112928	
117.000	     0.0791742	     0.0112928	
117.500	     0.0517395	     0.0112912	
118.000	     0.0352447	     0.0112896	
118.500	     0.0245499	      0.011288	
119.000	     0.0245499	      0.011288	
119.500	     0.0172166	     0.0112864	
120.000	      0.011966	     0.0112848	
120.500	      0.011966	     0.0112848	
121.000	    0.00807483	     0.0112831	
121.500	    0.00510895	     0.0112815	
122.000	    0.00279478	     0.0112798	
122.500	    0.00279478	     0.0112798	
123.000	   0.000953032	     0.0112781	
123.500	   0.000537821	     0.0112764	
124.000	   0.000537821	     0.0112764	
124.500	     0.0017625	     0.0112746	
125.000	    0.00278157	     0.0112729	
125.500	    0.00278157	     0.0112729	
126.000	    0.00363922	     0.0112711	
126.500	    0.00436835	     0.0112694	
127.000	    0.00499384	     0.0112676	
127.500	    0.00499384	     0.0112676	
128.000	    0.00553482	     0.0112657	
128.500	    0.00600614	     0.0112639	
129.000	    0.00600614	     0.0112639	
129.500	    0.00641953	      0.011262	
130.000	    0.00678433	     0.0112601	
130.500	    0.00710805	     0.0112582	
131.000	    0.00710805	     0.0112582	
131.500	     0.0073968	     0.0112563	
132.000	    0.00765557	     0.0112543	
132.500	    0.00765557	     0.0112543	
133.000	     0.0078885	     0.0112523	
133.500	    0.00809901	     0.0112503	
134.000	    0.00828998	     0.0112483	
134.500	    0.00828998	     0.0112483	
135.000	    0.00846384	     0.0112462	
135.500	    0.00862262	     0.0112441	
136.000	    0.00862262	     0.0112441	
136.500	     0.0087681	      0.011242	
137.000	    0.00890175	     0.0112398	
137.500	    0.00902488	     0.0112377	
138.000	    0.00902488	     0.0112377	
138.500	     0.0091386	     0.0112354	
139.000	    0.00924388	     0.0112332	
139.500	    0.00924388	     0.0112332	
140.000	    0.00934156	     0.0112309	
140.500	    0.00943239	     0.0112286	
141.000	    0.00951701	     0.0112262	
141.500	    0.00951701	     0.0112262	
142.000	      0.009596	     0.0112238	
142.500	    0.00966987	     0.0112214	
143.000	    0.00966987	     0.0112214	
143.500	    0.00973907	     0.0112189	
144.000	    0.00980399	     0.0112164	
144.500	    0.00986499	     0.0112138	
145.000	    0.00986499	     0.0112138	
145.500	     0.0099224	     0.0112112	
146.000	     0.0099765	     0.0112086	
146.500	     0.0099765	     0.0112086	
147.000	     0.0100276	     0.0112059	
147.500	     0.0100758	     0.0112032	
148.000	     0.0100758	     0.0112032	
148.500	     0.0101214	     0.0112004	
149.000	     0.0101646	     0.0111975	
149.500	     0.0102056	     0.0111946	
150.000	     0.0102056	     0.0111946	
150.500	     0.0102445	     0.0111917	
151.000	     0.0102815	     0.0111887	
151.500	     0.0102815	     0.0111887	
152.000	     0.0103166	     0.0111856	
152.500	     0.0103501	     0.0111825	
153.000	     0.0103819	     0.0111793	
153.500	     0.0103819	     0.0111793	
154.000	     0.0104123	     0.0111761	
154.500	     0.0104414	     0.0111728	
155.000	     0.0104414	     0.0111728	
155.500	     0.0104691	     0.0111694	
156.000	     0.0104956	      0.011166	
156.500	     0.0105209	     0.0111625	
157.000	     0.0105209	     0.0111625	
157.500	     0.0105452	     0.0111589	
158.000	     0.0105685	     0.0111553	
158.500	     0.0105685	     0.0111553	
159.000	     0.0105908	     0.0111516	
159.500	     0.0106121	     0.0111478	
160.000	     0.0106327	     0.0111439	
160.500	     0.0106327	     0.0111439	
161.000	     0.0106524	     0.0111399	
161.500	     0.0106714	     0.0111358	
162.000	     0.0106714	     0.0111358	
162.500	     0.0106896	     0.0111317	
163.000	     0.0107071	     0.0111274	
163.500	      0.010724	     0.0111231	
164.000	      0.010724	     0.0111231	
164.500	     0.0107403	     0.0111187	
165.000	     0.0107559	     0.0111141	
165.500	     0.0107559	     0.0111141	
166.000	     0.0107711	     0.0111095	
166.500	     0.0107856	     0.0111047	
167.000	     0.0107997	     0.0110999	
167.500	     0.0107997	     0.0110999	
168.000	     0.0108133	     0.0110949	
168.500	     0.0108264	     0.0110898	
169.000	     0.0108264	     0.0110898	
169.500	     0.0108391	     0.0110846	
170.000	     0.0108514	     0.0110792	
170.500	     0.0108514	     0.0110792	
171.000	     0.0108632	     0.0110737	
171.500	     0.0108747	     0.0110681	
172.000	     0.0108858	     0.0110624	
172.500	     0.0108858	     0.0110624	
173.000	     0.0108966	     0.0110564	
173.500	      0.010907	     0.0110504	
174.000	      0.010907	     0.0110504	
174.500	     0.0109171	     0.0110441	
175.000	     0.0109269	     0.0110377	
175.500	     0.0109364	     0.0110312	
176.000	     0.0109364	     0.0110312	
176.500	     0.0109456	     0.0110244	
177.000	     0.0109546	     0.0110175	
177.500	     0.0109546	     0.0110175	
178.000	     0.0109633	     0.0110104	
178.500	     0.0109717	     0.0110031	
179.000	     0.0109799	     0.0109956	
179.500	     0.0109799	     0.0109956	
180.000	     0.0109878	     0.0109878	
