
TracePro Release: 3 2 0 
Polar Candela Distribution Data for 
Data covers +/- 180.000 degrees from Normal
Data for Missed Rays
Data generated at 09:43:14 June 25, 2025

	   0.0	 180.0
0.000	      0.224355	      0.224355	
0.500	      0.224236	      0.224471	
1.000	      0.224236	      0.224471	
1.500	      0.224111	      0.224582	
2.000	      0.223983	      0.224688	
2.500	      0.223851	      0.224791	
3.000	      0.223851	      0.224791	
3.500	      0.223715	       0.22489	
4.000	      0.223577	      0.224985	
4.500	      0.223577	      0.224985	
5.000	       0.22344	      0.225076	
5.500	      0.223307	      0.225164	
6.000	      0.223187	      0.225248	
6.500	      0.223187	      0.225248	
7.000	      0.223097	       0.22533	
7.500	      0.223083	      0.225408	
8.000	      0.223083	      0.225408	
8.500	      0.223272	      0.225483	
9.000	      0.224207	      0.225556	
9.500	      0.232207	      0.225625	
10.000	      0.232207	      0.225625	
10.500	      0.118891	      0.225692	
11.000	      0.232273	      0.225756	
11.500	      0.232273	      0.225756	
12.000	      0.225097	      0.225818	
12.500	      0.233082	      0.225877	
13.000	      0.233082	      0.225877	
13.500	      0.101307	      0.225933	
14.000	      0.231789	      0.225986	
14.500	      0.221845	      0.226036	
15.000	      0.221845	      0.226036	
15.500	      0.220045	      0.226083	
16.000	      0.219078	      0.226126	
16.500	      0.219078	      0.226126	
17.000	      0.218309	      0.226164	
17.500	      0.217582	      0.226197	
18.000	      0.216839	       0.22622	
18.500	      0.216839	       0.22622	
19.000	      0.216048	      0.226231	
19.500	      0.215184	      0.226221	
20.000	      0.215184	      0.226221	
20.500	      0.214227	      0.226174	
21.000	      0.213156	      0.226046	
21.500	      0.211952	      0.225716	
22.000	      0.211952	      0.225716	
22.500	      0.210623	      0.224648	
23.000	      0.209339	      0.216561	
23.500	      0.209339	      0.216561	
24.000	      0.210931	      0.329498	
24.500	      0.154281	      0.216636	
25.000	        0.2028	      0.224797	
25.500	        0.2028	      0.224797	
26.000	      0.178857	      0.225939	
26.500	      0.404297	      0.226345	
27.000	      0.404297	      0.226345	
27.500	      0.167809	      0.226547	
28.000	       0.17632	      0.226671	
28.500	      0.167195	      0.226756	
29.000	      0.167195	      0.226756	
29.500	         0.151	      0.226822	
30.000	      0.124779	      0.226875	
30.500	      0.124779	      0.226875	
31.000	     0.0913191	      0.226921	
31.500	      0.303664	      0.226962	
32.000	      0.368376	      0.226998	
32.500	      0.368376	      0.226998	
33.000	       3.00146	      0.227031	
33.500	       32.5714	      0.227063	
34.000	       32.5714	      0.227063	
34.500	       3.68087	      0.227092	
35.000	      0.909096	      0.227119	
35.500	      0.909096	      0.227119	
36.000	        1.3879	      0.227145	
36.500	       1.50265	       0.22717	
37.000	       2.21056	      0.227193	
37.500	       2.21056	      0.227193	
38.000	         1.383	      0.227215	
38.500	       1.43889	      0.227236	
39.000	       1.43889	      0.227236	
39.500	       1.20759	      0.227255	
40.000	      0.544535	      0.227272	
40.500	       1.24881	      0.227288	
41.000	       1.24881	      0.227288	
41.500	        2.1163	        0.2273	
42.000	       2.19526	       0.22731	
42.500	       2.19526	       0.22731	
43.000	       1.61166	      0.227313	
43.500	       2.11999	      0.227307	
44.000	       1.62726	      0.227285	
44.500	       1.62726	      0.227285	
45.000	       1.78233	      0.227227	
45.500	       1.70331	      0.227078	
46.000	       1.70331	      0.227078	
46.500	       2.46087	        0.2266	
47.000	       2.76494	      0.222987	
47.500	       2.64191	      0.273425	
48.000	       2.64191	      0.273425	
48.500	       3.68331	      0.223019	
49.000	       2.74714	      0.226663	
49.500	       2.74714	      0.226663	
50.000	       3.37477	      0.227173	
50.500	       1.08178	      0.227353	
51.000	       19.2643	      0.227443	
51.500	       19.2643	      0.227443	
52.000	       179.398	      0.227498	
52.500	       19.4396	      0.227535	
53.000	       19.4396	      0.227535	
53.500	        1.2112	      0.227564	
54.000	       4.14118	      0.227588	
54.500	       1.53856	      0.227608	
55.000	       1.53856	      0.227608	
55.500	       2.04959	      0.227626	
56.000	       2.27463	      0.227642	
56.500	       2.27463	      0.227642	
57.000	       2.63206	      0.227656	
57.500	       1.81912	       0.22767	
58.000	       1.81912	       0.22767	
58.500	       4.30878	      0.227683	
59.000	       2.32354	      0.227695	
59.500	       1.33197	      0.227707	
60.000	       1.33197	      0.227707	
60.500	       2.05358	      0.227718	
61.000	       0.91766	      0.227729	
61.500	       0.91766	      0.227729	
62.000	       2.63101	      0.227739	
62.500	       3.51731	      0.227749	
63.000	       1.47646	      0.227759	
63.500	       1.47646	      0.227759	
64.000	       1.66452	      0.227768	
64.500	       1.28244	      0.227777	
65.000	       1.28244	      0.227777	
65.500	       1.29294	      0.227786	
66.000	       3.40246	      0.227794	
66.500	       3.83655	      0.227802	
67.000	       3.83655	      0.227802	
67.500	       2.72103	       0.22781	
68.000	       3.46579	      0.227818	
68.500	       3.46579	      0.227818	
69.000	       2.20925	      0.227825	
69.500	       1.71134	      0.227832	
70.000	       3.41505	      0.227839	
70.500	       3.41505	      0.227839	
71.000	       4.33048	      0.227846	
71.500	       3.19114	      0.227852	
72.000	       3.19114	      0.227852	
72.500	       3.07948	      0.227858	
73.000	       1.84349	      0.227864	
73.500	       3.19463	       0.22787	
74.000	       3.19463	       0.22787	
74.500	       0.67468	      0.227876	
75.000	       16.4299	      0.227881	
75.500	       16.4299	      0.227881	
76.000	       152.388	      0.227886	
76.500	       16.5411	      0.227891	
77.000	      0.535196	      0.227896	
77.500	      0.535196	      0.227896	
78.000	       4.11758	      0.227901	
78.500	      0.696337	      0.227905	
79.000	      0.696337	      0.227905	
79.500	        1.2241	      0.227909	
80.000	       2.54876	      0.227913	
80.500	       2.54876	      0.227913	
81.000	       3.74644	      0.227917	
81.500	      0.516399	      0.227921	
82.000	       1.96508	      0.227924	
82.500	       1.96508	      0.227924	
83.000	       2.66075	      0.227928	
83.500	         1.999	      0.227931	
84.000	         1.999	      0.227931	
84.500	       1.02906	      0.227934	
85.000	       2.95004	      0.227937	
85.500	       4.45253	      0.227939	
86.000	       4.45253	      0.227939	
86.500	      0.635087	      0.227942	
87.000	       5.30063	      0.227944	
87.500	       5.30063	      0.227944	
88.000	       4.05283	      0.227946	
88.500	       6.03987	      0.227948	
89.000	       6.78488	       0.22795	
89.500	       6.78488	       0.22795	
90.000	        7.0418	      0.227952	
90.500	        5.8916	      0.227953	
91.000	        5.8916	      0.227953	
91.500	       7.63179	      0.227955	
92.000	       4.14085	      0.227956	
92.500	       5.56138	      0.227957	
93.000	       5.56138	      0.227957	
93.500	       3.94811	      0.227958	
94.000	       5.74108	      0.227958	
94.500	       5.74108	      0.227958	
95.000	        5.3817	      0.227959	
95.500	       3.16139	      0.227959	
96.000	       2.89664	       0.22796	
96.500	       2.89664	       0.22796	
97.000	       5.30556	       0.22796	
97.500	       1.19758	       0.22796	
98.000	       1.19758	       0.22796	
98.500	      0.994943	      0.227959	
99.000	        1.1122	      0.227959	
99.500	       4.18709	      0.227958	
100.000	       4.18709	      0.227958	
100.500	      0.474583	      0.227958	
101.000	       3.52838	      0.227957	
101.500	       3.52838	      0.227957	
102.000	       2.60425	      0.227956	
102.500	       1.15065	      0.227955	
103.000	       1.15065	      0.227955	
103.500	    0.00295402	      0.227953	
104.000	       1.98123	      0.227952	
104.500	        2.3285	       0.22795	
105.000	        2.3285	       0.22795	
105.500	      0.428418	      0.227948	
106.000	      0.671896	      0.227946	
106.500	      0.671896	      0.227946	
107.000	       1.05217	      0.227944	
107.500	      0.712738	      0.227942	
108.000	      0.992024	      0.227939	
108.500	      0.992024	      0.227939	
109.000	      0.732698	      0.227937	
109.500	      0.933747	      0.227934	
110.000	      0.933747	      0.227934	
110.500	      0.133606	      0.227931	
111.000	      0.817297	      0.227928	
111.500	      0.720533	      0.227924	
112.000	      0.720533	      0.227924	
112.500	     0.0753182	      0.227921	
113.000	      0.871896	      0.227917	
113.500	      0.871896	      0.227917	
114.000	      0.560804	      0.227913	
114.500	      0.639761	      0.227909	
115.000	      0.418633	      0.227905	
115.500	      0.418633	      0.227905	
116.000	       1.79232	      0.227901	
116.500	       2.79746	      0.227896	
117.000	       2.79746	      0.227896	
117.500	       21.3437	      0.227892	
118.000	       218.671	      0.227887	
118.500	         21.19	      0.227882	
119.000	         21.19	      0.227882	
119.500	       3.92205	      0.227876	
120.000	       1.56914	      0.227871	
120.500	       1.56914	      0.227871	
121.000	      0.728593	      0.227865	
121.500	      0.415157	      0.227859	
122.000	      0.216345	      0.227853	
122.500	      0.216345	      0.227853	
123.000	     0.0980759	      0.227847	
123.500	     0.0184184	       0.22784	
124.000	     0.0184184	       0.22784	
124.500	     0.0144362	      0.227834	
125.000	     0.0710409	      0.227827	
125.500	     0.0710409	      0.227827	
126.000	     0.0951645	       0.22782	
126.500	      0.115677	      0.227812	
127.000	      0.131841	      0.227805	
127.500	      0.131841	      0.227805	
128.000	      0.144692	      0.227797	
128.500	      0.154991	      0.227789	
129.000	      0.154991	      0.227789	
129.500	      0.163096	      0.227781	
130.000	      0.166755	      0.227772	
130.500	      0.220799	      0.227764	
131.000	      0.220799	      0.227764	
131.500	      0.177776	      0.227755	
132.000	      0.185524	      0.227745	
132.500	      0.185524	      0.227745	
133.000	       0.18961	      0.227736	
133.500	      0.192594	      0.227726	
134.000	      0.192138	      0.227716	
134.500	      0.192138	      0.227716	
135.000	      0.242795	      0.227706	
135.500	      0.197563	      0.227695	
136.000	      0.197563	      0.227695	
136.500	      0.206456	      0.227685	
137.000	      0.160871	      0.227674	
137.500	        0.2105	      0.227662	
138.000	        0.2105	      0.227662	
138.500	      0.208627	      0.227651	
139.000	      0.209642	      0.227639	
139.500	      0.209642	      0.227639	
140.000	      0.211144	      0.227626	
140.500	      0.215576	      0.227614	
141.000	      0.168922	      0.227601	
141.500	      0.168922	      0.227601	
142.000	      0.217392	      0.227588	
142.500	      0.214773	      0.227574	
143.000	      0.214773	      0.227574	
143.500	      0.215051	       0.22756	
144.000	      0.215584	      0.227546	
144.500	       0.21615	      0.227531	
145.000	       0.21615	      0.227531	
145.500	      0.216704	      0.227516	
146.000	      0.217231	      0.227501	
146.500	      0.217231	      0.227501	
147.000	      0.217729	      0.227485	
147.500	      0.218196	      0.227469	
148.000	      0.218196	      0.227469	
148.500	      0.218635	      0.227453	
149.000	      0.219048	      0.227436	
149.500	      0.219435	      0.227418	
150.000	      0.219435	      0.227418	
150.500	        0.2198	        0.2274	
151.000	      0.220143	      0.227382	
151.500	      0.220143	      0.227382	
152.000	      0.220466	      0.227363	
152.500	      0.220771	      0.227344	
153.000	      0.221058	      0.227324	
153.500	      0.221058	      0.227324	
154.000	       0.22133	      0.227304	
154.500	      0.221588	      0.227284	
155.000	      0.221588	      0.227284	
155.500	      0.221832	      0.227262	
156.000	      0.222063	      0.227241	
156.500	      0.222283	      0.227218	
157.000	      0.222283	      0.227218	
157.500	      0.222491	      0.227195	
158.000	       0.22269	      0.227172	
158.500	       0.22269	      0.227172	
159.000	      0.222879	      0.227148	
159.500	      0.223059	      0.227123	
160.000	       0.22323	      0.227098	
160.500	       0.22323	      0.227098	
161.000	      0.223394	      0.227071	
161.500	       0.22355	      0.227045	
162.000	       0.22355	      0.227045	
162.500	        0.2237	      0.227017	
163.000	      0.223842	      0.226989	
163.500	      0.223979	       0.22696	
164.000	      0.223979	       0.22696	
164.500	       0.22411	       0.22693	
165.000	      0.224236	        0.2269	
165.500	      0.224236	        0.2269	
166.000	      0.224356	      0.226868	
166.500	      0.224472	      0.226836	
167.000	      0.224583	      0.226803	
167.500	      0.224583	      0.226803	
168.000	      0.224689	      0.226769	
168.500	      0.224792	      0.226734	
169.000	      0.224792	      0.226734	
169.500	       0.22489	      0.226698	
170.000	      0.224985	      0.226661	
170.500	      0.224985	      0.226661	
171.000	      0.225077	      0.226623	
171.500	      0.225165	      0.226584	
172.000	      0.225249	      0.226543	
172.500	      0.225249	      0.226543	
173.000	      0.225331	      0.226502	
173.500	       0.22541	      0.226459	
174.000	       0.22541	      0.226459	
174.500	      0.225486	      0.226415	
175.000	       0.22556	       0.22637	
175.500	      0.225631	      0.226323	
176.000	      0.225631	      0.226323	
176.500	      0.225699	      0.226275	
177.000	      0.225766	      0.226225	
177.500	      0.225766	      0.226225	
178.000	       0.22583	      0.226174	
178.500	      0.225892	      0.226121	
179.000	      0.225952	      0.226066	
179.500	      0.225952	      0.226066	
180.000	       0.22601	       0.22601	
