
TracePro Release: 3 2 0 
Polar Candela Distribution Data for 
Data covers +/- 180.000 degrees from Normal
Data for Missed Rays
Data generated at 09:46:05 June 25, 2025

	   0.0	 180.0
0.000	      0.249616	      0.249616	
0.500	      0.249683	      0.249187	
1.000	      0.249683	      0.249187	
1.500	      0.249573	      0.245626	
2.000	      0.249113	      0.295801	
2.500	      0.245635	      0.245696	
3.000	      0.245635	      0.245696	
3.500	      0.293908	      0.249332	
4.000	      0.245604	      0.249849	
4.500	      0.245604	      0.249849	
5.000	      0.249057	      0.250036	
5.500	      0.249506	      0.250131	
6.000	      0.249639	      0.250188	
6.500	      0.249639	      0.250188	
7.000	      0.249684	      0.250226	
7.500	      0.249694	      0.250252	
8.000	      0.249694	      0.250252	
8.500	      0.249689	      0.250269	
9.000	      0.249675	      0.250278	
9.500	      0.249656	      0.250277	
10.000	      0.249656	      0.250277	
10.500	      0.249636	      0.250267	
11.000	      0.249616	      0.250244	
11.500	      0.249616	      0.250244	
12.000	        0.2496	      0.250216	
12.500	      0.249593	      0.250271	
13.000	      0.249593	      0.250271	
13.500	      0.249603	       0.25269	
14.000	      0.249657	      0.183471	
14.500	       0.24983	       0.48002	
15.000	       0.24983	       0.48002	
15.500	      0.250484	     0.0950379	
16.000	      0.256478	      0.640848	
16.500	      0.256478	      0.640848	
17.000	      0.155607	     0.0558674	
17.500	      0.349516	      0.588236	
18.000	      0.198884	      0.124161	
18.500	      0.198884	      0.124161	
19.000	      0.256224	      0.847963	
19.500	      0.198617	      0.100994	
20.000	      0.198617	      0.100994	
20.500	      0.298773	      0.368956	
21.000	       0.24279	      0.242879	
21.500	      0.306119	      0.249218	
22.000	      0.306119	      0.249218	
22.500	      0.148425	      0.249995	
23.000	      0.261903	       0.25029	
23.500	      0.261903	       0.25029	
24.000	      0.201129	       0.25045	
24.500	      0.253743	      0.250553	
25.000	      0.249453	      0.250627	
25.500	      0.249453	      0.250627	
26.000	      0.248557	      0.250683	
26.500	      0.247849	      0.250728	
27.000	      0.247849	      0.250728	
27.500	      0.246518	      0.250765	
28.000	      0.238553	      0.250797	
28.500	      0.342347	      0.250826	
29.000	      0.342347	      0.250826	
29.500	      0.230331	      0.250852	
30.000	      0.338168	      0.250877	
30.500	      0.338168	      0.250877	
31.000	      0.239516	        0.2509	
31.500	      0.250904	      0.250923	
32.000	      0.192931	      0.250946	
32.500	      0.192931	      0.250946	
33.000	      0.313975	       0.25097	
33.500	      0.141214	      0.250997	
34.000	      0.141214	      0.250997	
34.500	      0.258139	      0.251029	
35.000	       0.25199	      0.251071	
35.500	       0.25199	      0.251071	
36.000	      0.262629	       0.25113	
36.500	     0.0943279	      0.251229	
37.000	      0.318373	      0.251431	
37.500	      0.318373	      0.251431	
38.000	       0.19674	       0.25201	
38.500	        0.2688	      0.256184	
39.000	        0.2688	      0.256184	
39.500	     0.0953289	      0.198345	
40.000	      0.280842	      0.256204	
40.500	     0.0589109	       0.25205	
41.000	     0.0589109	       0.25205	
41.500	      0.271843	      0.251491	
42.000	      0.132495	      0.251309	
42.500	      0.132495	      0.251309	
43.000	      0.458204	      0.251231	
43.500	      0.220174	      0.251192	
44.000	      0.345148	      0.251172	
44.500	      0.345148	      0.251172	
45.000	      0.185901	      0.251162	
45.500	      0.297099	      0.251157	
46.000	      0.297099	      0.251157	
46.500	      0.190871	      0.251155	
47.000	      0.294396	      0.251155	
47.500	      0.238848	      0.251157	
48.000	      0.238848	      0.251157	
48.500	      0.304197	       0.25116	
49.000	      0.103157	      0.251163	
49.500	      0.103157	      0.251163	
50.000	      0.261291	      0.251167	
50.500	      0.192935	      0.251171	
51.000	      0.248488	      0.251175	
51.500	      0.248488	      0.251175	
52.000	       0.23966	      0.251179	
52.500	        0.2934	      0.251184	
53.000	        0.2934	      0.251184	
53.500	      0.237622	      0.251188	
54.000	      0.240128	      0.251192	
54.500	      0.232497	      0.251196	
55.000	      0.232497	      0.251196	
55.500	      0.347436	        0.2512	
56.000	      0.183215	      0.251204	
56.500	      0.183215	      0.251204	
57.000	      0.296293	      0.251208	
57.500	      0.235865	      0.251212	
58.000	      0.235865	      0.251212	
58.500	      0.239546	      0.251216	
59.000	      0.239674	      0.251219	
59.500	      0.239183	      0.251223	
60.000	      0.239183	      0.251223	
60.500	      0.235742	      0.251226	
61.000	       0.29114	      0.251229	
61.500	       0.29114	      0.251229	
62.000	      0.181524	      0.251232	
62.500	       0.24528	      0.251235	
63.000	      0.180799	      0.251238	
63.500	      0.180799	      0.251238	
64.000	      0.347875	      0.251241	
64.500	      0.228358	      0.251243	
65.000	      0.228358	      0.251243	
65.500	      0.239009	      0.251246	
66.000	      0.192595	      0.251248	
66.500	      0.239218	       0.25125	
67.000	      0.239218	       0.25125	
67.500	      0.235385	      0.251252	
68.000	      0.234103	      0.251254	
68.500	      0.234103	      0.251254	
69.000	      0.229644	      0.251256	
69.500	      0.287524	      0.251258	
70.000	      0.230396	      0.251259	
70.500	      0.230396	      0.251259	
71.000	      0.239218	      0.251261	
71.500	      0.180904	      0.251262	
72.000	      0.180904	      0.251262	
72.500	      0.293804	      0.251263	
73.000	      0.197845	      0.251264	
73.500	      0.278553	      0.251265	
74.000	      0.278553	      0.251265	
74.500	      0.292049	      0.251265	
75.000	      0.995086	      0.251266	
75.500	      0.995086	      0.251266	
76.000	       8.57306	      0.251266	
76.500	       8.38376	      0.251267	
77.000	       9.35667	      0.251267	
77.500	       9.35667	      0.251267	
78.000	       10.7044	      0.251267	
78.500	       9.75908	      0.251267	
79.000	       9.75908	      0.251267	
79.500	       11.5737	      0.251267	
80.000	       10.0755	      0.251266	
80.500	       10.0755	      0.251266	
81.000	       7.12132	      0.251266	
81.500	       5.91171	      0.251265	
82.000	       7.39371	      0.251265	
82.500	       7.39371	      0.251265	
83.000	       3.16157	      0.251264	
83.500	       3.84004	      0.251263	
84.000	       3.84004	      0.251263	
84.500	       3.02858	      0.251262	
85.000	       5.70149	       0.25126	
85.500	       5.63133	      0.251259	
86.000	       5.63133	      0.251259	
86.500	       4.77902	      0.251258	
87.000	       1.09534	      0.251256	
87.500	       1.09534	      0.251256	
88.000	        1.0827	      0.251254	
88.500	        2.0167	      0.251252	
89.000	       5.52669	       0.25125	
89.500	       5.52669	       0.25125	
90.000	       3.87933	      0.251248	
90.500	       1.82383	      0.251246	
91.000	       1.82383	      0.251246	
91.500	       3.68978	      0.251243	
92.000	       1.61595	       0.25124	
92.500	        2.8477	      0.251238	
93.000	        2.8477	      0.251238	
93.500	        2.1369	      0.251235	
94.000	        3.6151	      0.251232	
94.500	        3.6151	      0.251232	
95.000	       1.95664	      0.251229	
95.500	       2.92531	      0.251225	
96.000	      0.630384	      0.251222	
96.500	      0.630384	      0.251222	
97.000	       1.71161	      0.251218	
97.500	          1.78	      0.251215	
98.000	          1.78	      0.251215	
98.500	       5.02311	      0.251211	
99.000	       2.20879	      0.251207	
99.500	       7.52889	      0.251202	
100.000	       7.52889	      0.251202	
100.500	       10.0289	      0.251198	
101.000	       66.1242	      0.251194	
101.500	       66.1242	      0.251194	
102.000	       652.866	      0.251189	
102.500	       63.6064	      0.251184	
103.000	       63.6064	      0.251184	
103.500	       12.0805	      0.251179	
104.000	       5.06073	      0.251174	
104.500	       2.70387	      0.251169	
105.000	       2.70387	      0.251169	
105.500	       1.62972	      0.251163	
106.000	       1.05069	      0.251158	
106.500	       1.05069	      0.251158	
107.000	      0.703092	      0.251152	
107.500	      0.478137	      0.251146	
108.000	      0.324216	       0.25114	
108.500	      0.324216	       0.25114	
109.000	      0.214279	      0.251133	
109.500	       0.13303	      0.251127	
110.000	       0.13303	      0.251127	
110.500	     0.0712891	       0.25112	
111.000	     0.0232758	      0.251114	
111.500	     0.0147975	      0.251107	
112.000	     0.0147975	      0.251107	
112.500	     0.0454969	      0.251099	
113.000	     0.0706105	      0.251092	
113.500	     0.0706105	      0.251092	
114.000	     0.0914156	      0.251084	
114.500	      0.108844	      0.251077	
115.000	      0.123589	      0.251069	
115.500	      0.123589	      0.251069	
116.000	      0.136175	      0.251061	
116.500	      0.147002	      0.251052	
117.000	      0.147002	      0.251052	
117.500	      0.156385	      0.251044	
118.000	      0.164569	      0.251035	
118.500	       0.17175	      0.251026	
119.000	       0.17175	      0.251026	
119.500	      0.178085	      0.251017	
120.000	      0.183702	      0.251008	
120.500	      0.183702	      0.251008	
121.000	      0.188706	      0.250998	
121.500	      0.193183	      0.250988	
122.000	      0.197204	      0.250978	
122.500	      0.197204	      0.250978	
123.000	      0.200829	      0.250968	
123.500	      0.204109	      0.250957	
124.000	      0.204109	      0.250957	
124.500	      0.207085	      0.250947	
125.000	      0.209795	      0.250936	
125.500	      0.209795	      0.250936	
126.000	      0.212269	      0.250924	
126.500	      0.214533	      0.250913	
127.000	      0.216611	      0.250901	
127.500	      0.216611	      0.250901	
128.000	      0.218523	      0.250889	
128.500	      0.220286	      0.250877	
129.000	      0.220286	      0.250877	
129.500	      0.221914	      0.250864	
130.000	      0.223422	      0.250852	
130.500	      0.224821	      0.250839	
131.000	      0.224821	      0.250839	
131.500	      0.226121	      0.250825	
132.000	      0.227331	      0.250812	
132.500	      0.227331	      0.250812	
133.000	      0.228459	      0.250798	
133.500	      0.229513	      0.250783	
134.000	      0.230499	      0.250769	
134.500	      0.230499	      0.250769	
135.000	      0.231422	      0.250754	
135.500	      0.232289	      0.250739	
136.000	      0.232289	      0.250739	
136.500	      0.233102	      0.250723	
137.000	      0.233868	      0.250707	
137.500	      0.234588	      0.250691	
138.000	      0.234588	      0.250691	
138.500	      0.235268	      0.250675	
139.000	      0.235909	      0.250658	
139.500	      0.235909	      0.250658	
140.000	      0.236515	      0.250641	
140.500	      0.237088	      0.250623	
141.000	       0.23763	      0.250605	
141.500	       0.23763	      0.250605	
142.000	      0.238145	      0.250587	
142.500	      0.238632	      0.250568	
143.000	      0.238632	      0.250568	
143.500	      0.239096	      0.250549	
144.000	      0.239536	      0.250529	
144.500	      0.239954	      0.250509	
145.000	      0.239954	      0.250509	
145.500	      0.240353	      0.250489	
146.000	      0.240732	      0.250468	
146.500	      0.240732	      0.250468	
147.000	      0.241094	      0.250446	
147.500	      0.241439	      0.250424	
148.000	      0.241439	      0.250424	
148.500	      0.241769	      0.250402	
149.000	      0.242084	      0.250379	
149.500	      0.242385	      0.250356	
150.000	      0.242385	      0.250356	
150.500	      0.242673	      0.250332	
151.000	      0.242949	      0.250308	
151.500	      0.242949	      0.250308	
152.000	      0.243213	      0.250283	
152.500	      0.243466	      0.250258	
153.000	      0.243709	      0.250232	
153.500	      0.243709	      0.250232	
154.000	      0.243942	      0.250205	
154.500	      0.244165	      0.250178	
155.000	      0.244165	      0.250178	
155.500	       0.24438	       0.25015	
156.000	      0.244587	      0.250122	
156.500	      0.244785	      0.250093	
157.000	      0.244785	      0.250093	
157.500	      0.244976	      0.250063	
158.000	       0.24516	      0.250032	
158.500	       0.24516	      0.250032	
159.000	      0.245337	      0.250001	
159.500	      0.245508	      0.249969	
160.000	      0.245672	      0.249937	
160.500	      0.245672	      0.249937	
161.000	       0.24583	      0.249904	
161.500	      0.245983	      0.249869	
162.000	      0.245983	      0.249869	
162.500	      0.246131	      0.249835	
163.000	      0.246273	      0.249799	
163.500	      0.246411	      0.249762	
164.000	      0.246411	      0.249762	
164.500	      0.246544	      0.249725	
165.000	      0.246672	      0.249686	
165.500	      0.246672	      0.249686	
166.000	      0.246797	      0.249647	
166.500	      0.246917	      0.249607	
167.000	      0.247033	      0.249565	
167.500	      0.247033	      0.249565	
168.000	      0.247145	      0.249523	
168.500	      0.247254	       0.24948	
169.000	      0.247254	       0.24948	
169.500	       0.24736	      0.249435	
170.000	      0.247462	       0.24939	
170.500	      0.247462	       0.24939	
171.000	      0.247561	      0.249343	
171.500	      0.247657	      0.249295	
172.000	       0.24775	      0.249246	
172.500	       0.24775	      0.249246	
173.000	      0.247841	      0.249196	
173.500	      0.247928	      0.249144	
174.000	      0.247928	      0.249144	
174.500	      0.248013	      0.249091	
175.000	      0.248096	      0.249036	
175.500	      0.248176	      0.248981	
176.000	      0.248176	      0.248981	
176.500	      0.248254	      0.248923	
177.000	       0.24833	      0.248864	
177.500	       0.24833	      0.248864	
178.000	      0.248403	      0.248804	
178.500	      0.248475	      0.248741	
179.000	      0.248544	      0.248677	
179.500	      0.248544	      0.248677	
180.000	      0.248612	      0.248612	
