
TracePro Release: 3 2 0 
Polar Candela Distribution Data for 
Data covers +/- 180.000 degrees from Normal
Data for Missed Rays
Data generated at 09:44:27 June 25, 2025

	   0.0	 180.0
0.000	      0.275116	      0.275116	
0.500	      0.275076	      0.275156	
1.000	      0.275076	      0.275156	
1.500	      0.275034	      0.275194	
2.000	      0.274991	      0.275232	
2.500	      0.274948	      0.275269	
3.000	      0.274948	      0.275269	
3.500	      0.274903	      0.275305	
4.000	      0.274858	       0.27534	
4.500	      0.274858	       0.27534	
5.000	      0.274811	      0.275375	
5.500	      0.274763	      0.275408	
6.000	      0.274713	      0.275441	
6.500	      0.274713	      0.275441	
7.000	      0.274663	      0.275474	
7.500	      0.274611	      0.275505	
8.000	      0.274611	      0.275505	
8.500	      0.274558	      0.275536	
9.000	      0.274504	      0.275566	
9.500	      0.274448	      0.275595	
10.000	      0.274448	      0.275595	
10.500	      0.274391	      0.275624	
11.000	      0.274332	      0.275652	
11.500	      0.274332	      0.275652	
12.000	      0.274271	       0.27568	
12.500	      0.274209	      0.275707	
13.000	      0.274209	      0.275707	
13.500	      0.274146	      0.275733	
14.000	       0.27408	      0.275759	
14.500	      0.274013	      0.275784	
15.000	      0.274013	      0.275784	
15.500	      0.273944	      0.275809	
16.000	      0.273873	      0.275833	
16.500	      0.273873	      0.275833	
17.000	        0.2738	      0.275856	
17.500	      0.273725	      0.275879	
18.000	      0.273648	      0.275902	
18.500	      0.273648	      0.275902	
19.000	      0.273569	      0.275924	
19.500	      0.273487	      0.275946	
20.000	      0.273487	      0.275946	
20.500	      0.273403	      0.275967	
21.000	      0.273317	      0.275988	
21.500	      0.273228	      0.276008	
22.000	      0.273228	      0.276008	
22.500	      0.273136	      0.276028	
23.000	      0.273041	      0.276048	
23.500	      0.273041	      0.276048	
24.000	      0.272944	      0.276067	
24.500	      0.272844	      0.276085	
25.000	       0.27274	      0.276104	
25.500	       0.27274	      0.276104	
26.000	      0.272633	      0.276122	
26.500	      0.272523	      0.276139	
27.000	      0.272523	      0.276139	
27.500	      0.272409	      0.276156	
28.000	      0.272292	      0.276173	
28.500	      0.272171	       0.27619	
29.000	      0.272171	       0.27619	
29.500	      0.272046	      0.276206	
30.000	      0.271916	      0.276221	
30.500	      0.271916	      0.276221	
31.000	      0.271783	      0.276237	
31.500	      0.271644	      0.276252	
32.000	      0.271501	      0.276267	
32.500	      0.271501	      0.276267	
33.000	      0.271353	      0.276281	
33.500	        0.2712	      0.276295	
34.000	        0.2712	      0.276295	
34.500	      0.271041	      0.276309	
35.000	      0.270876	      0.276323	
35.500	      0.270876	      0.276323	
36.000	      0.270706	      0.276336	
36.500	      0.270529	      0.276349	
37.000	      0.270346	      0.276362	
37.500	      0.270346	      0.276362	
38.000	      0.270155	      0.276374	
38.500	      0.269957	      0.276386	
39.000	      0.269957	      0.276386	
39.500	      0.269752	      0.276398	
40.000	      0.269538	       0.27641	
40.500	      0.269316	      0.276421	
41.000	      0.269316	      0.276421	
41.500	      0.269085	      0.276432	
42.000	      0.268845	      0.276443	
42.500	      0.268845	      0.276443	
43.000	      0.268595	      0.276454	
43.500	      0.268334	      0.276464	
44.000	      0.268061	      0.276474	
44.500	      0.268061	      0.276474	
45.000	      0.267777	      0.276484	
45.500	      0.267481	      0.276494	
46.000	      0.267481	      0.276494	
46.500	      0.267171	      0.276503	
47.000	      0.266848	      0.276512	
47.500	      0.266509	      0.276521	
48.000	      0.266509	      0.276521	
48.500	      0.266155	       0.27653	
49.000	      0.265783	      0.276539	
49.500	      0.265783	      0.276539	
50.000	      0.265394	      0.276547	
50.500	      0.264986	      0.276555	
51.000	      0.264557	      0.276563	
51.500	      0.264557	      0.276563	
52.000	      0.264106	      0.276571	
52.500	      0.263632	      0.276578	
53.000	      0.263632	      0.276578	
53.500	      0.263133	      0.276586	
54.000	      0.262608	      0.276593	
54.500	      0.262053	        0.2766	
55.000	      0.262053	        0.2766	
55.500	      0.261467	      0.276607	
56.000	      0.260849	      0.276613	
56.500	      0.260849	      0.276613	
57.000	      0.260193	       0.27662	
57.500	      0.259499	      0.276626	
58.000	      0.259499	      0.276626	
58.500	      0.258763	      0.276632	
59.000	      0.257981	      0.276638	
59.500	      0.257149	      0.276643	
60.000	      0.257149	      0.276643	
60.500	      0.256263	      0.276649	
61.000	      0.255317	      0.276654	
61.500	      0.255317	      0.276654	
62.000	      0.254306	      0.276659	
62.500	      0.253222	      0.276664	
63.000	       0.25206	      0.276669	
63.500	       0.25206	      0.276669	
64.000	       0.25081	      0.276674	
64.500	      0.249461	      0.276678	
65.000	      0.249461	      0.276678	
65.500	      0.248003	      0.276683	
66.000	      0.246421	      0.276687	
66.500	      0.244697	      0.276691	
67.000	      0.244697	      0.276691	
67.500	      0.242812	      0.276695	
68.000	       0.24074	      0.276698	
68.500	       0.24074	      0.276698	
69.000	      0.238445	      0.276702	
69.500	      0.235883	      0.276705	
70.000	      0.232991	      0.276709	
70.500	      0.232991	      0.276709	
71.000	      0.229674	      0.276712	
71.500	      0.225784	      0.276715	
72.000	      0.225784	      0.276715	
72.500	      0.221059	      0.276717	
73.000	      0.214987	       0.27672	
73.500	      0.206368	      0.276722	
74.000	      0.206368	      0.276722	
74.500	      0.191595	      0.276725	
75.000	      0.154217	      0.276727	
75.500	      0.154217	      0.276727	
76.000	      0.132213	      0.276729	
76.500	        4.8224	      0.276731	
77.000	       7.55633	      0.276732	
77.500	       7.55633	      0.276732	
78.000	       9.39543	      0.276734	
78.500	       7.24459	      0.276735	
79.000	       7.24459	      0.276735	
79.500	       11.9406	      0.276737	
80.000	        8.9739	      0.276738	
80.500	        8.9739	      0.276738	
81.000	        10.543	      0.276739	
81.500	       9.07961	       0.27674	
82.000	       3.79804	       0.27674	
82.500	       3.79804	       0.27674	
83.000	       7.10565	      0.276741	
83.500	        5.8231	      0.276741	
84.000	        5.8231	      0.276741	
84.500	       3.10117	      0.276741	
85.000	       3.65629	      0.276742	
85.500	        3.2573	      0.276742	
86.000	        3.2573	      0.276742	
86.500	       5.19862	      0.276741	
87.000	       3.60892	      0.276741	
87.500	       3.60892	      0.276741	
88.000	       5.76464	      0.276741	
88.500	       1.77626	       0.27674	
89.000	      0.370002	      0.276739	
89.500	      0.370002	      0.276739	
90.000	       1.75918	      0.276738	
90.500	       1.02419	      0.276737	
91.000	       1.02419	      0.276737	
91.500	         6.952	      0.276736	
92.000	      0.597058	      0.276735	
92.500	       8.04285	      0.276733	
93.000	       8.04285	      0.276733	
93.500	       11.7574	      0.276732	
94.000	       71.1319	       0.27673	
94.500	       71.1319	       0.27673	
95.000	        704.17	      0.276728	
95.500	       68.6013	      0.276726	
96.000	       13.0269	      0.276724	
96.500	       13.0269	      0.276724	
97.000	       5.45558	      0.276721	
97.500	       2.91337	      0.276719	
98.000	       2.91337	      0.276719	
98.500	       1.75462	      0.276716	
99.000	       1.12988	      0.276713	
99.500	      0.754774	       0.27671	
100.000	      0.754774	       0.27671	
100.500	      0.511961	      0.276707	
101.000	      0.345781	      0.276704	
101.500	      0.345781	      0.276704	
102.000	      0.227059	        0.2767	
102.500	      0.139294	      0.276697	
103.000	      0.139294	      0.276697	
103.500	     0.0725848	      0.276693	
104.000	     0.0206935	      0.276689	
104.500	     0.0204662	      0.276685	
105.000	     0.0204662	      0.276685	
105.500	     0.0536631	      0.276681	
106.000	     0.0808269	      0.276676	
106.500	     0.0808269	      0.276676	
107.000	      0.103336	      0.276672	
107.500	      0.122198	      0.276667	
108.000	      0.138159	      0.276662	
108.500	      0.138159	      0.276662	
109.000	      0.151785	      0.276657	
109.500	      0.163512	      0.276652	
110.000	      0.163512	      0.276652	
110.500	      0.173676	      0.276646	
111.000	      0.182543	      0.276641	
111.500	      0.190326	      0.276635	
112.000	      0.190326	      0.276635	
112.500	      0.197193	      0.276629	
113.000	      0.203284	      0.276623	
113.500	      0.203284	      0.276623	
114.000	       0.20871	      0.276616	
114.500	      0.213566	       0.27661	
115.000	      0.217928	      0.276603	
115.500	      0.217928	      0.276603	
116.000	      0.221862	      0.276596	
116.500	      0.225421	      0.276589	
117.000	      0.225421	      0.276589	
117.500	      0.228653	      0.276582	
118.000	      0.231595	      0.276575	
118.500	      0.234281	      0.276567	
119.000	      0.234281	      0.276567	
119.500	       0.23674	      0.276559	
120.000	      0.238998	      0.276551	
120.500	      0.238998	      0.276551	
121.000	      0.241075	      0.276543	
121.500	       0.24299	      0.276534	
122.000	       0.24476	      0.276526	
122.500	       0.24476	      0.276526	
123.000	      0.246399	      0.276517	
123.500	       0.24792	      0.276508	
124.000	       0.24792	      0.276508	
124.500	      0.249333	      0.276498	
125.000	      0.250649	      0.276489	
125.500	      0.250649	      0.276489	
126.000	      0.251876	      0.276479	
126.500	      0.253023	      0.276469	
127.000	      0.254095	      0.276459	
127.500	      0.254095	      0.276459	
128.000	        0.2551	      0.276448	
128.500	      0.256043	      0.276437	
129.000	      0.256043	      0.276437	
129.500	      0.256928	      0.276426	
130.000	      0.257761	      0.276415	
130.500	      0.258546	      0.276404	
131.000	      0.258546	      0.276404	
131.500	      0.259285	      0.276392	
132.000	      0.259984	       0.27638	
132.500	      0.259984	       0.27638	
133.000	      0.260643	      0.276368	
133.500	      0.261267	      0.276355	
134.000	      0.261858	      0.276342	
134.500	      0.261858	      0.276342	
135.000	      0.262419	      0.276329	
135.500	       0.26295	      0.276316	
136.000	       0.26295	      0.276316	
136.500	      0.263454	      0.276302	
137.000	      0.263934	      0.276288	
137.500	       0.26439	      0.276274	
138.000	       0.26439	      0.276274	
138.500	      0.264824	      0.276259	
139.000	      0.265238	      0.276244	
139.500	      0.265238	      0.276244	
140.000	      0.265633	      0.276229	
140.500	      0.266009	      0.276213	
141.000	      0.266368	      0.276197	
141.500	      0.266368	      0.276197	
142.000	      0.266712	      0.276181	
142.500	       0.26704	      0.276165	
143.000	       0.26704	      0.276165	
143.500	      0.267354	      0.276148	
144.000	      0.267655	       0.27613	
144.500	      0.267943	      0.276113	
145.000	      0.267943	      0.276113	
145.500	      0.268219	      0.276094	
146.000	      0.268484	      0.276076	
146.500	      0.268484	      0.276076	
147.000	      0.268738	      0.276057	
147.500	      0.268982	      0.276038	
148.000	      0.268982	      0.276038	
148.500	      0.269216	      0.276018	
149.000	      0.269442	      0.275998	
149.500	      0.269658	      0.275977	
150.000	      0.269658	      0.275977	
150.500	      0.269867	      0.275956	
151.000	      0.270067	      0.275935	
151.500	      0.270067	      0.275935	
152.000	      0.270261	      0.275913	
152.500	      0.270447	      0.275891	
153.000	      0.270626	      0.275868	
153.500	      0.270626	      0.275868	
154.000	      0.270799	      0.275844	
154.500	      0.270966	      0.275821	
155.000	      0.270966	      0.275821	
155.500	      0.271127	      0.275796	
156.000	      0.271283	      0.275771	
156.500	      0.271433	      0.275746	
157.000	      0.271433	      0.275746	
157.500	      0.271578	       0.27572	
158.000	      0.271719	      0.275693	
158.500	      0.271719	      0.275693	
159.000	      0.271854	      0.275666	
159.500	      0.271986	      0.275638	
160.000	      0.272112	      0.275609	
160.500	      0.272112	      0.275609	
161.000	      0.272235	       0.27558	
161.500	      0.272354	      0.275551	
162.000	      0.272354	      0.275551	
162.500	       0.27247	       0.27552	
163.000	      0.272581	      0.275489	
163.500	       0.27269	      0.275457	
164.000	       0.27269	      0.275457	
164.500	      0.272795	      0.275425	
165.000	      0.272896	      0.275392	
165.500	      0.272896	      0.275392	
166.000	      0.272995	      0.275358	
166.500	      0.273091	      0.275323	
167.000	      0.273184	      0.275287	
167.500	      0.273184	      0.275287	
168.000	      0.273274	      0.275251	
168.500	      0.273362	      0.275213	
169.000	      0.273362	      0.275213	
169.500	      0.273447	      0.275175	
170.000	      0.273529	      0.275136	
170.500	      0.273529	      0.275136	
171.000	       0.27361	      0.275096	
171.500	      0.273688	      0.275055	
172.000	      0.273764	      0.275013	
172.500	      0.273764	      0.275013	
173.000	      0.273838	       0.27497	
173.500	       0.27391	      0.274926	
174.000	       0.27391	      0.274926	
174.500	       0.27398	      0.274881	
175.000	      0.274048	      0.274834	
175.500	      0.274114	      0.274787	
176.000	      0.274114	      0.274787	
176.500	      0.274178	      0.274738	
177.000	      0.274241	      0.274689	
177.500	      0.274241	      0.274689	
178.000	      0.274302	      0.274637	
178.500	      0.274362	      0.274585	
179.000	       0.27442	      0.274531	
179.500	       0.27442	      0.274531	
180.000	      0.274476	      0.274476	
