
TracePro Release: 3 2 0 
Polar Candela Distribution Data for 
Data covers +/- 180.000 degrees from Normal
Data for Missed Rays
Data generated at 09:20:55 June 30, 2025

	   0.0	 180.0
0.000	      0.220013	      0.220013	
0.500	      0.218002	      0.221865	
1.000	      0.218002	      0.221865	
1.500	      0.215814	      0.223575	
2.000	      0.213429	      0.225156	
2.500	      0.210821	      0.226621	
3.000	      0.210821	      0.226621	
3.500	      0.207963	       0.22798	
4.000	      0.204822	      0.229244	
4.500	      0.204822	      0.229244	
5.000	      0.201359	       0.23042	
5.500	      0.197531	      0.231516	
6.000	      0.193282	       0.23254	
6.500	      0.193282	       0.23254	
7.000	      0.188552	      0.233496	
7.500	      0.183262	      0.234391	
8.000	      0.183262	      0.234391	
8.500	      0.177323	      0.235229	
9.000	      0.170624	      0.236014	
9.500	       0.16303	      0.236752	
10.000	       0.16303	      0.236752	
10.500	      0.154375	      0.237444	
11.000	      0.144451	      0.238094	
11.500	      0.144451	      0.238094	
12.000	      0.132999	      0.238705	
12.500	      0.119688	      0.239281	
13.000	      0.119688	      0.239281	
13.500	      0.104093	      0.239822	
14.000	     0.0856613	      0.240331	
14.500	     0.0636605	      0.240811	
15.000	     0.0636605	      0.240811	
15.500	     0.0371068	      0.241262	
16.000	    0.00465153	      0.241687	
16.500	    0.00465153	      0.241687	
17.000	     0.0355928	      0.242087	
17.500	     0.0863341	      0.242463	
18.000	      0.151569	      0.242816	
18.500	      0.151569	      0.242816	
19.000	      0.237395	      0.243148	
19.500	      0.353494	       0.24346	
20.000	      0.353494	       0.24346	
20.500	      0.515993	      0.243751	
21.000	      0.753408	      0.244023	
21.500	       1.12012	      0.244277	
22.000	       1.12012	      0.244277	
22.500	       1.73076	      0.244512	
23.000	       2.86302	       0.24473	
23.500	       2.86302	       0.24473	
24.000	       5.34614	      0.244931	
24.500	       12.7376	      0.245115	
25.000	       66.9487	      0.245281	
25.500	       66.9487	      0.245281	
26.000	       686.304	      0.245431	
26.500	       66.9487	      0.245564	
27.000	       66.9487	      0.245564	
27.500	       12.7376	      0.245679	
28.000	       5.34608	      0.245777	
28.500	       2.86294	      0.245857	
29.000	       2.86294	      0.245857	
29.500	       1.73067	      0.245918	
30.000	       1.12001	      0.245959	
30.500	       1.12001	      0.245959	
31.000	      0.753278	       0.24598	
31.500	      0.515845	       0.24598	
32.000	      0.353327	      0.245956	
32.500	      0.353327	      0.245956	
33.000	      0.237209	      0.245907	
33.500	      0.151363	       0.24583	
34.000	      0.151363	       0.24583	
34.500	     0.0861095	      0.245724	
35.000	     0.0353487	      0.245585	
35.500	     0.0353487	      0.245585	
36.000	     0.0049154	      0.245409	
36.500	     0.0373906	      0.245191	
37.000	     0.0639645	      0.244927	
37.500	     0.0639645	      0.244927	
38.000	     0.0859857	       0.24461	
38.500	      0.104438	       0.24423	
39.000	      0.104438	       0.24423	
39.500	      0.120054	      0.243779	
40.000	      0.133386	      0.243244	
40.500	       0.14486	       0.24261	
41.000	       0.14486	       0.24261	
41.500	      0.154806	      0.241856	
42.000	      0.163484	      0.240959	
42.500	      0.163484	      0.240959	
43.000	        0.1711	      0.239886	
43.500	      0.177823	      0.238595	
44.000	      0.183785	      0.237032	
44.500	      0.183785	      0.237032	
45.000	      0.189099	      0.235123	
45.500	      0.193854	      0.232765	
46.000	      0.193854	      0.232765	
46.500	      0.198127	      0.229817	
47.000	      0.201982	      0.226073	
47.500	       0.20547	      0.221234	
48.000	       0.20547	      0.221234	
48.500	      0.208638	      0.214837	
49.000	      0.211524	      0.206153	
49.500	      0.211524	      0.206153	
50.000	       0.21416	      0.193964	
50.500	      0.216574	      0.176118	
51.000	      0.218792	      0.148511	
51.500	      0.218792	      0.148511	
52.000	      0.220833	      0.102488	
52.500	      0.222717	     0.0170906	
53.000	      0.222717	     0.0170906	
53.500	      0.224459	      0.170277	
54.000	      0.226073	      0.728145	
54.500	      0.227573	       4.82013	
55.000	      0.227573	       4.82013	
55.500	      0.228967	       52.0381	
56.000	      0.230267	          4.82	
56.500	      0.230267	          4.82	
57.000	      0.231481	      0.727898	
57.500	      0.232616	      0.169906	
58.000	      0.232616	      0.169906	
58.500	       0.23368	     0.0175863	
59.000	      0.234678	      0.103109	
59.500	      0.235615	      0.149256	
60.000	      0.235615	      0.149256	
60.500	      0.236498	       0.17699	
61.000	       0.23733	      0.194963	
61.500	       0.23733	      0.194963	
62.000	      0.238115	      0.207279	
62.500	      0.238857	      0.216092	
63.000	      0.239559	      0.222619	
63.500	      0.239559	      0.222619	
64.000	      0.240224	       0.22759	
64.500	      0.240856	      0.231466	
65.000	      0.240856	      0.231466	
65.500	      0.241455	      0.234548	
66.000	      0.242026	      0.237042	
66.500	      0.242569	      0.239089	
67.000	      0.242569	      0.239089	
67.500	      0.243087	      0.240792	
68.000	      0.243581	      0.242224	
68.500	      0.243581	      0.242224	
69.000	      0.244054	      0.243441	
69.500	      0.244506	      0.244485	
70.000	       0.24494	      0.245388	
70.500	       0.24494	      0.245388	
71.000	      0.245356	      0.246175	
71.500	      0.245755	      0.246865	
72.000	      0.245755	      0.246865	
72.500	      0.246139	      0.247474	
73.000	      0.246509	      0.248015	
73.500	      0.246866	      0.248497	
74.000	      0.246866	      0.248497	
74.500	      0.247211	       0.24893	
75.000	      0.247544	       0.24932	
75.500	      0.247544	       0.24932	
76.000	      0.247867	      0.249673	
76.500	       0.24818	      0.249994	
77.000	      0.248484	      0.250287	
77.500	      0.248484	      0.250287	
78.000	      0.248779	      0.250554	
78.500	      0.249067	        0.2508	
79.000	      0.249067	        0.2508	
79.500	      0.249348	      0.251026	
80.000	      0.249623	      0.251235	
80.500	      0.249623	      0.251235	
81.000	      0.249893	      0.251428	
81.500	      0.250157	      0.251608	
82.000	      0.250417	      0.251775	
82.500	      0.250417	      0.251775	
83.000	      0.250673	      0.251931	
83.500	      0.250925	      0.252077	
84.000	      0.250925	      0.252077	
84.500	      0.251176	      0.252213	
85.000	      0.251424	      0.252341	
85.500	      0.251671	      0.252461	
86.000	      0.251671	      0.252461	
86.500	      0.251917	      0.252575	
87.000	      0.252163	      0.252682	
87.500	      0.252163	      0.252682	
88.000	       0.25241	      0.252783	
88.500	      0.252658	      0.252879	
89.000	      0.252908	      0.252969	
89.500	      0.252908	      0.252969	
90.000	      0.253161	      0.253055	
90.500	      0.253418	      0.253137	
91.000	      0.253418	      0.253137	
91.500	      0.253679	      0.253215	
92.000	      0.253947	      0.253289	
92.500	      0.254221	       0.25336	
93.000	      0.254221	       0.25336	
93.500	      0.254503	      0.253427	
94.000	      0.254795	      0.253492	
94.500	      0.254795	      0.253492	
95.000	      0.255097	      0.253553	
95.500	      0.255412	      0.253613	
96.000	      0.255741	      0.253669	
96.500	      0.255741	      0.253669	
97.000	      0.256087	      0.253724	
97.500	      0.256452	      0.253776	
98.000	      0.256452	      0.253776	
98.500	      0.256838	      0.253826	
99.000	      0.257248	      0.253874	
99.500	      0.257687	      0.253921	
100.000	      0.257687	      0.253921	
100.500	      0.258158	      0.253966	
101.000	      0.258666	      0.254009	
101.500	      0.258666	      0.254009	
102.000	      0.259217	      0.254051	
102.500	      0.259817	      0.254091	
103.000	      0.259817	      0.254091	
103.500	      0.260475	       0.25413	
104.000	      0.261199	      0.254167	
104.500	         0.262	      0.254203	
105.000	         0.262	      0.254203	
105.500	      0.262893	      0.254239	
106.000	      0.263895	      0.254273	
106.500	      0.263895	      0.254273	
107.000	      0.265025	      0.254305	
107.500	      0.266309	      0.254337	
108.000	      0.267779	      0.254368	
108.500	      0.267779	      0.254368	
109.000	      0.269477	      0.254398	
109.500	      0.271453	      0.254428	
110.000	      0.271453	      0.254428	
110.500	      0.273777	      0.254456	
111.000	      0.276537	      0.254483	
111.500	      0.279856	       0.25451	
112.000	      0.279856	       0.25451	
112.500	      0.283899	      0.254536	
113.000	      0.288898	      0.254561	
113.500	      0.288898	      0.254561	
114.000	      0.295186	      0.254586	
114.500	      0.303255	       0.25461	
115.000	      0.313853	      0.254633	
115.500	      0.313853	      0.254633	
116.000	      0.328171	      0.254656	
116.500	      0.348191	      0.254678	
117.000	      0.348191	      0.254678	
117.500	      0.377419	        0.2547	
118.000	      0.422538	      0.254721	
118.500	      0.497639	      0.254741	
119.000	      0.497639	      0.254741	
119.500	      0.636855	      0.254762	
120.000	      0.942115	      0.254781	
120.500	      0.942115	      0.254781	
121.000	       1.85069	        0.2548	
121.500	       8.51421	      0.254819	
122.000	       84.0734	      0.254837	
122.500	       84.0734	      0.254837	
123.000	       8.51429	      0.254855	
123.500	       1.85084	      0.254872	
124.000	       1.85084	      0.254872	
124.500	      0.942335	       0.25489	
125.000	       0.63715	      0.254906	
125.500	       0.63715	      0.254906	
126.000	      0.498008	      0.254923	
126.500	      0.422981	      0.254939	
127.000	      0.377936	      0.254954	
127.500	      0.377936	      0.254954	
128.000	      0.348783	       0.25497	
128.500	      0.328838	      0.254985	
129.000	      0.328838	      0.254985	
129.500	      0.314596	         0.255	
130.000	      0.304074	      0.255014	
130.500	      0.296083	      0.255028	
131.000	      0.296083	      0.255028	
131.500	      0.289872	      0.255042	
132.000	      0.284951	      0.255056	
132.500	      0.284951	      0.255056	
133.000	      0.280987	      0.255069	
133.500	      0.277747	      0.255082	
134.000	      0.275067	      0.255095	
134.500	      0.275067	      0.255095	
135.000	      0.272825	      0.255108	
135.500	       0.27093	      0.255121	
136.000	       0.27093	      0.255121	
136.500	      0.269316	      0.255133	
137.000	       0.26793	      0.255145	
137.500	      0.266732	      0.255157	
138.000	      0.266732	      0.255157	
138.500	      0.265688	      0.255169	
139.000	      0.264775	      0.255181	
139.500	      0.264775	      0.255181	
140.000	      0.263971	      0.255192	
140.500	       0.26326	      0.255203	
141.000	      0.262629	      0.255214	
141.500	      0.262629	      0.255214	
142.000	      0.262065	      0.255225	
142.500	      0.261561	      0.255236	
143.000	      0.261561	      0.255236	
143.500	      0.261107	      0.255247	
144.000	      0.260698	      0.255258	
144.500	      0.260329	      0.255268	
145.000	      0.260329	      0.255268	
145.500	      0.259993	      0.255279	
146.000	      0.259688	      0.255289	
146.500	      0.259688	      0.255289	
147.000	       0.25941	      0.255299	
147.500	      0.259155	      0.255309	
148.000	      0.259155	      0.255309	
148.500	      0.258922	      0.255319	
149.000	      0.258708	      0.255329	
149.500	      0.258511	      0.255339	
150.000	      0.258511	      0.255339	
150.500	       0.25833	      0.255349	
151.000	      0.258162	      0.255358	
151.500	      0.258162	      0.255358	
152.000	      0.258007	      0.255368	
152.500	      0.257863	      0.255378	
153.000	       0.25773	      0.255388	
153.500	       0.25773	      0.255388	
154.000	      0.257606	      0.255397	
154.500	       0.25749	      0.255407	
155.000	       0.25749	      0.255407	
155.500	      0.257382	      0.255416	
156.000	      0.257282	      0.255426	
156.500	      0.257188	      0.255436	
157.000	      0.257188	      0.255436	
157.500	        0.2571	      0.255445	
158.000	      0.257018	      0.255455	
158.500	      0.257018	      0.255455	
159.000	       0.25694	      0.255464	
159.500	      0.256868	      0.255474	
160.000	        0.2568	      0.255484	
160.500	        0.2568	      0.255484	
161.000	      0.256735	      0.255494	
161.500	      0.256675	      0.255504	
162.000	      0.256675	      0.255504	
162.500	      0.256618	      0.255514	
163.000	      0.256564	      0.255524	
163.500	      0.256513	      0.255534	
164.000	      0.256513	      0.255534	
164.500	      0.256465	      0.255544	
165.000	      0.256419	      0.255555	
165.500	      0.256419	      0.255555	
166.000	      0.256376	      0.255565	
166.500	      0.256335	      0.255576	
167.000	      0.256296	      0.255587	
167.500	      0.256296	      0.255587	
168.000	      0.256259	      0.255598	
168.500	      0.256224	      0.255609	
169.000	      0.256224	      0.255609	
169.500	       0.25619	      0.255621	
170.000	      0.256158	      0.255632	
170.500	      0.256158	      0.255632	
171.000	      0.256128	      0.255644	
171.500	      0.256099	      0.255657	
172.000	      0.256071	      0.255669	
172.500	      0.256071	      0.255669	
173.000	      0.256045	      0.255682	
173.500	      0.256019	      0.255695	
174.000	      0.256019	      0.255695	
174.500	      0.255995	      0.255708	
175.000	      0.255971	      0.255722	
175.500	      0.255949	      0.255737	
176.000	      0.255949	      0.255737	
176.500	      0.255928	      0.255751	
177.000	      0.255907	      0.255766	
177.500	      0.255907	      0.255766	
178.000	      0.255887	      0.255782	
178.500	      0.255868	      0.255798	
179.000	       0.25585	      0.255815	
179.500	       0.25585	      0.255815	
180.000	      0.255832	      0.255832	
