
TracePro Release: 3 2 0 
Polar Candela Distribution Data for 
Data covers +/- 180.000 degrees from Normal
Data for Missed Rays
Data generated at 09:44:28 June 25, 2025

	   0.0	 180.0
0.000	      0.278718	      0.278718	
0.500	      0.278657	      0.278768	
1.000	      0.278657	      0.278768	
1.500	      0.278586	        0.2788	
2.000	      0.278507	      0.278798	
2.500	      0.278419	      0.278708	
3.000	      0.278419	      0.278708	
3.500	      0.278318	      0.278311	
4.000	      0.278196	      0.274995	
4.500	      0.278196	      0.274995	
5.000	      0.278034	      0.321996	
5.500	      0.277772	      0.275113	
6.000	      0.277158	      0.278549	
6.500	      0.277158	      0.278549	
7.000	      0.273218	      0.279065	
7.500	      0.326544	      0.279275	
8.000	      0.326544	      0.279275	
8.500	       0.27301	        0.2794	
9.000	      0.276735	      0.279491	
9.500	      0.277122	      0.279566	
10.000	      0.277122	      0.279566	
10.500	      0.277123	      0.279633	
11.000	      0.276938	      0.279696	
11.500	      0.276938	      0.279696	
12.000	      0.276397	      0.279757	
12.500	      0.272813	      0.279817	
13.000	      0.272813	      0.279817	
13.500	      0.321322	      0.279879	
14.000	      0.272608	      0.279946	
14.500	      0.275993	      0.280023	
15.000	      0.275993	      0.280023	
15.500	      0.276351	      0.280117	
16.000	      0.276386	      0.280248	
16.500	      0.276386	      0.280248	
17.000	       0.27633	      0.280459	
17.500	      0.276236	      0.280881	
18.000	      0.276123	      0.282062	
18.500	      0.276123	      0.282062	
19.000	      0.275998	      0.290477	
19.500	      0.275867	      0.167296	
20.000	      0.275867	      0.167296	
20.500	      0.275733	      0.417379	
21.000	      0.275603	      0.199226	
21.500	      0.275486	      0.798758	
22.000	      0.275486	      0.798758	
22.500	      0.275407	     0.0282434	
23.000	      0.275439	      0.632433	
23.500	      0.275439	      0.632433	
24.000	      0.275894	     0.0315876	
24.500	      0.280459	      0.490847	
25.000	      0.213993	      0.211876	
25.500	      0.213993	      0.211876	
26.000	      0.280024	      0.405552	
26.500	      0.275022	      0.124879	
27.000	      0.275022	      0.124879	
27.500	      0.274125	      0.650758	
28.000	      0.273644	     0.0631594	
28.500	      0.273261	        0.4595	
29.000	      0.273261	        0.4595	
29.500	      0.272893	      0.107989	
30.000	      0.272492	      0.657072	
30.500	      0.272492	      0.657072	
31.000	      0.271978	      0.257946	
31.500	      0.271048	      0.301636	
32.000	      0.266192	     0.0165793	
32.500	      0.266192	     0.0165793	
33.000	      0.328903	       0.41131	
33.500	      0.265525	     0.0940566	
34.000	      0.265525	     0.0940566	
34.500	      0.269713	      0.402227	
35.000	      0.269976	      0.109988	
35.500	      0.269976	      0.109988	
36.000	      0.269828	      0.296996	
36.500	      0.269585	      0.284174	
37.000	      0.269373	      0.282398	
37.500	      0.269373	      0.282398	
38.000	      0.269467	       0.28178	
38.500	      0.272856	      0.281491	
39.000	      0.272856	      0.281491	
39.500	      0.218756	      0.281335	
40.000	      0.271811	      0.281243	
40.500	      0.267365	      0.281187	
41.000	      0.267365	      0.281187	
41.500	      0.266186	      0.281152	
42.000	      0.265234	       0.28113	
42.500	      0.265234	       0.28113	
43.000	      0.264022	      0.281118	
43.500	      0.259751	      0.281112	
44.000	      0.308189	       0.28111	
44.500	      0.308189	       0.28111	
45.000	      0.258203	      0.281111	
45.500	        0.2609	      0.281114	
46.000	        0.2609	      0.281114	
46.500	      0.260474	       0.28112	
47.000	      0.259628	      0.281126	
47.500	      0.258494	      0.281134	
48.000	      0.258494	      0.281134	
48.500	      0.256674	      0.281142	
49.000	       0.24818	      0.281151	
49.500	       0.24818	      0.281151	
50.000	      0.369543	       0.28116	
50.500	      0.141605	      0.281169	
51.000	      0.358857	      0.281179	
51.500	      0.358857	      0.281179	
52.000	      0.152015	      0.281188	
52.500	      0.258474	      0.281198	
53.000	      0.258474	      0.281198	
53.500	      0.250569	      0.281208	
54.000	      0.248419	      0.281218	
54.500	      0.246776	      0.281227	
55.000	      0.246776	      0.281227	
55.500	      0.245093	      0.281237	
56.000	       0.24004	      0.281247	
56.500	       0.24004	      0.281247	
57.000	      0.304483	      0.281256	
57.500	       0.24439	      0.281265	
58.000	       0.24439	      0.281265	
58.500	      0.260502	      0.281275	
59.000	      0.303336	      0.281284	
59.500	      0.664227	      0.281293	
60.000	      0.664227	      0.281293	
60.500	       4.98167	      0.281301	
61.000	       4.37709	       0.28131	
61.500	       4.37709	       0.28131	
62.000	       4.46604	      0.281318	
62.500	       5.10881	      0.281327	
63.000	       5.50866	      0.281335	
63.500	       5.50866	      0.281335	
64.000	        6.1847	      0.281343	
64.500	       7.40326	      0.281351	
65.000	       7.40326	      0.281351	
65.500	       7.02486	      0.281358	
66.000	       3.85595	      0.281366	
66.500	       3.39875	      0.281373	
67.000	       3.39875	      0.281373	
67.500	       6.25434	       0.28138	
68.000	       5.68263	      0.281387	
68.500	       5.68263	      0.281387	
69.000	       2.32772	      0.281394	
69.500	       2.29408	        0.2814	
70.000	        6.1304	      0.281407	
70.500	        6.1304	      0.281407	
71.000	       1.36051	      0.281413	
71.500	       2.48619	      0.281419	
72.000	       2.48619	      0.281419	
72.500	      0.155926	      0.281425	
73.000	       10.2166	      0.281431	
73.500	       69.5578	      0.281436	
74.000	       69.5578	      0.281436	
74.500	       11.3056	      0.281442	
75.000	       2.69441	      0.281447	
75.500	       2.69441	      0.281447	
76.000	       2.45439	      0.281452	
76.500	         1.122	      0.281457	
77.000	       4.39568	      0.281462	
77.500	       4.39568	      0.281462	
78.000	      0.337824	      0.281466	
78.500	       5.49538	      0.281471	
79.000	       5.49538	      0.281471	
79.500	       11.5989	      0.281475	
80.000	       65.8728	      0.281479	
80.500	       65.8728	      0.281479	
81.000	       666.546	      0.281483	
81.500	       65.0145	      0.281487	
82.000	       12.3659	      0.281491	
82.500	       12.3659	      0.281491	
83.000	       5.18404	      0.281494	
83.500	       2.76914	      0.281498	
84.000	       2.76914	      0.281498	
84.500	       1.66666	      0.281501	
85.000	       1.07122	      0.281504	
85.500	       0.71308	      0.281507	
86.000	       0.71308	      0.281507	
86.500	      0.480823	       0.28151	
87.000	      0.321579	      0.281512	
87.500	      0.321579	      0.281512	
88.000	      0.207607	      0.281515	
88.500	      0.123206	      0.281517	
89.000	     0.0589424	      0.281519	
89.500	     0.0589424	      0.281519	
90.000	    0.00887097	      0.281521	
90.500	     0.0309089	      0.281523	
91.000	     0.0309089	      0.281523	
91.500	     0.0630424	      0.281525	
92.000	     0.0893751	      0.281526	
92.500	      0.111227	      0.281528	
93.000	      0.111227	      0.281528	
93.500	      0.129562	      0.281529	
94.000	      0.145098	       0.28153	
94.500	      0.145098	       0.28153	
95.000	      0.158379	      0.281531	
95.500	      0.169821	      0.281532	
96.000	       0.17975	      0.281533	
96.500	       0.17975	      0.281533	
97.000	      0.188422	      0.281533	
97.500	       0.19604	      0.281533	
98.000	       0.19604	      0.281533	
98.500	       0.20277	      0.281534	
99.000	      0.208744	      0.281534	
99.500	      0.214072	      0.281534	
100.000	      0.214072	      0.281534	
100.500	      0.218844	      0.281534	
101.000	      0.223134	      0.281533	
101.500	      0.223134	      0.281533	
102.000	      0.227006	      0.281533	
102.500	      0.230512	      0.281532	
103.000	      0.230512	      0.281532	
103.500	      0.233697	      0.281531	
104.000	        0.2366	       0.28153	
104.500	      0.239252	      0.281529	
105.000	      0.239252	      0.281529	
105.500	      0.241681	      0.281528	
106.000	      0.243913	      0.281527	
106.500	      0.243913	      0.281527	
107.000	      0.245967	      0.281525	
107.500	      0.247863	      0.281524	
108.000	      0.249615	      0.281522	
108.500	      0.249615	      0.281522	
109.000	      0.251239	       0.28152	
109.500	      0.252747	      0.281518	
110.000	      0.252747	      0.281518	
110.500	      0.254148	      0.281516	
111.000	      0.255454	      0.281513	
111.500	      0.256673	      0.281511	
112.000	      0.256673	      0.281511	
112.500	      0.257811	      0.281508	
113.000	      0.258877	      0.281505	
113.500	      0.258877	      0.281505	
114.000	      0.259876	      0.281502	
114.500	      0.260813	      0.281499	
115.000	      0.261694	      0.281496	
115.500	      0.261694	      0.281496	
116.000	      0.262523	      0.281492	
116.500	      0.263305	      0.281488	
117.000	      0.263305	      0.281488	
117.500	      0.264041	      0.281485	
118.000	      0.264737	      0.281481	
118.500	      0.265395	      0.281477	
119.000	      0.265395	      0.281477	
119.500	      0.266017	      0.281472	
120.000	      0.266606	      0.281468	
120.500	      0.266606	      0.281468	
121.000	      0.267165	      0.281463	
121.500	      0.267695	      0.281458	
122.000	      0.268199	      0.281454	
122.500	      0.268199	      0.281454	
123.000	      0.268678	      0.281448	
123.500	      0.269134	      0.281443	
124.000	      0.269134	      0.281443	
124.500	      0.269568	      0.281438	
125.000	      0.269981	      0.281432	
125.500	      0.269981	      0.281432	
126.000	      0.270375	      0.281426	
126.500	      0.270752	       0.28142	
127.000	      0.271111	      0.281414	
127.500	      0.271111	      0.281414	
128.000	      0.271455	      0.281408	
128.500	      0.271783	      0.281401	
129.000	      0.271783	      0.281401	
129.500	      0.272097	      0.281394	
130.000	      0.272399	      0.281387	
130.500	      0.272687	       0.28138	
131.000	      0.272687	       0.28138	
131.500	      0.272964	      0.281373	
132.000	      0.273229	      0.281365	
132.500	      0.273229	      0.281365	
133.000	      0.273483	      0.281358	
133.500	      0.273728	       0.28135	
134.000	      0.273963	      0.281342	
134.500	      0.273963	      0.281342	
135.000	      0.274189	      0.281333	
135.500	      0.274406	      0.281325	
136.000	      0.274406	      0.281325	
136.500	      0.274615	      0.281316	
137.000	      0.274816	      0.281307	
137.500	       0.27501	      0.281298	
138.000	       0.27501	      0.281298	
138.500	      0.275197	      0.281288	
139.000	      0.275377	      0.281279	
139.500	      0.275377	      0.281279	
140.000	      0.275551	      0.281269	
140.500	      0.275718	      0.281259	
141.000	       0.27588	      0.281248	
141.500	       0.27588	      0.281248	
142.000	      0.276036	      0.281238	
142.500	      0.276187	      0.281227	
143.000	      0.276187	      0.281227	
143.500	      0.276333	      0.281216	
144.000	      0.276474	      0.281204	
144.500	       0.27661	      0.281193	
145.000	       0.27661	      0.281193	
145.500	      0.276742	      0.281181	
146.000	       0.27687	      0.281169	
146.500	       0.27687	      0.281169	
147.000	      0.276993	      0.281156	
147.500	      0.277113	      0.281144	
148.000	      0.277113	      0.281144	
148.500	      0.277229	      0.281131	
149.000	      0.277341	      0.281118	
149.500	       0.27745	      0.281104	
150.000	       0.27745	      0.281104	
150.500	      0.277555	       0.28109	
151.000	      0.277658	      0.281076	
151.500	      0.277658	      0.281076	
152.000	      0.277757	      0.281062	
152.500	      0.277853	      0.281047	
153.000	      0.277947	      0.281032	
153.500	      0.277947	      0.281032	
154.000	      0.278037	      0.281016	
154.500	      0.278126	      0.281001	
155.000	      0.278126	      0.281001	
155.500	      0.278211	      0.280985	
156.000	      0.278295	      0.280968	
156.500	      0.278375	      0.280951	
157.000	      0.278375	      0.280951	
157.500	      0.278454	      0.280934	
158.000	      0.278531	      0.280917	
158.500	      0.278531	      0.280917	
159.000	      0.278605	      0.280899	
159.500	      0.278677	      0.280881	
160.000	      0.278748	      0.280862	
160.500	      0.278748	      0.280862	
161.000	      0.278816	      0.280843	
161.500	      0.278883	      0.280823	
162.000	      0.278883	      0.280823	
162.500	      0.278948	      0.280803	
163.000	      0.279011	      0.280783	
163.500	      0.279073	      0.280762	
164.000	      0.279073	      0.280762	
164.500	      0.279133	      0.280741	
165.000	      0.279191	      0.280719	
165.500	      0.279191	      0.280719	
166.000	      0.279248	      0.280697	
166.500	      0.279304	      0.280675	
167.000	      0.279358	      0.280652	
167.500	      0.279358	      0.280652	
168.000	      0.279411	      0.280628	
168.500	      0.279462	      0.280604	
169.000	      0.279462	      0.280604	
169.500	      0.279512	      0.280579	
170.000	      0.279561	      0.280554	
170.500	      0.279561	      0.280554	
171.000	      0.279609	      0.280528	
171.500	      0.279656	      0.280502	
172.000	      0.279701	      0.280475	
172.500	      0.279701	      0.280475	
173.000	      0.279746	      0.280448	
173.500	      0.279789	       0.28042	
174.000	      0.279789	       0.28042	
174.500	      0.279831	      0.280391	
175.000	      0.279873	      0.280362	
175.500	      0.279913	      0.280332	
176.000	      0.279913	      0.280332	
176.500	      0.279953	      0.280301	
177.000	      0.279991	      0.280269	
177.500	      0.279991	      0.280269	
178.000	      0.280029	      0.280237	
178.500	      0.280066	      0.280205	
179.000	      0.280102	      0.280171	
179.500	      0.280102	      0.280171	
180.000	      0.280137	      0.280137	
