
TracePro Release: 3 2 0 
Polar Candela Distribution Data for 
Data covers +/- 180.000 degrees from Normal
Data for Missed Rays
Data generated at 09:44:28 June 25, 2025

	   0.0	 180.0
0.000	     0.0313639	     0.0313639	
0.500	     0.0346304	     0.0267311	
1.000	     0.0346304	     0.0267311	
1.500	     0.0369085	     0.0196088	
2.000	     0.0376552	    0.00718937	
2.500	     0.0268786	     0.0187761	
3.000	     0.0268786	     0.0187761	
3.500	      0.212998	     0.0891975	
4.000	     0.0327117	      0.795454	
4.500	     0.0327117	      0.795454	
5.000	     0.0560656	       7.36989	
5.500	     0.0492337	      0.681769	
6.000	     0.0633064	     0.0540615	
6.500	     0.0633064	     0.0540615	
7.000	     0.0581804	     0.0785431	
7.500	     0.0591025	    0.00637073	
8.000	     0.0591025	    0.00637073	
8.500	     0.0510025	     0.0144218	
9.000	      0.242289	      0.020128	
9.500	      0.126613	     0.0235568	
10.000	      0.126613	     0.0235568	
10.500	      0.269492	     0.0257097	
11.000	     0.0272751	     0.0271167	
11.500	     0.0272751	     0.0271167	
12.000	      0.290695	     0.0280648	
12.500	      0.138923	     0.0287185	
13.000	      0.138923	     0.0287185	
13.500	       0.50831	     0.0291768	
14.000	     0.0729332	     0.0295023	
14.500	      0.304638	     0.0297357	
15.000	      0.304638	     0.0297357	
15.500	      0.108305	      0.029904	
16.000	       0.57079	     0.0300238	
16.500	       0.57079	     0.0300238	
17.000	      0.169553	     0.0301011	
17.500	      0.479544	     0.0301225	
18.000	      0.302999	     0.0300162	
18.500	      0.302999	     0.0300162	
19.000	       0.65296	     0.0294557	
19.500	      0.530295	     0.0253146	
20.000	      0.530295	     0.0253146	
20.500	       1.56517	      0.072436	
21.000	      0.849133	      0.161663	
21.500	       2.46175	       2.08558	
22.000	       2.46175	       2.08558	
22.500	       5.32224	       4.05099	
23.000	       29.1094	       2.27466	
23.500	       29.1094	       2.27466	
24.000	       293.143	       1.32594	
24.500	       28.8123	        2.1304	
25.000	       4.81043	        2.3926	
25.500	       4.81043	        2.3926	
26.000	       2.57293	       2.05865	
26.500	      0.289085	      0.950625	
27.000	      0.289085	      0.950625	
27.500	       1.66016	       1.73272	
28.000	      0.210569	       1.89531	
28.500	       2.21177	       1.09926	
29.000	       2.21177	       1.09926	
29.500	       1.70236	       1.25871	
30.000	       1.85592	       1.70137	
30.500	       1.85592	       1.70137	
31.000	       2.46326	       1.41506	
31.500	       2.97154	      0.903151	
32.000	       2.13844	       0.43464	
32.500	       2.13844	       0.43464	
33.000	       1.80495	      0.631786	
33.500	      0.554984	      0.471631	
34.000	      0.554984	      0.471631	
34.500	       1.40848	       1.62004	
35.000	      0.172324	        1.0453	
35.500	      0.172324	        1.0453	
36.000	       0.60448	       1.15395	
36.500	       1.63922	       0.75875	
37.000	       1.47012	      0.200386	
37.500	       1.47012	      0.200386	
38.000	       2.57256	      0.206863	
38.500	       2.38194	       0.26122	
39.000	       2.38194	       0.26122	
39.500	       2.76882	     0.0488197	
40.000	       1.06147	     0.0748271	
40.500	       1.44869	     0.0920506	
41.000	       1.44869	     0.0920506	
41.500	       1.25349	       0.14219	
42.000	       2.99471	      0.293142	
42.500	       2.99471	      0.293142	
43.000	       2.59417	       1.40167	
43.500	       3.02972	       14.0028	
44.000	      0.471773	       1.40138	
44.500	      0.471773	       1.40138	
45.000	      0.431854	      0.292402	
45.500	       1.07308	      0.140259	
46.000	       1.07308	      0.140259	
46.500	       1.03518	     0.0823499	
47.000	       0.90085	      0.158056	
47.500	       2.35714	     0.0466809	
48.000	       2.35714	     0.0466809	
48.500	      0.243621	     0.0462838	
49.000	       4.37058	     0.0423848	
49.500	       4.37058	     0.0423848	
50.000	        42.361	     0.0393733	
50.500	       5.02322	     0.0371331	
51.000	     0.0856595	     0.0354434	
51.500	     0.0856595	     0.0354434	
52.000	      0.559203	     0.0341426	
52.500	       1.48351	     0.0331212	
53.000	       1.48351	     0.0331212	
53.500	      0.396324	     0.0323046	
54.000	       1.77927	     0.0316412	
54.500	       3.83367	     0.0310947	
55.000	       3.83367	     0.0310947	
55.500	       4.50547	     0.0306386	
56.000	        3.0083	     0.0302538	
56.500	        3.0083	     0.0302538	
57.000	       2.80083	     0.0299258	
57.500	       2.71554	     0.0296437	
58.000	       2.71554	     0.0296437	
58.500	       1.22896	     0.0293989	
59.000	       2.79671	      0.029185	
59.500	       2.77324	     0.0289968	
60.000	       2.77324	     0.0289968	
60.500	       2.03807	     0.0288302	
61.000	       2.59985	     0.0286817	
61.500	       2.59985	     0.0286817	
62.000	       2.02967	     0.0285488	
62.500	       1.73939	     0.0284292	
63.000	       2.05684	      0.028321	
63.500	       2.05684	      0.028321	
64.000	       3.26324	     0.0282228	
64.500	       2.14894	     0.0281333	
65.000	       2.14894	     0.0281333	
65.500	       2.31783	     0.0280514	
66.000	      0.551745	     0.0279762	
66.500	       1.57674	     0.0279069	
67.000	       1.57674	     0.0279069	
67.500	       2.75782	     0.0278428	
68.000	      0.471311	     0.0277835	
68.500	      0.471311	     0.0277835	
69.000	       4.14336	     0.0277283	
69.500	       32.3826	     0.0276769	
70.000	       4.18266	     0.0276289	
70.500	       4.18266	     0.0276289	
71.000	     0.0851643	     0.0275839	
71.500	      0.892375	     0.0275418	
72.000	      0.892375	     0.0275418	
72.500	     0.0319869	     0.0275021	
73.000	       1.02354	     0.0274648	
73.500	       0.48919	     0.0274295	
74.000	       0.48919	     0.0274295	
74.500	       4.42273	     0.0273962	
75.000	       5.31512	     0.0273646	
75.500	       5.31512	     0.0273646	
76.000	       29.5777	     0.0273347	
76.500	       295.355	     0.0273062	
77.000	       29.0112	     0.0272792	
77.500	       29.0112	     0.0272792	
78.000	        5.5125	     0.0272534	
78.500	        2.3944	     0.0272288	
79.000	        2.3944	     0.0272288	
79.500	       1.32289	     0.0272053	
80.000	      0.834907	     0.0271828	
80.500	      0.834907	     0.0271828	
81.000	      0.571463	     0.0271612	
81.500	      0.413024	     0.0271406	
82.000	      0.310276	     0.0271208	
82.500	      0.310276	     0.0271208	
83.000	      0.239824	     0.0271017	
83.500	      0.189396	     0.0270834	
84.000	      0.189396	     0.0270834	
84.500	      0.152047	     0.0270658	
85.000	      0.123607	     0.0270488	
85.500	      0.101444	     0.0270324	
86.000	      0.101444	     0.0270324	
86.500	     0.0838358	     0.0270166	
87.000	     0.0696111	     0.0270013	
87.500	     0.0696111	     0.0270013	
88.000	     0.0579538	     0.0269865	
88.500	     0.0482803	     0.0269722	
89.000	     0.0401639	     0.0269584	
89.500	     0.0401639	     0.0269584	
90.000	     0.0332871	     0.0269449	
90.500	     0.0274094	     0.0269319	
91.000	     0.0274094	     0.0269319	
91.500	     0.0223462	     0.0269192	
92.000	     0.0179537	     0.0269069	
92.500	     0.0141183	      0.026895	
93.000	     0.0141183	      0.026895	
93.500	     0.0107497	     0.0268834	
94.000	    0.00777525	      0.026872	
94.500	    0.00777525	      0.026872	
95.000	    0.00513581	      0.026861	
95.500	    0.00278299	     0.0268503	
96.000	   0.000676841	     0.0268398	
96.500	   0.000676841	     0.0268398	
97.000	    0.00121586	     0.0268295	
97.500	    0.00292292	     0.0268195	
98.000	    0.00292292	     0.0268195	
98.500	    0.00446776	     0.0268098	
99.000	    0.00587022	     0.0268002	
99.500	    0.00714718	     0.0267909	
100.000	    0.00714718	     0.0267909	
100.500	    0.00831311	     0.0267817	
101.000	    0.00938044	     0.0267728	
101.500	    0.00938044	     0.0267728	
102.000	     0.0103599	      0.026764	
102.500	     0.0112609	     0.0267554	
103.000	     0.0112609	     0.0267554	
103.500	     0.0120914	     0.0267469	
104.000	     0.0128586	     0.0267386	
104.500	     0.0135687	     0.0267305	
105.000	     0.0135687	     0.0267305	
105.500	     0.0142272	     0.0267225	
106.000	      0.014839	     0.0267146	
106.500	      0.014839	     0.0267146	
107.000	     0.0154082	     0.0267069	
107.500	     0.0159388	     0.0266993	
108.000	      0.016434	     0.0266918	
108.500	      0.016434	     0.0266918	
109.000	      0.016897	     0.0266844	
109.500	     0.0173304	     0.0266771	
110.000	     0.0173304	     0.0266771	
110.500	     0.0177367	     0.0266699	
111.000	     0.0181181	     0.0266628	
111.500	     0.0184765	     0.0266559	
112.000	     0.0184765	     0.0266559	
112.500	     0.0188138	      0.026649	
113.000	     0.0191315	     0.0266421	
113.500	     0.0191315	     0.0266421	
114.000	     0.0194311	     0.0266354	
114.500	     0.0197139	     0.0266287	
115.000	     0.0199811	     0.0266221	
115.500	     0.0199811	     0.0266221	
116.000	      0.020234	     0.0266156	
116.500	     0.0204733	     0.0266091	
117.000	     0.0204733	     0.0266091	
117.500	     0.0207001	     0.0266027	
118.000	     0.0209153	     0.0265963	
118.500	     0.0211196	       0.02659	
119.000	     0.0211196	       0.02659	
119.500	     0.0213136	     0.0265838	
120.000	     0.0214981	     0.0265776	
120.500	     0.0214981	     0.0265776	
121.000	     0.0216737	     0.0265714	
121.500	      0.021841	     0.0265653	
122.000	     0.0220003	     0.0265592	
122.500	     0.0220003	     0.0265592	
123.000	     0.0221523	     0.0265531	
123.500	     0.0222973	     0.0265471	
124.000	     0.0222973	     0.0265471	
124.500	     0.0224358	     0.0265411	
125.000	     0.0225682	     0.0265351	
125.500	     0.0225682	     0.0265351	
126.000	     0.0226948	     0.0265292	
126.500	     0.0228158	     0.0265232	
127.000	     0.0229317	     0.0265173	
127.500	     0.0229317	     0.0265173	
128.000	     0.0230428	     0.0265114	
128.500	     0.0231492	     0.0265055	
129.000	     0.0231492	     0.0265055	
129.500	     0.0232512	     0.0264997	
130.000	     0.0233491	     0.0264938	
130.500	     0.0234431	     0.0264879	
131.000	     0.0234431	     0.0264879	
131.500	     0.0235334	     0.0264821	
132.000	     0.0236201	     0.0264762	
132.500	     0.0236201	     0.0264762	
133.000	     0.0237035	     0.0264704	
133.500	     0.0237837	     0.0264645	
134.000	     0.0238609	     0.0264586	
134.500	     0.0238609	     0.0264586	
135.000	     0.0239352	     0.0264528	
135.500	     0.0240068	     0.0264469	
136.000	     0.0240068	     0.0264469	
136.500	     0.0240757	      0.026441	
137.000	     0.0241422	     0.0264351	
137.500	     0.0242063	     0.0264291	
138.000	     0.0242063	     0.0264291	
138.500	     0.0242681	     0.0264232	
139.000	     0.0243278	     0.0264172	
139.500	     0.0243278	     0.0264172	
140.000	     0.0243854	     0.0264112	
140.500	     0.0244411	     0.0264052	
141.000	     0.0244949	     0.0263991	
141.500	     0.0244949	     0.0263991	
142.000	     0.0245468	      0.026393	
142.500	     0.0245971	     0.0263869	
143.000	     0.0245971	     0.0263869	
143.500	     0.0246457	     0.0263807	
144.000	     0.0246928	     0.0263745	
144.500	     0.0247383	     0.0263683	
145.000	     0.0247383	     0.0263683	
145.500	     0.0247824	      0.026362	
146.000	     0.0248251	     0.0263557	
146.500	     0.0248251	     0.0263557	
147.000	     0.0248664	     0.0263493	
147.500	     0.0249065	     0.0263429	
148.000	     0.0249065	     0.0263429	
148.500	     0.0249454	     0.0263364	
149.000	     0.0249831	     0.0263299	
149.500	     0.0250197	     0.0263233	
150.000	     0.0250197	     0.0263233	
150.500	     0.0250551	     0.0263167	
151.000	     0.0250896	       0.02631	
151.500	     0.0250896	       0.02631	
152.000	      0.025123	     0.0263032	
152.500	     0.0251555	     0.0262964	
153.000	     0.0251871	     0.0262894	
153.500	     0.0251871	     0.0262894	
154.000	     0.0252177	     0.0262825	
154.500	     0.0252475	     0.0262754	
155.000	     0.0252475	     0.0262754	
155.500	     0.0252765	     0.0262683	
156.000	     0.0253047	      0.026261	
156.500	     0.0253321	     0.0262537	
157.000	     0.0253321	     0.0262537	
157.500	     0.0253588	     0.0262463	
158.000	     0.0253847	     0.0262388	
158.500	     0.0253847	     0.0262388	
159.000	       0.02541	     0.0262313	
159.500	     0.0254346	     0.0262236	
160.000	     0.0254586	     0.0262158	
160.500	     0.0254586	     0.0262158	
161.000	     0.0254819	     0.0262079	
161.500	     0.0255047	     0.0261999	
162.000	     0.0255047	     0.0261999	
162.500	     0.0255269	     0.0261918	
163.000	     0.0255485	     0.0261836	
163.500	     0.0255696	     0.0261753	
164.000	     0.0255696	     0.0261753	
164.500	     0.0255902	     0.0261668	
165.000	     0.0256103	     0.0261583	
165.500	     0.0256103	     0.0261583	
166.000	     0.0256298	     0.0261496	
166.500	      0.025649	     0.0261407	
167.000	     0.0256676	     0.0261317	
167.500	     0.0256676	     0.0261317	
168.000	     0.0256859	     0.0261226	
168.500	     0.0257037	     0.0261133	
169.000	     0.0257037	     0.0261133	
169.500	     0.0257211	     0.0261039	
170.000	     0.0257381	     0.0260943	
170.500	     0.0257381	     0.0260943	
171.000	     0.0257547	     0.0260846	
171.500	     0.0257709	     0.0260747	
172.000	     0.0257868	     0.0260646	
172.500	     0.0257868	     0.0260646	
173.000	     0.0258024	     0.0260543	
173.500	     0.0258176	     0.0260439	
174.000	     0.0258176	     0.0260439	
174.500	     0.0258324	     0.0260333	
175.000	      0.025847	     0.0260225	
175.500	     0.0258612	     0.0260114	
176.000	     0.0258612	     0.0260114	
176.500	     0.0258752	     0.0260002	
177.000	     0.0258888	     0.0259888	
177.500	     0.0258888	     0.0259888	
178.000	     0.0259022	     0.0259771	
178.500	     0.0259153	     0.0259653	
179.000	     0.0259282	     0.0259531	
179.500	     0.0259282	     0.0259531	
180.000	     0.0259408	     0.0259408	
