
TracePro Release: 3 2 0 
Polar Candela Distribution Data for 
Data covers +/- 180.000 degrees from Normal
Data for Missed Rays
Data generated at 09:37:06 June 25, 2025

	   0.0	 180.0
0.000	      0.103513	      0.103513	
0.500	      0.110092	      0.233974	
1.000	      0.110092	      0.233974	
1.500	      0.108387	      0.108079	
2.000	      0.105315	      0.119423	
2.500	     0.0973128	      0.123245	
3.000	     0.0973128	      0.123245	
3.500	      0.213568	      0.133051	
4.000	      0.209081	    0.00213413	
4.500	      0.209081	    0.00213413	
5.000	      0.250206	      0.296476	
5.500	      0.195722	      0.153772	
6.000	      0.250098	       0.35251	
6.500	      0.250098	       0.35251	
7.000	      0.100823	      0.332688	
7.500	     0.0672561	       1.90228	
8.000	     0.0672561	       1.90228	
8.500	      0.178313	       1.96506	
9.000	      0.502753	       3.17719	
9.500	       0.46256	       3.69415	
10.000	       0.46256	       3.69415	
10.500	      0.363503	       1.40268	
11.000	      0.358481	       1.04719	
11.500	      0.358481	       1.04719	
12.000	      0.319769	       1.01656	
12.500	       1.06795	      0.855546	
13.000	       1.06795	      0.855546	
13.500	     0.0595962	       1.18259	
14.000	       1.37671	      0.965113	
14.500	      0.592253	       3.30118	
15.000	      0.592253	       3.30118	
15.500	       3.28303	      0.156882	
16.000	       4.41064	     0.0964566	
16.500	       4.41064	     0.0964566	
17.000	        29.396	      0.123752	
17.500	       288.445	      0.401086	
18.000	        28.505	      0.101451	
18.500	        28.505	      0.101451	
19.000	       4.25956	       0.18538	
19.500	       2.85725	    0.00901197	
20.000	       2.85725	    0.00901197	
20.500	      0.225772	      0.226333	
21.000	       2.22445	      0.034691	
21.500	      0.386632	      0.468797	
22.000	      0.386632	      0.468797	
22.500	       2.06524	      0.153592	
23.000	      0.675155	      0.532531	
23.500	      0.675155	      0.532531	
24.000	       1.19479	       0.46323	
24.500	       2.71267	       3.29774	
25.000	       2.04686	       2.44302	
25.500	       2.04686	       2.44302	
26.000	       1.29743	      0.945204	
26.500	      0.908364	      0.549782	
27.000	      0.908364	      0.549782	
27.500	       1.18867	      0.479099	
28.000	      0.866237	       2.58313	
28.500	       1.13237	       17.4413	
29.000	       1.13237	       17.4413	
29.500	       1.59965	       1.52596	
30.000	       2.57307	      0.174901	
30.500	       2.57307	      0.174901	
31.000	       2.88106	    0.00811822	
31.500	       2.14208	     0.0697087	
32.000	        2.1506	     0.0980815	
32.500	        2.1506	     0.0980815	
33.000	      0.959282	      0.113723	
33.500	       1.29449	      0.123493	
34.000	       1.29449	      0.123493	
34.500	       1.50982	      0.130245	
35.000	       2.27444	      0.135367	
35.500	       2.27444	      0.135367	
36.000	       2.42492	      0.139639	
36.500	      0.457602	      0.143579	
37.000	       2.04146	      0.147618	
37.500	       2.04146	      0.147618	
38.000	       1.95142	      0.152231	
38.500	       1.88355	       0.15809	
39.000	       1.88355	       0.15809	
39.500	       3.97185	      0.166356	
40.000	       1.91891	      0.179384	
40.500	       3.27358	      0.202796	
41.000	       3.27358	      0.202796	
41.500	       3.46126	      0.253308	
42.000	       4.66184	      0.402552	
42.500	       4.66184	      0.402552	
43.000	       5.15047	       1.49422	
43.500	       1.57618	       13.6686	
44.000	       7.25434	       1.49485	
44.500	       7.25434	       1.49485	
45.000	       68.7549	      0.403799	
45.500	       10.9686	      0.255167	
46.000	       10.9686	      0.255167	
46.500	      0.625885	      0.205195	
47.000	       2.01002	      0.181921	
47.500	       1.60222	      0.164369	
48.000	       1.60222	      0.164369	
48.500	       1.36366	      0.235131	
49.000	       1.31235	      0.153806	
49.500	       1.31235	      0.153806	
50.000	       3.71095	      0.163287	
50.500	       1.11707	      0.064233	
51.000	       2.18753	      0.160484	
51.500	       2.18753	      0.160484	
52.000	       3.33739	      0.152368	
52.500	       1.74016	      0.150545	
53.000	       1.74016	      0.150545	
53.500	       2.51118	      0.149532	
54.000	       2.09608	       0.14882	
54.500	      0.961158	      0.148261	
55.000	      0.961158	      0.148261	
55.500	       2.46122	      0.147773	
56.000	       1.40362	      0.147256	
56.500	       1.40362	      0.147256	
57.000	       1.27111	      0.146396	
57.500	      0.912456	      0.141746	
58.000	      0.912456	      0.141746	
58.500	       3.87673	      0.203308	
59.000	       9.00094	      0.141433	
59.500	       6.40849	      0.145759	
60.000	       6.40849	      0.145759	
60.500	       6.82252	      0.146266	
61.000	       7.92906	      0.146387	
61.500	       7.92906	      0.146387	
62.000	       4.79588	      0.146411	
62.500	       8.27386	      0.146403	
63.000	       4.96489	      0.146385	
63.500	       4.96489	      0.146385	
64.000	       5.13364	      0.146363	
64.500	       7.26505	      0.146343	
65.000	       7.26505	      0.146343	
65.500	       6.96176	      0.146324	
66.000	       6.31903	      0.146308	
66.500	       4.39031	      0.146294	
67.000	       4.39031	      0.146294	
67.500	       5.25374	      0.146282	
68.000	       3.09928	      0.146273	
68.500	       3.09928	      0.146273	
69.000	        2.0661	      0.146266	
69.500	       4.28995	      0.146261	
70.000	      0.527592	      0.146257	
70.500	      0.527592	      0.146257	
71.000	       3.43409	      0.146255	
71.500	       2.01744	      0.146254	
72.000	       2.01744	      0.146254	
72.500	       2.94619	      0.146255	
73.000	         2.659	      0.146256	
73.500	       1.25007	      0.146258	
74.000	       1.25007	      0.146258	
74.500	       1.65549	      0.146261	
75.000	       1.89998	      0.146264	
75.500	       1.89998	      0.146264	
76.000	      0.401014	      0.146268	
76.500	      0.988778	      0.146273	
77.000	        3.2435	      0.146278	
77.500	        3.2435	      0.146278	
78.000	       2.05953	      0.146283	
78.500	       1.10703	      0.146289	
79.000	       1.10703	      0.146289	
79.500	       1.39721	      0.146295	
80.000	       2.24404	      0.146301	
80.500	       2.24404	      0.146301	
81.000	      0.410425	      0.146308	
81.500	     0.0641879	      0.146314	
82.000	        1.0333	      0.146321	
82.500	        1.0333	      0.146321	
83.000	        1.2787	      0.146328	
83.500	      0.789548	      0.146334	
84.000	      0.789548	      0.146334	
84.500	        3.3872	      0.146341	
85.000	       2.11359	      0.146348	
85.500	       2.41938	      0.146355	
86.000	       2.41938	      0.146355	
86.500	        1.3203	      0.146362	
87.000	       1.60618	      0.146369	
87.500	       1.60618	      0.146369	
88.000	     0.0320541	      0.146376	
88.500	        2.7035	      0.146382	
89.000	       1.75946	      0.146389	
89.500	       1.75946	      0.146389	
90.000	       16.7886	      0.146396	
90.500	       162.436	      0.146402	
91.000	       162.436	      0.146402	
91.500	        16.106	      0.146409	
92.000	        2.5628	      0.146415	
92.500	       1.36877	      0.146422	
93.000	       1.36877	      0.146422	
93.500	      0.570776	      0.146428	
94.000	      0.316374	      0.146434	
94.500	      0.316374	      0.146434	
95.000	      0.174256	       0.14644	
95.500	     0.0886134	      0.146446	
96.000	     0.0331363	      0.146452	
96.500	     0.0331363	      0.146452	
97.000	    0.00482788	      0.146458	
97.500	     0.0319393	      0.146464	
98.000	     0.0319393	      0.146464	
98.500	     0.0519706	      0.146469	
99.000	     0.0671874	      0.146475	
99.500	      0.079017	       0.14648	
100.000	      0.079017	       0.14648	
100.500	     0.0883945	      0.146485	
101.000	     0.0959535	       0.14649	
101.500	     0.0959535	       0.14649	
102.000	      0.102135	      0.146495	
102.500	      0.107256	        0.1465	
103.000	      0.107256	        0.1465	
103.500	      0.111544	      0.146505	
104.000	      0.115171	       0.14651	
104.500	      0.118267	      0.146514	
105.000	      0.118267	      0.146514	
105.500	       0.12093	      0.146519	
106.000	      0.123237	      0.146523	
106.500	      0.123237	      0.146523	
107.000	       0.12525	      0.146527	
107.500	      0.127016	      0.146531	
108.000	      0.128574	      0.146535	
108.500	      0.128574	      0.146535	
109.000	      0.129956	      0.146539	
109.500	      0.131187	      0.146543	
110.000	      0.131187	      0.146543	
110.500	      0.132288	      0.146546	
111.000	      0.133278	       0.14655	
111.500	       0.13417	      0.146553	
112.000	       0.13417	      0.146553	
112.500	      0.134978	      0.146557	
113.000	      0.135711	       0.14656	
113.500	      0.135711	       0.14656	
114.000	      0.136379	      0.146563	
114.500	      0.136989	      0.146566	
115.000	      0.137548	      0.146569	
115.500	      0.137548	      0.146569	
116.000	      0.138061	      0.146571	
116.500	      0.138533	      0.146574	
117.000	      0.138533	      0.146574	
117.500	      0.138968	      0.146576	
118.000	      0.139371	      0.146579	
118.500	      0.139744	      0.146581	
119.000	      0.139744	      0.146581	
119.500	       0.14009	      0.146583	
120.000	      0.140412	      0.146585	
120.500	      0.140412	      0.146585	
121.000	      0.140712	      0.146587	
121.500	      0.140992	      0.146589	
122.000	      0.141253	      0.146591	
122.500	      0.141253	      0.146591	
123.000	      0.141498	      0.146592	
123.500	      0.141728	      0.146594	
124.000	      0.141728	      0.146594	
124.500	      0.141943	      0.146595	
125.000	      0.142146	      0.146597	
125.500	      0.142146	      0.146597	
126.000	      0.142337	      0.146598	
126.500	      0.142517	      0.146599	
127.000	      0.142686	        0.1466	
127.500	      0.142686	        0.1466	
128.000	      0.142847	      0.146601	
128.500	      0.142998	      0.146602	
129.000	      0.142998	      0.146602	
129.500	      0.143142	      0.146602	
130.000	      0.143278	      0.146603	
130.500	      0.143407	      0.146603	
131.000	      0.143407	      0.146603	
131.500	      0.143529	      0.146604	
132.000	      0.143646	      0.146604	
132.500	      0.143646	      0.146604	
133.000	      0.143756	      0.146604	
133.500	      0.143862	      0.146604	
134.000	      0.143962	      0.146604	
134.500	      0.143962	      0.146604	
135.000	      0.144058	      0.146604	
135.500	       0.14415	      0.146603	
136.000	       0.14415	      0.146603	
136.500	      0.144237	      0.146603	
137.000	       0.14432	      0.146602	
137.500	        0.1444	      0.146602	
138.000	        0.1444	      0.146602	
138.500	      0.144477	      0.146601	
139.000	       0.14455	        0.1466	
139.500	       0.14455	        0.1466	
140.000	       0.14462	      0.146599	
140.500	      0.144687	      0.146598	
141.000	      0.144752	      0.146596	
141.500	      0.144752	      0.146596	
142.000	      0.144814	      0.146595	
142.500	      0.144873	      0.146594	
143.000	      0.144873	      0.146594	
143.500	       0.14493	      0.146592	
144.000	      0.144985	       0.14659	
144.500	      0.145038	      0.146589	
145.000	      0.145038	      0.146589	
145.500	      0.145089	      0.146587	
146.000	      0.145138	      0.146584	
146.500	      0.145138	      0.146584	
147.000	      0.145185	      0.146582	
147.500	       0.14523	       0.14658	
148.000	       0.14523	       0.14658	
148.500	      0.145274	      0.146578	
149.000	      0.145317	      0.146575	
149.500	      0.145357	      0.146572	
150.000	      0.145357	      0.146572	
150.500	      0.145397	      0.146569	
151.000	      0.145435	      0.146566	
151.500	      0.145435	      0.146566	
152.000	      0.145472	      0.146563	
152.500	      0.145507	       0.14656	
153.000	      0.145542	      0.146557	
153.500	      0.145542	      0.146557	
154.000	      0.145575	      0.146553	
154.500	      0.145607	       0.14655	
155.000	      0.145607	       0.14655	
155.500	      0.145638	      0.146546	
156.000	      0.145668	      0.146542	
156.500	      0.145697	      0.146538	
157.000	      0.145697	      0.146538	
157.500	      0.145726	      0.146534	
158.000	      0.145753	      0.146529	
158.500	      0.145753	      0.146529	
159.000	      0.145779	      0.146525	
159.500	      0.145805	       0.14652	
160.000	       0.14583	      0.146515	
160.500	       0.14583	      0.146515	
161.000	      0.145854	       0.14651	
161.500	      0.145878	      0.146505	
162.000	      0.145878	      0.146505	
162.500	        0.1459	        0.1465	
163.000	      0.145922	      0.146494	
163.500	      0.145944	      0.146488	
164.000	      0.145944	      0.146488	
164.500	      0.145965	      0.146483	
165.000	      0.145985	      0.146477	
165.500	      0.145985	      0.146477	
166.000	      0.146004	       0.14647	
166.500	      0.146024	      0.146464	
167.000	      0.146042	      0.146457	
167.500	      0.146042	      0.146457	
168.000	       0.14606	       0.14645	
168.500	      0.146078	      0.146443	
169.000	      0.146078	      0.146443	
169.500	      0.146095	      0.146436	
170.000	      0.146111	      0.146429	
170.500	      0.146111	      0.146429	
171.000	      0.146127	      0.146421	
171.500	      0.146143	      0.146413	
172.000	      0.146158	      0.146405	
172.500	      0.146158	      0.146405	
173.000	      0.146173	      0.146397	
173.500	      0.146187	      0.146388	
174.000	      0.146187	      0.146388	
174.500	      0.146201	       0.14638	
175.000	      0.146215	      0.146371	
175.500	      0.146228	      0.146361	
176.000	      0.146228	      0.146361	
176.500	      0.146241	      0.146352	
177.000	      0.146253	      0.146342	
177.500	      0.146253	      0.146342	
178.000	      0.146265	      0.146332	
178.500	      0.146277	      0.146322	
179.000	      0.146289	      0.146311	
179.500	      0.146289	      0.146311	
180.000	        0.1463	        0.1463	
