
TracePro Release: 3 2 0 
Polar Candela Distribution Data for 
Data covers +/- 180.000 degrees from Normal
Data for Missed Rays
Data generated at 09:37:06 June 25, 2025

	   0.0	 180.0
0.000	     0.0485695	     0.0485695	
0.500	   0.000876748	   0.000282076	
1.000	   0.000876748	   0.000282076	
1.500	     0.0367284	    0.00332296	
2.000	      0.515282	     0.0195302	
2.500	      0.289756	      0.536246	
3.000	      0.289756	      0.536246	
3.500	     0.0821523	      0.905339	
4.000	      0.528751	     0.0959288	
4.500	      0.528751	     0.0959288	
5.000	      0.148757	     0.0442844	
5.500	      0.960484	      0.133253	
6.000	      0.548745	       1.49042	
6.500	      0.548745	       1.49042	
7.000	     0.0685373	       1.66937	
7.500	      0.585367	      0.139394	
8.000	      0.585367	      0.139394	
8.500	       2.01788	       1.02032	
9.000	      0.249311	       4.87922	
9.500	       0.57822	       3.59855	
10.000	       0.57822	       3.59855	
10.500	       1.15025	       2.17358	
11.000	       1.26194	       4.87482	
11.500	       1.26194	       4.87482	
12.000	      0.610825	       1.57333	
12.500	      0.908492	      0.594596	
13.000	      0.908492	      0.594596	
13.500	      0.984202	     0.0619643	
14.000	       2.86081	      0.124561	
14.500	        2.5232	       0.16384	
15.000	        2.5232	       0.16384	
15.500	       3.08376	      0.209837	
16.000	       2.18319	      0.266417	
16.500	       2.18319	      0.266417	
17.000	       2.35947	      0.428887	
17.500	       3.12703	      0.449931	
18.000	       4.68762	       1.30732	
18.500	       4.68762	       1.30732	
19.000	       2.06575	       1.02798	
19.500	       3.59038	       2.59183	
20.000	       3.59038	       2.59183	
20.500	       4.20911	       4.46077	
21.000	       2.73609	       25.8586	
21.500	       3.35433	       264.064	
22.000	       3.35433	       264.064	
22.500	       3.65188	        27.256	
23.000	       3.10819	       3.59497	
23.500	       3.10819	       3.59497	
24.000	       3.05632	       3.84139	
24.500	       2.77476	       1.22601	
25.000	       2.65717	       2.90141	
25.500	       2.65717	       2.90141	
26.000	       3.58907	       1.56686	
26.500	       6.05489	       1.85769	
27.000	       6.05489	       1.85769	
27.500	       2.65911	       1.18357	
28.000	       3.29742	        1.6377	
28.500	       3.31859	       1.14758	
29.000	       3.31859	       1.14758	
29.500	       4.91176	       1.30319	
30.000	        4.7971	      0.656672	
30.500	        4.7971	      0.656672	
31.000	       5.79273	      0.700217	
31.500	       5.30787	      0.510972	
32.000	       1.82325	      0.493509	
32.500	       1.82325	      0.493509	
33.000	       5.20481	      0.464467	
33.500	       4.27376	      0.400588	
34.000	       4.27376	      0.400588	
34.500	       4.84999	     0.0107035	
35.000	       6.13579	      0.319747	
35.500	       6.13579	      0.319747	
36.000	       3.71768	     0.0250953	
36.500	       7.98927	      0.291391	
37.000	       7.82589	     0.0287849	
37.500	       7.82589	     0.0287849	
38.000	       3.82666	      0.263955	
38.500	       1.64146	    0.00862263	
39.000	       1.64146	    0.00862263	
39.500	       2.73532	     0.0100507	
40.000	       4.37492	     0.0120116	
40.500	       1.50846	      0.018256	
41.000	       1.50846	      0.018256	
41.500	       2.12256	     0.0810453	
42.000	         4.451	     0.0156438	
42.500	         4.451	     0.0156438	
43.000	       2.09008	    0.00712947	
43.500	       1.31951	    0.00437676	
44.000	       3.37508	    0.00120717	
44.500	       3.37508	    0.00120717	
45.000	       2.58625	     0.0527066	
45.500	       2.75773	    0.00750484	
46.000	       2.75773	    0.00750484	
46.500	       1.20963	     0.0455779	
47.000	       4.93625	    0.00480541	
47.500	       4.78001	    0.00191335	
48.000	       4.78001	    0.00191335	
48.500	       1.58208	    0.00233941	
49.000	      0.533913	    0.00369576	
49.500	      0.533913	    0.00369576	
50.000	        1.0145	     0.0110448	
50.500	      0.730676	     0.0840142	
51.000	       1.77557	       0.01195	
51.500	       1.77557	       0.01195	
52.000	       3.47084	    0.00546496	
52.500	       21.2327	    0.00484088	
53.000	       21.2327	    0.00484088	
53.500	       197.822	    0.00468079	
54.000	       19.8778	    0.00418243	
54.500	       1.89761	   0.000906082	
55.000	       1.89761	   0.000906082	
55.500	       2.87607	     0.0739314	
56.000	     0.0418703	   0.000335832	
56.500	     0.0418703	   0.000335832	
57.000	       1.32852	    0.00530427	
57.500	       2.23844	    0.00629944	
58.000	       2.23844	    0.00629944	
58.500	      0.629624	    0.00679688	
59.000	      0.867481	    0.00714855	
59.500	       1.92664	    0.00743678	
60.000	       1.92664	    0.00743678	
60.500	      0.521178	     0.0076895	
61.000	       2.89266	    0.00791857	
61.500	       2.89266	    0.00791857	
62.000	       4.23608	    0.00812996	
62.500	       2.82916	    0.00832703	
63.000	       1.60752	    0.00851196	
63.500	       1.60752	    0.00851196	
64.000	      0.473604	    0.00868623	
64.500	       2.37146	    0.00885095	
65.000	       2.37146	    0.00885095	
65.500	       2.09786	      0.009007	
66.000	       1.01003	    0.00915509	
66.500	      0.324268	    0.00929584	
67.000	      0.324268	    0.00929584	
67.500	       1.55103	    0.00942978	
68.000	       1.84734	    0.00955737	
68.500	       1.84734	    0.00955737	
69.000	       2.36709	    0.00967904	
69.500	       2.46686	    0.00979515	
70.000	       1.74653	    0.00990605	
70.500	       1.74653	    0.00990605	
71.000	       1.04235	     0.0100121	
71.500	      0.212895	     0.0101135	
72.000	      0.212895	     0.0101135	
72.500	       2.18387	     0.0102105	
73.000	       1.63009	     0.0103035	
73.500	       1.67439	     0.0103926	
74.000	       1.67439	     0.0103926	
74.500	       1.37957	      0.010478	
75.000	      0.373671	       0.01056	
75.500	      0.373671	       0.01056	
76.000	     0.0263832	     0.0106387	
76.500	      0.812729	     0.0107143	
77.000	       1.19557	      0.010787	
77.500	       1.19557	      0.010787	
78.000	      0.710929	     0.0108569	
78.500	      0.521474	     0.0109241	
79.000	      0.521474	     0.0109241	
79.500	       0.30848	     0.0109888	
80.000	       1.15355	     0.0110511	
80.500	       1.15355	     0.0110511	
81.000	      0.273357	     0.0111111	
81.500	       1.60532	      0.011169	
82.000	       1.57624	     0.0112247	
82.500	       1.57624	     0.0112247	
83.000	      0.531524	     0.0112785	
83.500	        1.3459	     0.0113305	
84.000	        1.3459	     0.0113305	
84.500	       1.24711	     0.0113806	
85.000	       1.28576	      0.011429	
85.500	       2.13128	     0.0114758	
86.000	       2.13128	     0.0114758	
86.500	       3.39728	      0.011521	
87.000	       3.64131	     0.0115648	
87.500	       3.64131	     0.0115648	
88.000	       7.18702	     0.0116071	
88.500	       23.3227	      0.011648	
89.000	       7.20424	     0.0116876	
89.500	       7.20424	     0.0116876	
90.000	       1.97887	      0.011726	
90.500	       3.28087	     0.0117631	
91.000	       3.28087	     0.0117631	
91.500	       1.41864	     0.0117992	
92.000	       1.05715	     0.0118341	
92.500	      0.748766	     0.0118679	
93.000	      0.748766	     0.0118679	
93.500	       1.05501	     0.0119008	
94.000	       1.51967	     0.0119326	
94.500	       1.51967	     0.0119326	
95.000	       3.63523	     0.0119635	
95.500	       0.54275	     0.0119936	
96.000	      0.183432	     0.0120227	
96.500	      0.183432	     0.0120227	
97.000	      0.381787	     0.0120511	
97.500	      0.240344	     0.0120786	
98.000	      0.240344	     0.0120786	
98.500	     0.0549084	     0.0121053	
99.000	      0.114825	     0.0121314	
99.500	     0.0358518	     0.0121567	
100.000	     0.0358518	     0.0121567	
100.500	     0.0186924	     0.0121813	
101.000	     0.0164733	     0.0122053	
101.500	     0.0164733	     0.0122053	
102.000	     0.0164095	     0.0122286	
102.500	     0.0164042	     0.0122513	
103.000	     0.0164042	     0.0122513	
103.500	      0.016373	     0.0122734	
104.000	     0.0163175	      0.012295	
104.500	     0.0162459	      0.012316	
105.000	     0.0162459	      0.012316	
105.500	     0.0161647	     0.0123365	
106.000	     0.0160786	     0.0123564	
106.500	     0.0160786	     0.0123564	
107.000	     0.0159903	     0.0123759	
107.500	      0.015902	     0.0123949	
108.000	     0.0158149	     0.0124135	
108.500	     0.0158149	     0.0124135	
109.000	     0.0157297	     0.0124316	
109.500	     0.0156469	     0.0124492	
110.000	     0.0156469	     0.0124492	
110.500	      0.015567	     0.0124665	
111.000	     0.0154899	     0.0124833	
111.500	     0.0154157	     0.0124998	
112.000	     0.0154157	     0.0124998	
112.500	     0.0153444	     0.0125159	
113.000	      0.015276	     0.0125316	
113.500	      0.015276	     0.0125316	
114.000	     0.0152104	      0.012547	
114.500	     0.0151475	     0.0125621	
115.000	     0.0150871	     0.0125768	
115.500	     0.0150871	     0.0125768	
116.000	     0.0150292	     0.0125912	
116.500	     0.0149737	     0.0126053	
117.000	     0.0149737	     0.0126053	
117.500	     0.0149204	     0.0126191	
118.000	     0.0148692	     0.0126326	
118.500	       0.01482	     0.0126459	
119.000	       0.01482	     0.0126459	
119.500	     0.0147728	     0.0126589	
120.000	     0.0147274	     0.0126716	
120.500	     0.0147274	     0.0126716	
121.000	     0.0146837	      0.012684	
121.500	     0.0146416	     0.0126963	
122.000	     0.0146011	     0.0127083	
122.500	     0.0146011	     0.0127083	
123.000	     0.0145622	       0.01272	
123.500	     0.0145246	     0.0127316	
124.000	     0.0145246	     0.0127316	
124.500	     0.0144883	     0.0127429	
125.000	     0.0144534	      0.012754	
125.500	     0.0144534	      0.012754	
126.000	     0.0144197	     0.0127649	
126.500	     0.0143871	     0.0127757	
127.000	     0.0143556	     0.0127862	
127.500	     0.0143556	     0.0127862	
128.000	     0.0143252	     0.0127966	
128.500	     0.0142958	     0.0128068	
129.000	     0.0142958	     0.0128068	
129.500	     0.0142673	     0.0128168	
130.000	     0.0142397	     0.0128266	
130.500	     0.0142131	     0.0128363	
131.000	     0.0142131	     0.0128363	
131.500	     0.0141872	     0.0128459	
132.000	     0.0141622	     0.0128552	
132.500	     0.0141622	     0.0128552	
133.000	     0.0141379	     0.0128645	
133.500	     0.0141144	     0.0128736	
134.000	     0.0140915	     0.0128826	
134.500	     0.0140915	     0.0128826	
135.000	     0.0140693	     0.0128914	
135.500	     0.0140478	     0.0129001	
136.000	     0.0140478	     0.0129001	
136.500	     0.0140269	     0.0129087	
137.000	     0.0140065	     0.0129172	
137.500	     0.0139868	     0.0129255	
138.000	     0.0139868	     0.0129255	
138.500	     0.0139675	     0.0129338	
139.000	     0.0139488	     0.0129419	
139.500	     0.0139488	     0.0129419	
140.000	     0.0139306	       0.01295	
140.500	     0.0139129	     0.0129579	
141.000	     0.0138956	     0.0129658	
141.500	     0.0138956	     0.0129658	
142.000	     0.0138788	     0.0129735	
142.500	     0.0138624	     0.0129812	
143.000	     0.0138624	     0.0129812	
143.500	     0.0138464	     0.0129888	
144.000	     0.0138308	     0.0129962	
144.500	     0.0138156	     0.0130037	
145.000	     0.0138156	     0.0130037	
145.500	     0.0138007	      0.013011	
146.000	     0.0137862	     0.0130183	
146.500	     0.0137862	     0.0130183	
147.000	     0.0137721	     0.0130255	
147.500	     0.0137582	     0.0130326	
148.000	     0.0137582	     0.0130326	
148.500	     0.0137447	     0.0130397	
149.000	     0.0137315	     0.0130467	
149.500	     0.0137186	     0.0130536	
150.000	     0.0137186	     0.0130536	
150.500	     0.0137059	     0.0130605	
151.000	     0.0136935	     0.0130674	
151.500	     0.0136935	     0.0130674	
152.000	     0.0136814	     0.0130741	
152.500	     0.0136696	     0.0130809	
153.000	     0.0136579	     0.0130876	
153.500	     0.0136579	     0.0130876	
154.000	     0.0136466	     0.0130942	
154.500	     0.0136354	     0.0131008	
155.000	     0.0136354	     0.0131008	
155.500	     0.0136244	     0.0131074	
156.000	     0.0136137	      0.013114	
156.500	     0.0136032	     0.0131205	
157.000	     0.0136032	     0.0131205	
157.500	     0.0135928	     0.0131269	
158.000	     0.0135827	     0.0131334	
158.500	     0.0135827	     0.0131334	
159.000	     0.0135727	     0.0131398	
159.500	     0.0135629	     0.0131462	
160.000	     0.0135533	     0.0131526	
160.500	     0.0135533	     0.0131526	
161.000	     0.0135438	      0.013159	
161.500	     0.0135345	     0.0131653	
162.000	     0.0135345	     0.0131653	
162.500	     0.0135253	     0.0131716	
163.000	     0.0135163	     0.0131779	
163.500	     0.0135075	     0.0131842	
164.000	     0.0135075	     0.0131842	
164.500	     0.0134987	     0.0131905	
165.000	     0.0134901	     0.0131968	
165.500	     0.0134901	     0.0131968	
166.000	     0.0134816	     0.0132031	
166.500	     0.0134733	     0.0132094	
167.000	      0.013465	     0.0132157	
167.500	      0.013465	     0.0132157	
168.000	     0.0134569	      0.013222	
168.500	     0.0134489	     0.0132283	
169.000	     0.0134489	     0.0132283	
169.500	      0.013441	     0.0132346	
170.000	     0.0134332	      0.013241	
170.500	     0.0134332	      0.013241	
171.000	     0.0134254	     0.0132473	
171.500	     0.0134178	     0.0132537	
172.000	     0.0134103	       0.01326	
172.500	     0.0134103	       0.01326	
173.000	     0.0134028	     0.0132664	
173.500	     0.0133954	     0.0132729	
174.000	     0.0133954	     0.0132729	
174.500	     0.0133881	     0.0132793	
175.000	     0.0133809	     0.0132858	
175.500	     0.0133737	     0.0132923	
176.000	     0.0133737	     0.0132923	
176.500	     0.0133666	     0.0132988	
177.000	     0.0133596	     0.0133054	
177.500	     0.0133596	     0.0133054	
178.000	     0.0133527	      0.013312	
178.500	     0.0133458	     0.0133187	
179.000	     0.0133389	     0.0133254	
179.500	     0.0133389	     0.0133254	
180.000	     0.0133321	     0.0133321	
