
TracePro Release: 3 2 0 
Polar Candela Distribution Data for 
Data covers +/- 180.000 degrees from Normal
Data for Missed Rays
Data generated at 09:37:09 June 25, 2025

	   0.0	 180.0
0.000	      0.116103	      0.116103	
0.500	      0.745245	      0.909734	
1.000	      0.745245	      0.909734	
1.500	      0.268567	      0.417306	
2.000	      0.119281	       0.80767	
2.500	      0.465406	       1.32505	
3.000	      0.465406	       1.32505	
3.500	      0.104202	       0.66186	
4.000	     0.0617011	     0.0926471	
4.500	     0.0617011	     0.0926471	
5.000	     0.0561702	      0.448006	
5.500	      0.112283	       5.30385	
6.000	      0.880567	       7.95768	
6.500	      0.880567	       7.95768	
7.000	      0.510343	       7.29783	
7.500	      0.664948	       1.92452	
8.000	      0.664948	       1.92452	
8.500	      0.568256	       1.25643	
9.000	       1.45912	       1.09144	
9.500	      0.967645	      0.503651	
10.000	      0.967645	      0.503651	
10.500	      0.960445	      0.823377	
11.000	       2.21738	      0.313438	
11.500	       2.21738	      0.313438	
12.000	       2.82312	      0.098621	
12.500	       1.93643	      0.213373	
13.000	       1.93643	      0.213373	
13.500	       3.48107	      0.428607	
14.000	       3.43546	      0.820027	
14.500	       4.06736	       1.30604	
15.000	       4.06736	       1.30604	
15.500	       3.11358	     0.0707488	
16.000	       2.55987	      0.229722	
16.500	       2.55987	      0.229722	
17.000	       3.91439	    0.00052455	
17.500	       4.21381	       0.30825	
18.000	       4.55351	      0.015791	
18.500	       4.55351	      0.015791	
19.000	       1.72982	     0.0305777	
19.500	       1.20662	   0.000637197	
20.000	       1.20662	   0.000637197	
20.500	       1.16271	      0.379152	
21.000	       2.17035	      0.730222	
21.500	       1.43584	       3.78418	
22.000	       1.43584	       3.78418	
22.500	      0.489402	       5.53883	
23.000	         1.372	       9.14751	
23.500	         1.372	       9.14751	
24.000	      0.903682	       6.29546	
24.500	        1.1223	       6.35617	
25.000	       1.47873	        2.0742	
25.500	       1.47873	        2.0742	
26.000	       1.52732	        2.1124	
26.500	      0.559909	       2.73668	
27.000	      0.559909	       2.73668	
27.500	       0.88811	       2.12751	
28.000	       7.41734	        1.1937	
28.500	       47.5978	       1.25657	
29.000	       47.5978	       1.25657	
29.500	       37.2148	      0.435374	
30.000	       3.83425	      0.126085	
30.500	       3.83425	      0.126085	
31.000	       0.89541	     0.0507522	
31.500	       1.33381	     0.0618602	
32.000	      0.594786	     0.0551059	
32.500	      0.594786	     0.0551059	
33.000	      0.973502	      0.059144	
33.500	       1.60227	     0.0557436	
34.000	       1.60227	     0.0557436	
34.500	       1.50781	      0.298812	
35.000	      0.988034	     0.0341119	
35.500	      0.988034	     0.0341119	
36.000	       1.08534	     0.0515113	
36.500	      0.878708	     0.0492409	
37.000	       1.22816	        0.1438	
37.500	       1.22816	        0.1438	
38.000	      0.551166	      0.106217	
38.500	      0.738047	      0.145302	
39.000	      0.738047	      0.145302	
39.500	      0.123694	     0.0344409	
40.000	       1.40321	      0.244967	
40.500	      0.621946	     0.0311417	
41.000	      0.621946	     0.0311417	
41.500	      0.418608	      0.114742	
42.000	      0.976003	     0.0405255	
42.500	      0.976003	     0.0405255	
43.000	      0.544929	      0.177168	
43.500	       1.18051	     0.0479939	
44.000	       1.02341	     0.0709184	
44.500	       1.02341	     0.0709184	
45.000	       1.17583	      0.109631	
45.500	       1.62685	     0.0732508	
46.000	       1.62685	     0.0732508	
46.500	       1.67344	     0.0610392	
47.000	       1.13701	     0.0635184	
47.500	      0.561689	    0.00872697	
48.000	      0.561689	    0.00872697	
48.500	       1.16924	     0.0665088	
49.000	       1.06781	    0.00588147	
49.500	       1.06781	    0.00588147	
50.000	      0.768997	      0.167468	
50.500	       1.84752	     0.0997722	
51.000	       1.08686	      0.122652	
51.500	       1.08686	      0.122652	
52.000	      0.559959	     0.0384488	
52.500	      0.607597	     0.0667604	
53.000	      0.607597	     0.0667604	
53.500	       1.64131	     0.0593417	
54.000	       1.62104	     0.0582443	
54.500	       1.29714	     0.0577424	
55.000	       1.29714	     0.0577424	
55.500	       1.45157	     0.0570824	
56.000	       2.08993	     0.0525003	
56.500	       2.08993	     0.0525003	
57.000	      0.368967	      0.127101	
57.500	       1.45514	    0.00104634	
58.000	       1.45514	    0.00104634	
58.500	      0.997814	     0.0617311	
59.000	     0.0503387	     0.0583626	
59.500	       1.03317	     0.0582424	
60.000	       1.03317	     0.0582424	
60.500	       2.81202	     0.0587993	
61.000	       3.83757	     0.0634338	
61.500	       3.83757	     0.0634338	
62.000	       1.18028	    0.00115436	
62.500	       1.45672	     0.0634855	
63.000	       1.88102	     0.0589157	
63.500	       1.88102	     0.0589157	
64.000	       2.68873	     0.0584598	
64.500	       1.30078	     0.0587771	
65.000	       1.30078	     0.0587771	
65.500	       4.31538	     0.0625593	
66.000	       3.90666	    0.00864059	
66.500	       3.21409	     0.0624812	
67.000	       3.21409	     0.0624812	
67.500	       1.38403	     0.0585871	
68.000	       2.63675	     0.0580479	
68.500	       2.63675	     0.0580479	
69.000	        4.9119	     0.0578636	
69.500	       2.25341	     0.0577786	
70.000	       1.67082	     0.0577326	
70.500	       1.67082	     0.0577326	
71.000	       1.86587	     0.0577052	
71.500	       7.18458	     0.0576879	
72.000	       7.18458	     0.0576879	
72.500	       5.01677	     0.0576766	
73.000	       3.22724	     0.0576691	
73.500	       3.89063	      0.057664	
74.000	       3.89063	      0.057664	
74.500	       4.91343	     0.0576606	
75.000	       5.55466	     0.0576584	
75.500	       5.55466	     0.0576584	
76.000	       3.44473	     0.0576571	
76.500	       4.25687	     0.0576564	
77.000	       5.16139	     0.0576562	
77.500	       5.16139	     0.0576562	
78.000	       5.96276	     0.0576563	
78.500	       8.04578	     0.0576567	
79.000	       8.04578	     0.0576567	
79.500	       7.89078	     0.0576573	
80.000	       6.73576	      0.057658	
80.500	       6.73576	      0.057658	
81.000	       8.42153	     0.0576588	
81.500	       7.19437	     0.0576598	
82.000	       11.7438	     0.0576607	
82.500	       11.7438	     0.0576607	
83.000	        10.387	     0.0576617	
83.500	       11.7507	     0.0576628	
84.000	       11.7507	     0.0576628	
84.500	       14.2052	     0.0576638	
85.000	       11.9226	     0.0576648	
85.500	       8.63842	     0.0576659	
86.000	       8.63842	     0.0576659	
86.500	       11.4082	     0.0576669	
87.000	       13.0755	     0.0576679	
87.500	       13.0755	     0.0576679	
88.000	       16.4348	     0.0576688	
88.500	       13.9099	     0.0576698	
89.000	       11.7664	     0.0576707	
89.500	       11.7664	     0.0576707	
90.000	       8.62887	     0.0576716	
90.500	       1.86024	     0.0576724	
91.000	       1.86024	     0.0576724	
91.500	        16.945	     0.0576732	
92.000	       146.592	      0.057674	
92.500	       16.4937	     0.0576747	
93.000	       16.4937	     0.0576747	
93.500	       13.5472	     0.0576754	
94.000	       3.79221	      0.057676	
94.500	       3.79221	      0.057676	
95.000	      0.309716	     0.0576766	
95.500	      0.415221	     0.0576772	
96.000	       3.52257	     0.0576777	
96.500	       3.52257	     0.0576777	
97.000	       36.1059	     0.0576782	
97.500	        3.3734	     0.0576786	
98.000	        3.3734	     0.0576786	
98.500	      0.582488	      0.057679	
99.000	      0.226457	     0.0576793	
99.500	      0.118769	     0.0576796	
100.000	      0.118769	     0.0576796	
100.500	     0.0762271	     0.0576799	
101.000	     0.0571635	     0.0576801	
101.500	     0.0571635	     0.0576801	
102.000	     0.0481386	     0.0576803	
102.500	     0.0438769	     0.0576804	
103.000	     0.0438769	     0.0576804	
103.500	     0.0420292	     0.0576805	
104.000	     0.0414542	     0.0576806	
104.500	     0.0415617	     0.0576806	
105.000	     0.0415617	     0.0576806	
105.500	     0.0420328	     0.0576805	
106.000	     0.0426893	     0.0576805	
106.500	     0.0426893	     0.0576805	
107.000	     0.0434298	     0.0576803	
107.500	     0.0441961	     0.0576802	
108.000	     0.0449549	       0.05768	
108.500	     0.0449549	       0.05768	
109.000	     0.0456878	     0.0576797	
109.500	     0.0463849	     0.0576794	
110.000	     0.0463849	     0.0576794	
110.500	     0.0470417	     0.0576791	
111.000	     0.0476568	     0.0576787	
111.500	     0.0482308	     0.0576783	
112.000	     0.0482308	     0.0576783	
112.500	     0.0487652	     0.0576778	
113.000	     0.0492621	     0.0576773	
113.500	     0.0492621	     0.0576773	
114.000	      0.049724	     0.0576768	
114.500	     0.0501532	     0.0576762	
115.000	     0.0505523	     0.0576756	
115.500	     0.0505523	     0.0576756	
116.000	     0.0509236	     0.0576749	
116.500	     0.0512692	     0.0576742	
117.000	     0.0512692	     0.0576742	
117.500	     0.0515913	     0.0576734	
118.000	     0.0518917	     0.0576726	
118.500	     0.0521723	     0.0576717	
119.000	     0.0521723	     0.0576717	
119.500	     0.0524345	     0.0576708	
120.000	     0.0526799	     0.0576699	
120.500	     0.0526799	     0.0576699	
121.000	     0.0529098	     0.0576689	
121.500	     0.0531253	     0.0576679	
122.000	     0.0533278	     0.0576668	
122.500	     0.0533278	     0.0576668	
123.000	      0.053518	     0.0576657	
123.500	      0.053697	     0.0576645	
124.000	      0.053697	     0.0576645	
124.500	     0.0538656	     0.0576633	
125.000	     0.0540246	     0.0576621	
125.500	     0.0540246	     0.0576621	
126.000	     0.0541746	     0.0576608	
126.500	     0.0543163	     0.0576594	
127.000	     0.0544503	      0.057658	
127.500	     0.0544503	      0.057658	
128.000	     0.0545772	     0.0576566	
128.500	     0.0546973	     0.0576551	
129.000	     0.0546973	     0.0576551	
129.500	     0.0548113	     0.0576535	
130.000	     0.0549194	      0.057652	
130.500	     0.0550221	     0.0576503	
131.000	     0.0550221	     0.0576503	
131.500	     0.0551197	     0.0576486	
132.000	     0.0552126	     0.0576469	
132.500	     0.0552126	     0.0576469	
133.000	      0.055301	     0.0576451	
133.500	     0.0553852	     0.0576432	
134.000	     0.0554655	     0.0576413	
134.500	     0.0554655	     0.0576413	
135.000	     0.0555421	     0.0576394	
135.500	     0.0556153	     0.0576373	
136.000	     0.0556153	     0.0576373	
136.500	     0.0556852	     0.0576353	
137.000	      0.055752	     0.0576332	
137.500	     0.0558159	      0.057631	
138.000	     0.0558159	      0.057631	
138.500	     0.0558771	     0.0576287	
139.000	     0.0559357	     0.0576264	
139.500	     0.0559357	     0.0576264	
140.000	     0.0559918	     0.0576241	
140.500	     0.0560457	     0.0576217	
141.000	     0.0560973	     0.0576192	
141.500	     0.0560973	     0.0576192	
142.000	     0.0561469	     0.0576166	
142.500	     0.0561945	      0.057614	
143.000	     0.0561945	      0.057614	
143.500	     0.0562403	     0.0576114	
144.000	     0.0562843	     0.0576086	
144.500	     0.0563266	     0.0576058	
145.000	     0.0563266	     0.0576058	
145.500	     0.0563673	     0.0576029	
146.000	     0.0564065	        0.0576	
146.500	     0.0564065	        0.0576	
147.000	     0.0564443	      0.057597	
147.500	     0.0564807	     0.0575939	
148.000	     0.0564807	     0.0575939	
148.500	     0.0565158	     0.0575907	
149.000	     0.0565496	     0.0575875	
149.500	     0.0565822	     0.0575842	
150.000	     0.0565822	     0.0575842	
150.500	     0.0566137	     0.0575808	
151.000	     0.0566441	     0.0575773	
151.500	     0.0566441	     0.0575773	
152.000	     0.0566735	     0.0575738	
152.500	     0.0567019	     0.0575702	
153.000	     0.0567294	     0.0575664	
153.500	     0.0567294	     0.0575664	
154.000	     0.0567559	     0.0575626	
154.500	     0.0567816	     0.0575588	
155.000	     0.0567816	     0.0575588	
155.500	     0.0568064	     0.0575548	
156.000	     0.0568305	     0.0575507	
156.500	     0.0568537	     0.0575465	
157.000	     0.0568537	     0.0575465	
157.500	     0.0568763	     0.0575423	
158.000	     0.0568981	     0.0575379	
158.500	     0.0568981	     0.0575379	
159.000	     0.0569193	     0.0575335	
159.500	     0.0569398	     0.0575289	
160.000	     0.0569597	     0.0575242	
160.500	     0.0569597	     0.0575242	
161.000	      0.056979	     0.0575195	
161.500	     0.0569978	     0.0575146	
162.000	     0.0569978	     0.0575146	
162.500	      0.057016	     0.0575096	
163.000	     0.0570336	     0.0575045	
163.500	     0.0570507	     0.0574993	
164.000	     0.0570507	     0.0574993	
164.500	     0.0570674	     0.0574939	
165.000	     0.0570836	     0.0574884	
165.500	     0.0570836	     0.0574884	
166.000	     0.0570993	     0.0574828	
166.500	     0.0571145	     0.0574771	
167.000	     0.0571294	     0.0574713	
167.500	     0.0571294	     0.0574713	
168.000	     0.0571438	     0.0574653	
168.500	     0.0571579	     0.0574591	
169.000	     0.0571579	     0.0574591	
169.500	     0.0571715	     0.0574528	
170.000	     0.0571848	     0.0574464	
170.500	     0.0571848	     0.0574464	
171.000	     0.0571977	     0.0574398	
171.500	     0.0572103	     0.0574331	
172.000	     0.0572226	     0.0574262	
172.500	     0.0572226	     0.0574262	
173.000	     0.0572345	     0.0574191	
173.500	     0.0572461	     0.0574119	
174.000	     0.0572461	     0.0574119	
174.500	     0.0572574	     0.0574045	
175.000	     0.0572685	     0.0573969	
175.500	     0.0572792	     0.0573891	
176.000	     0.0572792	     0.0573891	
176.500	     0.0572897	     0.0573811	
177.000	     0.0572999	      0.057373	
177.500	     0.0572999	      0.057373	
178.000	     0.0573099	     0.0573646	
178.500	     0.0573196	      0.057356	
179.000	      0.057329	     0.0573473	
179.500	      0.057329	     0.0573473	
180.000	     0.0573383	     0.0573383	
