
TracePro Release: 3 2 0 
Polar Candela Distribution Data for 
Data covers +/- 180.000 degrees from Normal
Data for Missed Rays
Data generated at 09:45:34 June 30, 2025

	   0.0	 180.0
0.000	     0.0819509	     0.0819509	
0.500	      0.082067	     0.0818402	
1.000	      0.082067	     0.0818402	
1.500	     0.0821889	     0.0817346	
2.000	     0.0823169	     0.0816337	
2.500	     0.0824513	     0.0815374	
3.000	     0.0824513	     0.0815374	
3.500	     0.0825928	     0.0814454	
4.000	     0.0827415	     0.0813573	
4.500	     0.0827415	     0.0813573	
5.000	     0.0828982	     0.0812731	
5.500	     0.0830634	     0.0811925	
6.000	     0.0832375	     0.0811152	
6.500	     0.0832375	     0.0811152	
7.000	     0.0834214	     0.0810412	
7.500	     0.0836156	     0.0809702	
8.000	     0.0836156	     0.0809702	
8.500	     0.0838209	     0.0809022	
9.000	     0.0840382	     0.0808368	
9.500	     0.0842683	     0.0807741	
10.000	     0.0842683	     0.0807741	
10.500	     0.0845123	     0.0807139	
11.000	     0.0847712	      0.080656	
11.500	     0.0847712	      0.080656	
12.000	     0.0850462	     0.0806003	
12.500	     0.0853387	     0.0805468	
13.000	     0.0853387	     0.0805468	
13.500	     0.0856501	     0.0804952	
14.000	      0.085982	     0.0804456	
14.500	     0.0863362	     0.0803979	
15.000	     0.0863362	     0.0803979	
15.500	     0.0867145	     0.0803518	
16.000	     0.0871193	     0.0803075	
16.500	     0.0871193	     0.0803075	
17.000	     0.0875529	     0.0802647	
17.500	      0.088018	     0.0802234	
18.000	     0.0885176	     0.0801836	
18.500	     0.0885176	     0.0801836	
19.000	     0.0890552	     0.0801452	
19.500	     0.0896346	     0.0801081	
20.000	     0.0896346	     0.0801081	
20.500	       0.09026	     0.0800722	
21.000	     0.0909363	     0.0800376	
21.500	      0.091669	     0.0800041	
22.000	      0.091669	     0.0800041	
22.500	     0.0924644	     0.0799717	
23.000	     0.0933297	     0.0799404	
23.500	     0.0933297	     0.0799404	
24.000	      0.094273	       0.07991	
24.500	     0.0953037	     0.0798807	
25.000	     0.0964328	     0.0798522	
25.500	     0.0964328	     0.0798522	
26.000	     0.0976729	     0.0798247	
26.500	     0.0990385	      0.079798	
27.000	     0.0990385	      0.079798	
27.500	      0.100547	     0.0797721	
28.000	      0.102219	      0.079747	
28.500	      0.104077	     0.0797226	
29.000	      0.104077	     0.0797226	
29.500	      0.106151	      0.079699	
30.000	      0.108473	     0.0796761	
30.500	      0.108473	     0.0796761	
31.000	      0.111086	     0.0796538	
31.500	      0.114039	     0.0796322	
32.000	      0.117393	     0.0796111	
32.500	      0.117393	     0.0796111	
33.000	      0.121221	     0.0795907	
33.500	      0.125618	     0.0795708	
34.000	      0.125618	     0.0795708	
34.500	      0.130699	     0.0795515	
35.000	      0.136615	     0.0795327	
35.500	      0.136615	     0.0795327	
36.000	      0.143554	     0.0795144	
36.500	      0.151767	     0.0794966	
37.000	      0.161583	     0.0794793	
37.500	      0.161583	     0.0794793	
38.000	      0.173443	     0.0794623	
38.500	      0.187954	     0.0794459	
39.000	      0.187954	     0.0794459	
39.500	      0.205965	     0.0794298	
40.000	      0.228693	     0.0794142	
40.500	      0.257936	     0.0793989	
41.000	      0.257936	     0.0793989	
41.500	      0.296436	      0.079384	
42.000	      0.348546	     0.0793694	
42.500	      0.348546	     0.0793694	
43.000	      0.421519	     0.0793552	
43.500	      0.528179	     0.0793413	
44.000	       0.69298	     0.0793278	
44.500	       0.69298	     0.0793278	
45.000	      0.967475	     0.0793145	
45.500	       1.47654	     0.0793016	
46.000	       1.47654	     0.0793016	
46.500	        2.5931	     0.0792889	
47.000	       5.91699	     0.0792765	
47.500	       30.2961	     0.0792644	
48.000	       30.2961	     0.0792644	
48.500	       308.449	     0.0792525	
49.000	       30.2958	     0.0792409	
49.500	       30.2958	     0.0792409	
50.000	       5.91639	     0.0792295	
50.500	       2.59221	     0.0792183	
51.000	       1.47535	     0.0792073	
51.500	       1.47535	     0.0792073	
52.000	      0.965983	     0.0791966	
52.500	      0.691184	      0.079186	
53.000	      0.691184	      0.079186	
53.500	      0.526074	     0.0791757	
54.000	      0.419102	     0.0791655	
54.500	      0.345811	     0.0791556	
55.000	      0.345811	     0.0791556	
55.500	      0.293378	     0.0791458	
56.000	       0.25455	     0.0791361	
56.500	       0.25455	     0.0791361	
57.000	      0.224971	     0.0791267	
57.500	      0.201899	     0.0791174	
58.000	      0.201899	     0.0791174	
58.500	      0.183535	     0.0791082	
59.000	      0.168663	     0.0790992	
59.500	      0.156431	     0.0790903	
60.000	      0.156431	     0.0790903	
60.500	      0.146233	     0.0790815	
61.000	      0.137624	     0.0790729	
61.500	      0.137624	     0.0790729	
62.000	      0.130276	     0.0790644	
62.500	      0.123937	     0.0790561	
63.000	      0.118416	     0.0790478	
63.500	      0.118416	     0.0790478	
64.000	      0.113563	     0.0790396	
64.500	      0.109259	     0.0790316	
65.000	      0.109259	     0.0790316	
65.500	      0.105411	     0.0790236	
66.000	       0.10194	     0.0790158	
66.500	     0.0987858	      0.079008	
67.000	     0.0987858	      0.079008	
67.500	     0.0958952	     0.0790003	
68.000	     0.0932256	     0.0789927	
68.500	     0.0932256	     0.0789927	
69.000	     0.0907404	     0.0789852	
69.500	     0.0884085	     0.0789778	
70.000	     0.0862031	     0.0789704	
70.500	     0.0862031	     0.0789704	
71.000	     0.0841005	     0.0789631	
71.500	     0.0820799	     0.0789559	
72.000	     0.0820799	     0.0789559	
72.500	     0.0801225	     0.0789487	
73.000	     0.0782111	     0.0789416	
73.500	     0.0763298	     0.0789345	
74.000	     0.0763298	     0.0789345	
74.500	     0.0744634	     0.0789275	
75.000	     0.0725974	     0.0789206	
75.500	     0.0725974	     0.0789206	
76.000	     0.0707173	     0.0789137	
76.500	     0.0688089	     0.0789068	
77.000	     0.0668573	        0.0789	
77.500	     0.0668573	        0.0789	
78.000	     0.0648472	     0.0788932	
78.500	     0.0627624	     0.0788864	
79.000	     0.0627624	     0.0788864	
79.500	     0.0605855	     0.0788797	
80.000	     0.0582974	      0.078873	
80.500	     0.0582974	      0.078873	
81.000	     0.0558769	     0.0788663	
81.500	     0.0533004	     0.0788597	
82.000	     0.0505411	     0.0788531	
82.500	     0.0505411	     0.0788531	
83.000	     0.0475683	     0.0788465	
83.500	     0.0443466	     0.0788399	
84.000	     0.0443466	     0.0788399	
84.500	     0.0408346	     0.0788333	
85.000	     0.0369835	     0.0788268	
85.500	     0.0327358	     0.0788202	
86.000	     0.0327358	     0.0788202	
86.500	     0.0280224	     0.0788137	
87.000	     0.0227598	     0.0788071	
87.500	     0.0227598	     0.0788071	
88.000	     0.0168466	     0.0788006	
88.500	     0.0101581	      0.078794	
89.000	    0.00253948	     0.0787875	
89.500	    0.00253948	     0.0787875	
90.000	    0.00620355	     0.0787809	
90.500	     0.0163173	     0.0787744	
91.000	     0.0163173	     0.0787744	
91.500	     0.0281182	     0.0787678	
92.000	     0.0420184	     0.0787612	
92.500	     0.0585626	     0.0787546	
93.000	     0.0585626	     0.0787546	
93.500	     0.0784827	      0.078748	
94.000	      0.102782	     0.0787414	
94.500	      0.102782	     0.0787414	
95.000	      0.132864	     0.0787348	
95.500	      0.170742	     0.0787281	
96.000	      0.219387	     0.0787214	
96.500	      0.219387	     0.0787214	
97.000	      0.283334	     0.0787147	
97.500	      0.369779	     0.0787079	
98.000	      0.369779	     0.0787079	
98.500	      0.490711	     0.0787011	
99.000	      0.667329	     0.0786943	
99.500	      0.940059	     0.0786874	
100.000	      0.940059	     0.0786874	
100.500	       1.39412	     0.0786805	
101.000	       2.23593	     0.0786736	
101.500	       2.23593	     0.0786736	
102.000	       4.08195	     0.0786666	
102.500	       9.57674	     0.0786596	
103.000	       9.57674	     0.0786596	
103.500	       49.8764	     0.0786525	
104.000	       510.078	     0.0786454	
104.500	       49.8766	     0.0786382	
105.000	       49.8766	     0.0786382	
105.500	        9.5771	      0.078631	
106.000	       4.08249	     0.0786237	
106.500	       4.08249	     0.0786237	
107.000	       2.23665	     0.0786163	
107.500	       1.39502	     0.0786089	
108.000	      0.941146	     0.0786014	
108.500	      0.941146	     0.0786014	
109.000	      0.668603	     0.0785939	
109.500	      0.492174	     0.0785863	
110.000	      0.492174	     0.0785863	
110.500	      0.371433	     0.0785786	
111.000	      0.285184	     0.0785708	
111.500	      0.221436	      0.078563	
112.000	      0.221436	      0.078563	
112.500	      0.172994	     0.0785551	
113.000	      0.135324	     0.0785471	
113.500	      0.135324	     0.0785471	
114.000	      0.105455	      0.078539	
114.500	     0.0813744	     0.0785308	
115.000	     0.0616791	     0.0785225	
115.500	     0.0616791	     0.0785225	
116.000	     0.0453667	     0.0785142	
116.500	     0.0317057	     0.0785057	
117.000	     0.0317057	     0.0785057	
117.500	      0.020152	     0.0784972	
118.000	     0.0102944	     0.0784885	
118.500	    0.00181707	     0.0784797	
119.000	    0.00181707	     0.0784797	
119.500	    0.00552547	     0.0784708	
120.000	     0.0119265	     0.0784619	
120.500	     0.0119265	     0.0784619	
121.000	     0.0175399	     0.0784527	
121.500	     0.0224894	     0.0784435	
122.000	     0.0268752	     0.0784342	
122.500	     0.0268752	     0.0784342	
123.000	     0.0307796	     0.0784247	
123.500	     0.0342701	     0.0784151	
124.000	     0.0342701	     0.0784151	
124.500	     0.0374029	     0.0784054	
125.000	     0.0402252	     0.0783955	
125.500	     0.0402252	     0.0783955	
126.000	     0.0427763	     0.0783855	
126.500	     0.0450898	     0.0783753	
127.000	     0.0471941	      0.078365	
127.500	     0.0471941	      0.078365	
128.000	     0.0491135	     0.0783545	
128.500	     0.0508689	     0.0783439	
129.000	     0.0508689	     0.0783439	
129.500	     0.0524783	     0.0783331	
130.000	     0.0539575	     0.0783222	
130.500	     0.0553199	      0.078311	
131.000	     0.0553199	      0.078311	
131.500	     0.0565774	     0.0782998	
132.000	     0.0577405	     0.0782883	
132.500	     0.0577405	     0.0782883	
133.000	     0.0588182	     0.0782766	
133.500	     0.0598187	     0.0782648	
134.000	     0.0607492	     0.0782527	
134.500	     0.0607492	     0.0782527	
135.000	     0.0616158	     0.0782405	
135.500	     0.0624243	      0.078228	
136.000	     0.0624243	      0.078228	
136.500	     0.0631797	     0.0782153	
137.000	     0.0638865	     0.0782025	
137.500	     0.0645488	     0.0781894	
138.000	     0.0645488	     0.0781894	
138.500	     0.0651701	      0.078176	
139.000	     0.0657538	     0.0781624	
139.500	     0.0657538	     0.0781624	
140.000	     0.0663027	     0.0781486	
140.500	     0.0668196	     0.0781346	
141.000	     0.0673069	     0.0781202	
141.500	     0.0673069	     0.0781202	
142.000	     0.0677667	     0.0781057	
142.500	     0.0682011	     0.0780908	
143.000	     0.0682011	     0.0780908	
143.500	     0.0686118	     0.0780757	
144.000	     0.0690006	     0.0780603	
144.500	      0.069369	     0.0780446	
145.000	      0.069369	     0.0780446	
145.500	     0.0697183	     0.0780285	
146.000	     0.0700498	     0.0780122	
146.500	     0.0700498	     0.0780122	
147.000	     0.0703646	     0.0779956	
147.500	      0.070664	     0.0779786	
148.000	      0.070664	     0.0779786	
148.500	     0.0709488	     0.0779613	
149.000	       0.07122	     0.0779436	
149.500	     0.0714784	     0.0779256	
150.000	     0.0714784	     0.0779256	
150.500	     0.0717247	     0.0779072	
151.000	     0.0719598	     0.0778885	
151.500	     0.0719598	     0.0778885	
152.000	     0.0721843	     0.0778693	
152.500	     0.0723987	     0.0778498	
153.000	     0.0726038	     0.0778298	
153.500	     0.0726038	     0.0778298	
154.000	        0.0728	     0.0778094	
154.500	     0.0729877	     0.0777886	
155.000	     0.0729877	     0.0777886	
155.500	     0.0731676	     0.0777673	
156.000	     0.0733399	     0.0777455	
156.500	     0.0735052	     0.0777233	
157.000	     0.0735052	     0.0777233	
157.500	     0.0736637	     0.0777006	
158.000	     0.0738159	     0.0776774	
158.500	     0.0738159	     0.0776774	
159.000	     0.0739621	     0.0776536	
159.500	     0.0741025	     0.0776293	
160.000	     0.0742375	     0.0776045	
160.500	     0.0742375	     0.0776045	
161.000	     0.0743674	      0.077579	
161.500	     0.0744923	      0.077553	
162.000	     0.0744923	      0.077553	
162.500	     0.0746126	     0.0775264	
163.000	     0.0747284	     0.0774991	
163.500	     0.0748401	     0.0774712	
164.000	     0.0748401	     0.0774712	
164.500	     0.0749476	     0.0774426	
165.000	     0.0750514	     0.0774133	
165.500	     0.0750514	     0.0774133	
166.000	     0.0751515	     0.0773833	
166.500	     0.0752481	     0.0773526	
167.000	     0.0753414	     0.0773211	
167.500	     0.0753414	     0.0773211	
168.000	     0.0754314	     0.0772888	
168.500	     0.0755185	     0.0772557	
169.000	     0.0755185	     0.0772557	
169.500	     0.0756026	     0.0772217	
170.000	     0.0756839	     0.0771868	
170.500	     0.0756839	     0.0771868	
171.000	     0.0757626	     0.0771511	
171.500	     0.0758387	     0.0771144	
172.000	     0.0759124	     0.0770767	
172.500	     0.0759124	     0.0770767	
173.000	     0.0759837	     0.0770381	
173.500	     0.0760528	     0.0769983	
174.000	     0.0760528	     0.0769983	
174.500	     0.0761197	     0.0769575	
175.000	     0.0761846	     0.0769156	
175.500	     0.0762475	     0.0768726	
176.000	     0.0762475	     0.0768726	
176.500	     0.0763084	     0.0768283	
177.000	     0.0763676	     0.0767828	
177.500	     0.0763676	     0.0767828	
178.000	      0.076425	     0.0767359	
178.500	     0.0764807	     0.0766878	
179.000	     0.0765347	     0.0766382	
179.500	     0.0765347	     0.0766382	
180.000	     0.0765872	     0.0765872	
