
TracePro Release: 3 2 0 
Polar Candela Distribution Data for 
Data covers +/- 180.000 degrees from Normal
Data for Missed Rays
Data generated at 09:45:05 June 25, 2025

	   0.0	 180.0
0.000	      0.027052	      0.027052	
0.500	     0.0296951	     0.0771825	
1.000	     0.0296951	     0.0771825	
1.500	     0.0294233	     0.0286821	
2.000	     0.0319926	     0.0328937	
2.500	     0.0355686	     0.0338874	
3.000	     0.0355686	     0.0338874	
3.500	      0.095108	     0.0342205	
4.000	     0.0104465	     0.0314519	
4.500	     0.0104465	     0.0314519	
5.000	       0.12647	      0.109229	
5.500	      0.102233	      0.305738	
6.000	       0.14469	      0.687033	
6.500	       0.14469	      0.687033	
7.000	      0.125561	      0.137135	
7.500	      0.146328	       0.13839	
8.000	      0.146328	       0.13839	
8.500	     0.0295226	     0.0288458	
9.000	      0.369087	     0.0377716	
9.500	      0.167354	      0.039874	
10.000	      0.167354	      0.039874	
10.500	     0.0464584	     0.0412391	
11.000	      0.505512	     0.0427087	
11.500	      0.505512	     0.0427087	
12.000	      0.528663	     0.0474391	
12.500	      0.205231	     0.0059708	
13.000	      0.205231	     0.0059708	
13.500	     0.0533141	     0.0474621	
14.000	      0.722935	     0.0167131	
14.500	      0.303885	       0.71018	
15.000	      0.303885	       0.71018	
15.500	      0.592372	       1.78483	
16.000	      0.250123	       1.98059	
16.500	      0.250123	       1.98059	
17.000	       1.08325	       2.18242	
17.500	       0.28595	       2.46047	
18.000	      0.520939	       2.02287	
18.500	      0.520939	       2.02287	
19.000	      0.101433	         2.544	
19.500	      0.835857	       3.42949	
20.000	      0.835857	       3.42949	
20.500	      0.183845	        1.2607	
21.000	       1.26444	        0.2185	
21.500	      0.335093	     0.0853608	
22.000	      0.335093	     0.0853608	
22.500	       1.38497	     0.0736608	
23.000	      0.870479	     0.0810726	
23.500	      0.870479	     0.0810726	
24.000	       2.99027	      0.100567	
24.500	       6.08784	      0.163799	
25.000	       33.9341	      0.124028	
25.500	       33.9341	      0.124028	
26.000	       340.691	        1.5152	
26.500	       34.5473	       11.1239	
27.000	       34.5473	       11.1239	
27.500	       3.28339	       1.13212	
28.000	       4.07247	      0.254132	
28.500	       0.25873	      0.134715	
29.000	       0.25873	      0.134715	
29.500	       2.06057	     0.0946051	
30.000	      0.296852	     0.0762998	
30.500	      0.296852	     0.0762998	
31.000	      0.798913	       0.06641	
31.500	      0.501269	     0.0604526	
32.000	       0.70675	     0.0565762	
32.500	       0.70675	     0.0565762	
33.000	      0.692549	     0.0539016	
33.500	       1.39276	     0.0519678	
34.000	       1.39276	     0.0519678	
34.500	       1.63601	     0.0505147	
35.000	      0.445444	     0.0493899	
35.500	      0.445444	     0.0493899	
36.000	     0.0780603	      0.048506	
36.500	       0.10179	     0.0478312	
37.000	       1.01116	     0.0474221	
37.500	       1.01116	     0.0474221	
38.000	       2.85362	       0.04765	
38.500	       1.53517	     0.0525335	
39.000	       1.53517	     0.0525335	
39.500	       1.45038	     0.0125117	
40.000	        1.9049	     0.0790774	
40.500	        1.1998	      0.336229	
41.000	        1.1998	      0.336229	
41.500	      0.531992	      0.306918	
42.000	       3.02384	     0.0209857	
42.500	       3.02384	     0.0209857	
43.000	       2.22286	     0.0314115	
43.500	      0.667637	     0.0260212	
44.000	       1.14149	      0.014201	
44.500	       1.14149	      0.014201	
45.000	       3.58053	     0.0120172	
45.500	       2.91793	     0.0899129	
46.000	       2.91793	     0.0899129	
46.500	      0.185958	      0.659919	
47.000	      0.258865	       7.25898	
47.500	       1.18984	       0.73617	
48.000	       1.18984	       0.73617	
48.500	       2.11476	      0.123403	
49.000	       1.11828	     0.0355666	
49.500	       1.11828	     0.0355666	
50.000	       2.00801	     0.0556052	
50.500	       1.18796	     0.0202853	
51.000	       1.06084	     0.0308956	
51.500	       1.06084	     0.0308956	
52.000	       1.14834	     0.0355171	
52.500	      0.466273	     0.0383232	
53.000	      0.466273	     0.0383232	
53.500	       3.26418	     0.0401925	
54.000	      0.547859	     0.0415088	
54.500	       2.68502	     0.0424739	
55.000	       2.68502	     0.0424739	
55.500	       3.59127	     0.0432039	
56.000	      0.274118	     0.0437706	
56.500	      0.274118	     0.0437706	
57.000	      0.980808	     0.0442199	
57.500	       1.75545	     0.0445828	
58.000	       1.75545	     0.0445828	
58.500	       1.14108	     0.0448807	
59.000	       1.75629	     0.0451286	
59.500	       1.02401	     0.0453375	
60.000	       1.02401	     0.0453375	
60.500	       1.32326	     0.0455155	
61.000	       5.30613	     0.0456687	
61.500	       5.30613	     0.0456687	
62.000	       4.13249	     0.0458019	
62.500	       5.59733	     0.0459185	
63.000	       5.85957	     0.0460215	
63.500	       5.85957	     0.0460215	
64.000	       6.42725	     0.0461131	
64.500	       4.23988	      0.046195	
65.000	       4.23988	      0.046195	
65.500	       6.37979	     0.0462688	
66.000	        4.0554	     0.0463356	
66.500	       3.99671	     0.0463963	
67.000	       3.99671	     0.0463963	
67.500	        5.4296	     0.0464519	
68.000	       5.14866	      0.046503	
68.500	       5.14866	      0.046503	
69.000	       7.05546	     0.0465501	
69.500	       4.25962	     0.0465937	
70.000	       2.65128	     0.0466342	
70.500	       2.65128	     0.0466342	
71.000	       2.44197	      0.046672	
71.500	       5.85981	     0.0467074	
72.000	       5.85981	     0.0467074	
72.500	       1.71494	     0.0467405	
73.000	       1.80757	     0.0467718	
73.500	         2.399	     0.0468012	
74.000	         2.399	     0.0468012	
74.500	       3.69055	     0.0468291	
75.000	       2.41505	     0.0468555	
75.500	       2.41505	     0.0468555	
76.000	       0.55329	     0.0468806	
76.500	       1.76766	     0.0469044	
77.000	       1.74955	     0.0469272	
77.500	       1.74955	     0.0469272	
78.000	      0.883063	     0.0469489	
78.500	      0.514062	     0.0469697	
79.000	      0.514062	     0.0469697	
79.500	        2.3583	     0.0469897	
80.000	       5.64966	     0.0470088	
80.500	       5.64966	     0.0470088	
81.000	       28.0885	     0.0470272	
81.500	        3.4086	     0.0470449	
82.000	       1.88936	      0.047062	
82.500	       1.88936	      0.047062	
83.000	       1.45963	     0.0470785	
83.500	       3.14773	     0.0470944	
84.000	       3.14773	     0.0470944	
84.500	        1.2564	     0.0471097	
85.000	       3.04479	     0.0471246	
85.500	       1.05261	      0.047139	
86.000	       1.05261	      0.047139	
86.500	       4.79822	      0.047153	
87.000	       3.69429	     0.0471666	
87.500	       3.69429	     0.0471666	
88.000	       23.9972	     0.0471797	
88.500	       238.971	     0.0471926	
89.000	       23.4189	      0.047205	
89.500	       23.4189	      0.047205	
90.000	       4.54879	     0.0472171	
90.500	       1.97963	     0.0472289	
91.000	       1.97963	     0.0472289	
91.500	       1.11804	     0.0472404	
92.000	      0.725966	     0.0472517	
92.500	      0.514997	     0.0472626	
93.000	      0.514997	     0.0472626	
93.500	      0.388612	     0.0472733	
94.000	      0.306997	     0.0472838	
94.500	      0.306997	     0.0472838	
95.000	      0.251284	      0.047294	
95.500	      0.211588	      0.047304	
96.000	      0.182324	     0.0473137	
96.500	      0.182324	     0.0473137	
97.000	      0.160142	     0.0473233	
97.500	      0.142937	     0.0473327	
98.000	      0.142937	     0.0473327	
98.500	       0.12933	     0.0473419	
99.000	      0.118387	     0.0473509	
99.500	      0.109459	     0.0473597	
100.000	      0.109459	     0.0473597	
100.500	      0.102083	     0.0473684	
101.000	     0.0959202	     0.0473769	
101.500	     0.0959202	     0.0473769	
102.000	     0.0907208	     0.0473852	
102.500	     0.0862952	     0.0473934	
103.000	     0.0862952	     0.0473934	
103.500	     0.0824981	     0.0474015	
104.000	      0.079217	     0.0474094	
104.500	     0.0763631	     0.0474172	
105.000	     0.0763631	     0.0474172	
105.500	     0.0738661	     0.0474249	
106.000	     0.0716693	     0.0474325	
106.500	     0.0716693	     0.0474325	
107.000	     0.0697271	     0.0474399	
107.500	      0.068002	     0.0474472	
108.000	     0.0664631	     0.0474544	
108.500	     0.0664631	     0.0474544	
109.000	     0.0650849	     0.0474616	
109.500	      0.063846	     0.0474686	
110.000	      0.063846	     0.0474686	
110.500	     0.0627286	     0.0474755	
111.000	     0.0617175	     0.0474823	
111.500	     0.0607998	     0.0474891	
112.000	     0.0607998	     0.0474891	
112.500	     0.0599645	     0.0474957	
113.000	     0.0592022	     0.0475023	
113.500	     0.0592022	     0.0475023	
114.000	     0.0585048	     0.0475088	
114.500	     0.0578653	     0.0475152	
115.000	     0.0572774	     0.0475216	
115.500	     0.0572774	     0.0475216	
116.000	      0.056736	     0.0475278	
116.500	     0.0562364	      0.047534	
117.000	     0.0562364	      0.047534	
117.500	     0.0557743	     0.0475402	
118.000	     0.0553463	     0.0475463	
118.500	     0.0549492	     0.0475523	
119.000	     0.0549492	     0.0475523	
119.500	       0.05458	     0.0475583	
120.000	     0.0542364	     0.0475642	
120.500	     0.0542364	     0.0475642	
121.000	      0.053916	     0.0475701	
121.500	     0.0536169	     0.0475759	
122.000	     0.0533372	     0.0475817	
122.500	     0.0533372	     0.0475817	
123.000	     0.0530754	     0.0475874	
123.500	     0.0528299	     0.0475931	
124.000	     0.0528299	     0.0475931	
124.500	     0.0525996	     0.0475988	
125.000	     0.0523832	     0.0476044	
125.500	     0.0523832	     0.0476044	
126.000	     0.0521796	       0.04761	
126.500	     0.0519879	     0.0476155	
127.000	     0.0518072	     0.0476211	
127.500	     0.0518072	     0.0476211	
128.000	     0.0516367	     0.0476265	
128.500	     0.0514757	      0.047632	
129.000	     0.0514757	      0.047632	
129.500	     0.0513235	     0.0476375	
130.000	     0.0511794	     0.0476429	
130.500	      0.051043	     0.0476483	
131.000	      0.051043	     0.0476483	
131.500	     0.0509137	     0.0476537	
132.000	      0.050791	     0.0476591	
132.500	      0.050791	     0.0476591	
133.000	     0.0506746	     0.0476644	
133.500	      0.050564	     0.0476698	
134.000	     0.0504588	     0.0476751	
134.500	     0.0504588	     0.0476751	
135.000	     0.0503587	     0.0476804	
135.500	     0.0502634	     0.0476858	
136.000	     0.0502634	     0.0476858	
136.500	     0.0501726	     0.0476911	
137.000	      0.050086	     0.0476964	
137.500	     0.0500034	     0.0477018	
138.000	     0.0500034	     0.0477018	
138.500	     0.0499246	     0.0477071	
139.000	     0.0498492	     0.0477124	
139.500	     0.0498492	     0.0477124	
140.000	     0.0497772	     0.0477178	
140.500	     0.0497084	     0.0477231	
141.000	     0.0496425	     0.0477285	
141.500	     0.0496425	     0.0477285	
142.000	     0.0495794	     0.0477338	
142.500	      0.049519	     0.0477392	
143.000	      0.049519	     0.0477392	
143.500	     0.0494611	     0.0477446	
144.000	     0.0494056	     0.0477501	
144.500	     0.0493523	     0.0477555	
145.000	     0.0493523	     0.0477555	
145.500	     0.0493011	      0.047761	
146.000	      0.049252	     0.0477665	
146.500	      0.049252	     0.0477665	
147.000	     0.0492048	      0.047772	
147.500	     0.0491595	     0.0477776	
148.000	     0.0491595	     0.0477776	
148.500	     0.0491158	     0.0477832	
149.000	     0.0490738	     0.0477888	
149.500	     0.0490334	     0.0477945	
150.000	     0.0490334	     0.0477945	
150.500	     0.0489945	     0.0478002	
151.000	      0.048957	      0.047806	
151.500	      0.048957	      0.047806	
152.000	     0.0489209	     0.0478118	
152.500	     0.0488861	     0.0478176	
153.000	     0.0488525	     0.0478235	
153.500	     0.0488525	     0.0478235	
154.000	     0.0488201	     0.0478295	
154.500	     0.0487887	     0.0478355	
155.000	     0.0487887	     0.0478355	
155.500	     0.0487585	     0.0478416	
156.000	     0.0487293	     0.0478477	
156.500	     0.0487011	     0.0478539	
157.000	     0.0487011	     0.0478539	
157.500	     0.0486738	     0.0478602	
158.000	     0.0486474	     0.0478666	
158.500	     0.0486474	     0.0478666	
159.000	     0.0486219	      0.047873	
159.500	     0.0485972	     0.0478795	
160.000	     0.0485732	     0.0478861	
160.500	     0.0485732	     0.0478861	
161.000	     0.0485501	     0.0478927	
161.500	     0.0485276	     0.0478995	
162.000	     0.0485276	     0.0478995	
162.500	     0.0485059	     0.0479063	
163.000	     0.0484848	     0.0479133	
163.500	     0.0484643	     0.0479204	
164.000	     0.0484643	     0.0479204	
164.500	     0.0484444	     0.0479275	
165.000	     0.0484252	     0.0479348	
165.500	     0.0484252	     0.0479348	
166.000	     0.0484064	     0.0479422	
166.500	     0.0483883	     0.0479497	
167.000	     0.0483706	     0.0479573	
167.500	     0.0483706	     0.0479573	
168.000	     0.0483535	      0.047965	
168.500	     0.0483368	     0.0479729	
169.000	     0.0483368	     0.0479729	
169.500	     0.0483206	     0.0479809	
170.000	     0.0483048	     0.0479891	
170.500	     0.0483048	     0.0479891	
171.000	     0.0482894	     0.0479974	
171.500	     0.0482745	     0.0480059	
172.000	     0.0482599	     0.0480145	
172.500	     0.0482599	     0.0480145	
173.000	     0.0482458	     0.0480233	
173.500	     0.0482319	     0.0480323	
174.000	     0.0482319	     0.0480323	
174.500	     0.0482185	     0.0480414	
175.000	     0.0482054	     0.0480508	
175.500	     0.0481926	     0.0480603	
176.000	     0.0481926	     0.0480603	
176.500	     0.0481801	       0.04807	
177.000	     0.0481679	       0.04808	
177.500	     0.0481679	       0.04808	
178.000	      0.048156	     0.0480901	
178.500	     0.0481444	     0.0481005	
179.000	      0.048133	     0.0481111	
179.500	      0.048133	     0.0481111	
180.000	     0.0481219	     0.0481219	
