
TracePro Release: 3 2 0 
Polar Candela Distribution Data for 
Data covers +/- 180.000 degrees from Normal
Data for Missed Rays
Data generated at 09:38:20 June 25, 2025

	   0.0	 180.0
0.000	      0.225476	      0.225476	
0.500	      0.224883	       0.22161	
1.000	      0.224883	       0.22161	
1.500	      0.223726	      0.292869	
2.000	       0.22233	      0.223719	
2.500	      0.220768	       0.22971	
3.000	      0.220768	       0.22971	
3.500	      0.219082	      0.231274	
4.000	      0.217358	      0.232321	
4.500	      0.217358	      0.232321	
5.000	      0.215957	      0.233187	
5.500	      0.218983	      0.233955	
6.000	      0.145665	      0.234655	
6.500	      0.145665	      0.234655	
7.000	      0.223544	      0.235302	
7.500	     0.0847318	      0.235902	
8.000	     0.0847318	      0.235902	
8.500	      0.210118	      0.236461	
9.000	      0.196432	      0.236983	
9.500	      0.195418	      0.237469	
10.000	      0.195418	      0.237469	
10.500	     0.0922353	      0.237918	
11.000	      0.274678	      0.238328	
11.500	      0.274678	      0.238328	
12.000	     0.0622808	      0.238692	
12.500	      0.218253	      0.238992	
13.000	      0.218253	      0.238992	
13.500	     0.0342609	      0.239195	
14.000	      0.225273	      0.239222	
14.500	    0.00100978	      0.238937	
15.000	    0.00100978	      0.238937	
15.500	      0.136842	      0.241024	
16.000	     0.0312333	     0.0942676	
16.500	     0.0312333	     0.0942676	
17.000	      0.171933	      0.975074	
17.500	     0.0707012	      0.426402	
18.000	     0.0224543	        0.6062	
18.500	     0.0224543	        0.6062	
19.000	      0.245316	      0.140962	
19.500	      0.404315	      0.534667	
20.000	      0.404315	      0.534667	
20.500	      0.822002	     0.0516254	
21.000	       1.04691	      0.605392	
21.500	       2.42884	     0.0751116	
22.000	       2.42884	     0.0751116	
22.500	       5.91808	      0.481079	
23.000	       31.6787	       0.11326	
23.500	       31.6787	       0.11326	
24.000	       325.636	      0.570098	
24.500	       31.8868	      0.143061	
25.000	       5.07229	        1.0611	
25.500	       5.07229	        1.0611	
26.000	       2.46142	      0.116669	
26.500	       1.09171	      0.897244	
27.000	       1.09171	      0.897244	
27.500	       2.38622	      0.416026	
28.000	      0.232949	       0.64749	
28.500	       2.11306	      0.162977	
29.000	       2.11306	      0.162977	
29.500	       2.61056	      0.465448	
30.000	       1.22223	      0.111324	
30.500	       1.22223	      0.111324	
31.000	      0.963619	      0.488563	
31.500	       1.12974	      0.190695	
32.000	      0.754969	      0.652904	
32.500	      0.754969	      0.652904	
33.000	       1.61804	      0.245958	
33.500	       1.06828	      0.398354	
34.000	       1.06828	      0.398354	
34.500	      0.234195	      0.150175	
35.000	        1.9219	      0.284561	
35.500	        1.9219	      0.284561	
36.000	      0.988577	      0.282227	
36.500	      0.424214	      0.291391	
37.000	      0.995784	      0.307352	
37.500	      0.995784	      0.307352	
38.000	       1.45225	      0.334606	
38.500	       1.03945	      0.385496	
39.000	       1.03945	      0.385496	
39.500	       3.55599	      0.497345	
40.000	       1.02956	      0.830576	
40.500	       0.98574	        3.2762	
41.000	       0.98574	        3.2762	
41.500	      0.128419	       30.7223	
42.000	       2.77509	       3.33849	
42.500	       2.77509	       3.33849	
43.000	       1.01645	      0.815439	
43.500	      0.311624	      0.608989	
44.000	      0.146962	      0.261341	
44.500	      0.146962	      0.261341	
45.000	       2.33815	      0.521418	
45.500	        1.9279	      0.290722	
46.000	        1.9279	      0.290722	
46.500	       6.22169	       0.28779	
47.000	       2.92806	      0.278917	
47.500	       1.63928	      0.272238	
48.000	       1.63928	      0.272238	
48.500	       1.78548	      0.267329	
49.000	       1.56008	      0.263658	
49.500	       1.56008	      0.263658	
50.000	       6.57793	      0.260856	
50.500	       6.43087	      0.258675	
51.000	       4.75367	      0.256947	
51.500	       4.75367	      0.256947	
52.000	       3.94349	      0.255558	
52.500	       4.16179	      0.254426	
53.000	       4.16179	      0.254426	
53.500	       6.31832	      0.253493	
54.000	       3.81749	      0.252717	
54.500	       5.67475	      0.252064	
55.000	       5.67475	      0.252064	
55.500	       6.60296	      0.251512	
56.000	       7.76671	      0.251041	
56.500	       7.76671	      0.251041	
57.000	       3.31765	      0.250636	
57.500	       2.79507	      0.250287	
58.000	       2.79507	      0.250287	
58.500	       3.85865	      0.249984	
59.000	        2.1199	       0.24972	
59.500	       3.54877	      0.249489	
60.000	       3.54877	      0.249489	
60.500	         4.189	      0.249286	
61.000	       2.73672	      0.249107	
61.500	       2.73672	      0.249107	
62.000	       1.92251	      0.248948	
62.500	       1.83422	      0.248808	
63.000	      0.747394	      0.248683	
63.500	      0.747394	      0.248683	
64.000	       3.41162	      0.248571	
64.500	       18.9714	      0.248472	
65.000	       18.9714	      0.248472	
65.500	       6.13328	      0.248383	
66.000	       2.01704	      0.248303	
66.500	       0.98154	      0.248231	
67.000	       0.98154	      0.248231	
67.500	       1.25793	      0.248167	
68.000	       3.34521	      0.248109	
68.500	       3.34521	      0.248109	
69.000	       3.51403	      0.248057	
69.500	       30.9595	      0.248009	
70.000	       316.409	      0.247967	
70.500	       316.409	      0.247967	
71.000	       30.7625	      0.247928	
71.500	       5.76526	      0.247894	
72.000	       5.76526	      0.247894	
72.500	       2.35311	      0.247862	
73.000	       1.20529	      0.247834	
73.500	      0.681133	      0.247808	
74.000	      0.681133	      0.247808	
74.500	      0.397996	      0.247785	
75.000	      0.227675	      0.247764	
75.500	      0.227675	      0.247764	
76.000	      0.117215	      0.247745	
76.500	     0.0414724	      0.247728	
77.000	     0.0127427	      0.247712	
77.500	     0.0127427	      0.247712	
78.000	     0.0528976	      0.247699	
78.500	     0.0834782	      0.247686	
79.000	     0.0834782	      0.247686	
79.500	      0.107312	      0.247675	
80.000	      0.126254	      0.247665	
80.500	      0.126254	      0.247665	
81.000	      0.141563	      0.247656	
81.500	      0.154114	      0.247648	
82.000	      0.164536	       0.24764	
82.500	      0.164536	       0.24764	
83.000	      0.173287	      0.247634	
83.500	      0.180708	      0.247628	
84.000	      0.180708	      0.247628	
84.500	      0.187058	      0.247623	
85.000	      0.192534	      0.247619	
85.500	       0.19729	      0.247615	
86.000	       0.19729	      0.247615	
86.500	       0.20145	      0.247612	
87.000	      0.205108	      0.247609	
87.500	      0.205108	      0.247609	
88.000	      0.208344	      0.247606	
88.500	      0.211221	      0.247604	
89.000	       0.21379	      0.247603	
89.500	       0.21379	      0.247603	
90.000	      0.216094	      0.247601	
90.500	      0.218169	        0.2476	
91.000	      0.218169	        0.2476	
91.500	      0.220045	      0.247599	
92.000	      0.221747	      0.247599	
92.500	      0.223295	      0.247598	
93.000	      0.223295	      0.247598	
93.500	      0.224708	      0.247598	
94.000	      0.226002	      0.247598	
94.500	      0.226002	      0.247598	
95.000	       0.22719	      0.247598	
95.500	      0.228283	      0.247598	
96.000	      0.229291	      0.247599	
96.500	      0.229291	      0.247599	
97.000	      0.230223	      0.247599	
97.500	      0.231087	        0.2476	
98.000	      0.231087	        0.2476	
98.500	      0.231888	      0.247601	
99.000	      0.232634	      0.247601	
99.500	      0.233329	      0.247602	
100.000	      0.233329	      0.247602	
100.500	      0.233978	      0.247603	
101.000	      0.234584	      0.247604	
101.500	      0.234584	      0.247604	
102.000	      0.235153	      0.247605	
102.500	      0.235686	      0.247606	
103.000	      0.235686	      0.247606	
103.500	      0.236186	      0.247607	
104.000	      0.236657	      0.247608	
104.500	      0.237101	      0.247609	
105.000	      0.237101	      0.247609	
105.500	      0.237519	       0.24761	
106.000	      0.237914	      0.247611	
106.500	      0.237914	      0.247611	
107.000	      0.238288	      0.247612	
107.500	      0.238641	      0.247613	
108.000	      0.238976	      0.247613	
108.500	      0.238976	      0.247613	
109.000	      0.239293	      0.247614	
109.500	      0.239595	      0.247615	
110.000	      0.239595	      0.247615	
110.500	      0.239881	      0.247616	
111.000	      0.240154	      0.247617	
111.500	      0.240413	      0.247617	
112.000	      0.240413	      0.247617	
112.500	       0.24066	      0.247618	
113.000	      0.240896	      0.247618	
113.500	      0.240896	      0.247618	
114.000	      0.241121	      0.247619	
114.500	      0.241336	      0.247619	
115.000	      0.241541	       0.24762	
115.500	      0.241541	       0.24762	
116.000	      0.241738	       0.24762	
116.500	      0.241926	       0.24762	
117.000	      0.241926	       0.24762	
117.500	      0.242106	      0.247621	
118.000	      0.242278	      0.247621	
118.500	      0.242444	      0.247621	
119.000	      0.242444	      0.247621	
119.500	      0.242603	      0.247621	
120.000	      0.242755	       0.24762	
120.500	      0.242755	       0.24762	
121.000	      0.242902	       0.24762	
121.500	      0.243043	       0.24762	
122.000	      0.243178	       0.24762	
122.500	      0.243178	       0.24762	
123.000	      0.243309	      0.247619	
123.500	      0.243434	      0.247618	
124.000	      0.243434	      0.247618	
124.500	      0.243555	      0.247618	
125.000	      0.243672	      0.247617	
125.500	      0.243672	      0.247617	
126.000	      0.243784	      0.247616	
126.500	      0.243893	      0.247615	
127.000	      0.243997	      0.247614	
127.500	      0.243997	      0.247614	
128.000	      0.244098	      0.247613	
128.500	      0.244196	      0.247612	
129.000	      0.244196	      0.247612	
129.500	       0.24429	       0.24761	
130.000	      0.244382	      0.247609	
130.500	       0.24447	      0.247607	
131.000	       0.24447	      0.247607	
131.500	      0.244555	      0.247606	
132.000	      0.244638	      0.247604	
132.500	      0.244638	      0.247604	
133.000	      0.244718	      0.247602	
133.500	      0.244795	        0.2476	
134.000	       0.24487	      0.247598	
134.500	       0.24487	      0.247598	
135.000	      0.244943	      0.247596	
135.500	      0.245013	      0.247593	
136.000	      0.245013	      0.247593	
136.500	      0.245082	      0.247591	
137.000	      0.245148	      0.247588	
137.500	      0.245212	      0.247586	
138.000	      0.245212	      0.247586	
138.500	      0.245275	      0.247583	
139.000	      0.245335	       0.24758	
139.500	      0.245335	       0.24758	
140.000	      0.245394	      0.247577	
140.500	      0.245451	      0.247574	
141.000	      0.245507	       0.24757	
141.500	      0.245507	       0.24757	
142.000	      0.245561	      0.247567	
142.500	      0.245614	      0.247563	
143.000	      0.245614	      0.247563	
143.500	      0.245665	      0.247559	
144.000	      0.245714	      0.247556	
144.500	      0.245763	      0.247552	
145.000	      0.245763	      0.247552	
145.500	       0.24581	      0.247548	
146.000	      0.245855	      0.247543	
146.500	      0.245855	      0.247543	
147.000	        0.2459	      0.247539	
147.500	      0.245943	      0.247534	
148.000	      0.245943	      0.247534	
148.500	      0.245985	       0.24753	
149.000	      0.246027	      0.247525	
149.500	      0.246067	       0.24752	
150.000	      0.246067	       0.24752	
150.500	      0.246106	      0.247515	
151.000	      0.246144	      0.247509	
151.500	      0.246144	      0.247509	
152.000	      0.246181	      0.247504	
152.500	      0.246217	      0.247498	
153.000	      0.246252	      0.247492	
153.500	      0.246252	      0.247492	
154.000	      0.246287	      0.247487	
154.500	       0.24632	       0.24748	
155.000	       0.24632	       0.24748	
155.500	      0.246353	      0.247474	
156.000	      0.246385	      0.247468	
156.500	      0.246416	      0.247461	
157.000	      0.246416	      0.247461	
157.500	      0.246447	      0.247454	
158.000	      0.246476	      0.247447	
158.500	      0.246476	      0.247447	
159.000	      0.246505	       0.24744	
159.500	      0.246533	      0.247433	
160.000	      0.246561	      0.247425	
160.500	      0.246561	      0.247425	
161.000	      0.246588	      0.247418	
161.500	      0.246614	       0.24741	
162.000	      0.246614	       0.24741	
162.500	       0.24664	      0.247402	
163.000	      0.246665	      0.247394	
163.500	       0.24669	      0.247385	
164.000	       0.24669	      0.247385	
164.500	      0.246714	      0.247376	
165.000	      0.246737	      0.247368	
165.500	      0.246737	      0.247368	
166.000	       0.24676	      0.247358	
166.500	      0.246783	      0.247349	
167.000	      0.246805	       0.24734	
167.500	      0.246805	       0.24734	
168.000	      0.246826	       0.24733	
168.500	      0.246847	       0.24732	
169.000	      0.246847	       0.24732	
169.500	      0.246867	       0.24731	
170.000	      0.246887	      0.247299	
170.500	      0.246887	      0.247299	
171.000	      0.246907	      0.247288	
171.500	      0.246926	      0.247277	
172.000	      0.246945	      0.247266	
172.500	      0.246945	      0.247266	
173.000	      0.246963	      0.247255	
173.500	      0.246981	      0.247243	
174.000	      0.246981	      0.247243	
174.500	      0.246998	      0.247231	
175.000	      0.247015	      0.247219	
175.500	      0.247032	      0.247206	
176.000	      0.247032	      0.247206	
176.500	      0.247048	      0.247194	
177.000	      0.247064	       0.24718	
177.500	      0.247064	       0.24718	
178.000	       0.24708	      0.247167	
178.500	      0.247095	      0.247153	
179.000	       0.24711	      0.247139	
179.500	       0.24711	      0.247139	
180.000	      0.247125	      0.247125	
