
TracePro Release: 3 2 0 
Polar Candela Distribution Data for 
Data covers +/- 180.000 degrees from Normal
Data for Missed Rays
Data generated at 09:38:22 June 25, 2025

	   0.0	 180.0
0.000	      0.264154	      0.264154	
0.500	      0.264884	      0.264661	
1.000	      0.264884	      0.264661	
1.500	      0.277946	      0.265488	
2.000	     0.0765016	      0.266449	
2.500	      0.274723	      0.267536	
3.000	      0.274723	      0.267536	
3.500	      0.257935	      0.268861	
4.000	      0.251146	      0.270831	
4.500	      0.251146	      0.270831	
5.000	      0.220622	      0.275233	
5.500	      0.637099	      0.303218	
6.000	      0.233155	     0.0764978	
6.500	      0.233155	     0.0764978	
7.000	      0.360603	      0.304236	
7.500	       1.05569	        0.2772	
8.000	       1.05569	        0.2772	
8.500	      0.345086	      0.273554	
9.000	       0.15533	      0.271804	
9.500	       1.31625	      0.268728	
10.000	       1.31625	      0.268728	
10.500	      0.079768	      0.247263	
11.000	       1.19068	      0.545717	
11.500	       1.19068	      0.545717	
12.000	       1.73265	      0.246776	
12.500	       1.04093	      0.266211	
13.000	       1.04093	      0.266211	
13.500	      0.571819	      0.251462	
14.000	       1.32575	      0.504802	
14.500	     0.0594687	      0.253888	
15.000	     0.0594687	      0.253888	
15.500	      0.567455	      0.272825	
16.000	     0.0138194	      0.276064	
16.500	     0.0138194	      0.276064	
17.000	       1.61078	      0.277387	
17.500	      0.736753	      0.269676	
18.000	       1.01029	      0.519265	
18.500	       1.01029	      0.519265	
19.000	        1.5298	       0.32653	
19.500	       1.67236	      0.326982	
20.000	       1.67236	      0.326982	
20.500	      0.166852	      0.257004	
21.000	       1.52729	      0.601444	
21.500	      0.166453	      0.207159	
22.000	      0.166453	      0.207159	
22.500	      0.797209	      0.834595	
23.000	      0.993192	      0.264048	
23.500	      0.993192	      0.264048	
24.000	       1.69263	      0.470545	
24.500	        2.7496	       2.18223	
25.000	       1.53983	       3.97641	
25.500	       1.53983	       3.97641	
26.000	       1.47372	       4.56795	
26.500	       1.98404	      0.765486	
27.000	       1.98404	      0.765486	
27.500	       2.72992	      0.435161	
28.000	      0.536796	      0.377353	
28.500	       3.03658	      0.260702	
29.000	       3.03658	      0.260702	
29.500	      0.333711	      0.875451	
30.000	        7.6806	      0.120756	
30.500	        7.6806	      0.120756	
31.000	       11.1505	      0.695714	
31.500	        75.412	     0.0352908	
32.000	        730.81	      0.487685	
32.500	        730.81	      0.487685	
33.000	       71.1836	        0.2666	
33.500	       13.5215	      0.280407	
34.000	       13.5215	      0.280407	
34.500	       5.66578	      0.282622	
35.000	       3.02898	      0.289809	
35.500	       3.02898	      0.289809	
36.000	       1.84716	      0.168614	
36.500	       0.74934	      0.403092	
37.000	        1.6123	      0.266106	
37.500	        1.6123	      0.266106	
38.000	     0.0600915	      0.354597	
38.500	       1.18382	      0.274109	
39.000	       1.18382	      0.274109	
39.500	      0.291086	      0.278727	
40.000	       0.28418	       0.26589	
40.500	      0.270346	      0.526407	
41.000	      0.270346	      0.526407	
41.500	      0.360427	      0.194811	
42.000	      0.359342	      0.779189	
42.500	      0.359342	      0.779189	
43.000	     0.0218941	     0.0527879	
43.500	     0.0680522	      0.513254	
44.000	      0.051197	      0.139812	
44.500	      0.051197	      0.139812	
45.000	      0.685984	      0.578321	
45.500	     0.0967916	      0.159717	
46.000	     0.0967916	      0.159717	
46.500	      0.200711	      0.287446	
47.000	      0.418354	      0.282897	
47.500	      0.228385	      0.282961	
48.000	      0.228385	      0.282961	
48.500	      0.167902	      0.283163	
49.000	      0.631917	      0.283336	
49.500	      0.631917	      0.283336	
50.000	      0.397326	      0.283476	
50.500	      0.244433	      0.283593	
51.000	      0.162183	      0.283692	
51.500	      0.162183	      0.283692	
52.000	      0.788774	       0.28378	
52.500	      0.119435	      0.283859	
53.000	      0.119435	      0.283859	
53.500	      0.720609	      0.283931	
54.000	       0.17526	      0.283998	
54.500	      0.214949	      0.284061	
55.000	      0.214949	      0.284061	
55.500	      0.184839	       0.28412	
56.000	      0.740614	      0.284176	
56.500	      0.740614	      0.284176	
57.000	      0.197146	       0.28423	
57.500	      0.272962	      0.284282	
58.000	      0.272962	      0.284282	
58.500	      0.332409	      0.284332	
59.000	      0.925604	       0.28438	
59.500	      0.189053	      0.284426	
60.000	      0.189053	      0.284426	
60.500	      0.275445	      0.284471	
61.000	      0.176716	      0.284515	
61.500	      0.176716	      0.284515	
62.000	      0.992169	      0.284557	
62.500	      0.186491	      0.284598	
63.000	      0.247132	      0.284638	
63.500	      0.247132	      0.284638	
64.000	      0.257666	      0.284677	
64.500	       0.26397	      0.284715	
65.000	       0.26397	      0.284715	
65.500	      0.273123	      0.284752	
66.000	       0.32424	      0.284788	
66.500	      0.386198	      0.284823	
67.000	      0.386198	      0.284823	
67.500	      0.613219	      0.284857	
68.000	       0.24433	       0.28489	
68.500	       0.24433	       0.28489	
69.000	      0.311682	      0.284922	
69.500	      0.249252	      0.284954	
70.000	      0.599454	      0.284984	
70.500	      0.599454	      0.284984	
71.000	      0.131094	      0.285014	
71.500	      0.456813	      0.285042	
72.000	      0.456813	      0.285042	
72.500	      0.180623	       0.28507	
73.000	      0.403176	      0.285097	
73.500	      0.410669	      0.285122	
74.000	      0.410669	      0.285122	
74.500	      0.426521	      0.285147	
75.000	      0.276645	      0.285171	
75.500	      0.276645	      0.285171	
76.000	      0.277204	      0.285193	
76.500	      0.276298	      0.285213	
77.000	      0.275996	      0.285232	
77.500	      0.275996	      0.285232	
78.000	      0.275983	      0.285249	
78.500	      0.276109	      0.285262	
79.000	      0.276109	      0.285262	
79.500	      0.276303	      0.285272	
80.000	      0.276533	      0.285276	
80.500	      0.276533	      0.285276	
81.000	       0.27678	      0.285272	
81.500	      0.277034	      0.285255	
82.000	      0.277289	      0.285215	
82.500	      0.277289	      0.285215	
83.000	      0.277542	      0.285131	
83.500	       0.27779	      0.284943	
84.000	       0.27779	      0.284943	
84.500	      0.278033	      0.284416	
85.000	       0.27827	      0.280821	
85.500	      0.278499	      0.334524	
86.000	      0.278499	      0.334524	
86.500	      0.278722	      0.207951	
87.000	      0.278938	      0.454786	
87.500	      0.278938	      0.454786	
88.000	      0.279146	      0.271102	
88.500	      0.279348	      0.287273	
89.000	      0.279543	       0.23844	
89.500	      0.279543	       0.23844	
90.000	      0.279732	      0.289486	
90.500	      0.279914	      0.286114	
91.000	      0.279914	      0.286114	
91.500	       0.28009	      0.285767	
92.000	      0.280261	      0.285695	
92.500	      0.280426	      0.285687	
93.000	      0.280426	      0.285687	
93.500	      0.280585	      0.285696	
94.000	      0.280739	      0.285712	
94.500	      0.280739	      0.285712	
95.000	      0.280888	      0.285729	
95.500	      0.281032	      0.285747	
96.000	      0.281172	      0.285765	
96.500	      0.281172	      0.285765	
97.000	      0.281307	      0.285782	
97.500	      0.281438	      0.285798	
98.000	      0.281438	      0.285798	
98.500	      0.281565	      0.285814	
99.000	      0.281688	      0.285829	
99.500	      0.281807	      0.285844	
100.000	      0.281807	      0.285844	
100.500	      0.281922	      0.285858	
101.000	      0.282034	      0.285871	
101.500	      0.282034	      0.285871	
102.000	      0.282143	      0.285885	
102.500	      0.282248	      0.285898	
103.000	      0.282248	      0.285898	
103.500	       0.28235	       0.28591	
104.000	      0.282449	      0.285922	
104.500	      0.282545	      0.285934	
105.000	      0.282545	      0.285934	
105.500	      0.282639	      0.285945	
106.000	       0.28273	      0.285957	
106.500	       0.28273	      0.285957	
107.000	      0.282818	      0.285967	
107.500	      0.282904	      0.285978	
108.000	      0.282987	      0.285988	
108.500	      0.282987	      0.285988	
109.000	      0.283068	      0.285998	
109.500	      0.283147	      0.286008	
110.000	      0.283147	      0.286008	
110.500	      0.283223	      0.286017	
111.000	      0.283298	      0.286027	
111.500	       0.28337	      0.286036	
112.000	       0.28337	      0.286036	
112.500	      0.283441	      0.286044	
113.000	       0.28351	      0.286053	
113.500	       0.28351	      0.286053	
114.000	      0.283577	      0.286061	
114.500	      0.283642	      0.286069	
115.000	      0.283705	      0.286077	
115.500	      0.283705	      0.286077	
116.000	      0.283767	      0.286085	
116.500	      0.283827	      0.286092	
117.000	      0.283827	      0.286092	
117.500	      0.283886	      0.286099	
118.000	      0.283943	      0.286106	
118.500	      0.283999	      0.286113	
119.000	      0.283999	      0.286113	
119.500	      0.284053	       0.28612	
120.000	      0.284107	      0.286126	
120.500	      0.284107	      0.286126	
121.000	      0.284158	      0.286132	
121.500	      0.284209	      0.286138	
122.000	      0.284258	      0.286144	
122.500	      0.284258	      0.286144	
123.000	      0.284306	       0.28615	
123.500	      0.284353	      0.286155	
124.000	      0.284353	      0.286155	
124.500	      0.284399	      0.286161	
125.000	      0.284443	      0.286166	
125.500	      0.284443	      0.286166	
126.000	      0.284487	      0.286171	
126.500	       0.28453	      0.286175	
127.000	      0.284571	       0.28618	
127.500	      0.284571	       0.28618	
128.000	      0.284612	      0.286184	
128.500	      0.284652	      0.286189	
129.000	      0.284652	      0.286189	
129.500	       0.28469	      0.286193	
130.000	      0.284728	      0.286197	
130.500	      0.284765	        0.2862	
131.000	      0.284765	        0.2862	
131.500	      0.284802	      0.286204	
132.000	      0.284837	      0.286207	
132.500	      0.284837	      0.286207	
133.000	      0.284872	      0.286211	
133.500	      0.284905	      0.286214	
134.000	      0.284938	      0.286217	
134.500	      0.284938	      0.286217	
135.000	      0.284971	       0.28622	
135.500	      0.285002	      0.286222	
136.000	      0.285002	      0.286222	
136.500	      0.285033	      0.286225	
137.000	      0.285064	      0.286227	
137.500	      0.285093	      0.286229	
138.000	      0.285093	      0.286229	
138.500	      0.285122	      0.286231	
139.000	       0.28515	      0.286233	
139.500	       0.28515	      0.286233	
140.000	      0.285178	      0.286235	
140.500	      0.285205	      0.286236	
141.000	      0.285232	      0.286238	
141.500	      0.285232	      0.286238	
142.000	      0.285258	      0.286239	
142.500	      0.285283	       0.28624	
143.000	      0.285283	       0.28624	
143.500	      0.285308	      0.286241	
144.000	      0.285332	      0.286242	
144.500	      0.285356	      0.286242	
145.000	      0.285356	      0.286242	
145.500	      0.285379	      0.286243	
146.000	      0.285402	      0.286243	
146.500	      0.285402	      0.286243	
147.000	      0.285424	      0.286243	
147.500	      0.285446	      0.286243	
148.000	      0.285446	      0.286243	
148.500	      0.285467	      0.286243	
149.000	      0.285488	      0.286243	
149.500	      0.285509	      0.286243	
150.000	      0.285509	      0.286243	
150.500	      0.285529	      0.286242	
151.000	      0.285549	      0.286241	
151.500	      0.285549	      0.286241	
152.000	      0.285568	      0.286241	
152.500	      0.285587	       0.28624	
153.000	      0.285605	      0.286238	
153.500	      0.285605	      0.286238	
154.000	      0.285623	      0.286237	
154.500	      0.285641	      0.286236	
155.000	      0.285641	      0.286236	
155.500	      0.285658	      0.286234	
156.000	      0.285675	      0.286232	
156.500	      0.285692	       0.28623	
157.000	      0.285692	       0.28623	
157.500	      0.285708	      0.286228	
158.000	      0.285724	      0.286226	
158.500	      0.285724	      0.286226	
159.000	      0.285739	      0.286224	
159.500	      0.285754	      0.286221	
160.000	      0.285769	      0.286219	
160.500	      0.285769	      0.286219	
161.000	      0.285784	      0.286216	
161.500	      0.285798	      0.286213	
162.000	      0.285798	      0.286213	
162.500	      0.285812	       0.28621	
163.000	      0.285826	      0.286206	
163.500	      0.285839	      0.286203	
164.000	      0.285839	      0.286203	
164.500	      0.285852	      0.286199	
165.000	      0.285865	      0.286195	
165.500	      0.285865	      0.286195	
166.000	      0.285877	      0.286191	
166.500	       0.28589	      0.286187	
167.000	      0.285902	      0.286183	
167.500	      0.285902	      0.286183	
168.000	      0.285913	      0.286179	
168.500	      0.285925	      0.286174	
169.000	      0.285925	      0.286174	
169.500	      0.285936	      0.286169	
170.000	      0.285947	      0.286164	
170.500	      0.285947	      0.286164	
171.000	      0.285958	      0.286159	
171.500	      0.285968	      0.286154	
172.000	      0.285978	      0.286148	
172.500	      0.285978	      0.286148	
173.000	      0.285988	      0.286143	
173.500	      0.285998	      0.286137	
174.000	      0.285998	      0.286137	
174.500	      0.286007	      0.286131	
175.000	      0.286017	      0.286124	
175.500	      0.286026	      0.286118	
176.000	      0.286026	      0.286118	
176.500	      0.286035	      0.286111	
177.000	      0.286043	      0.286105	
177.500	      0.286043	      0.286105	
178.000	      0.286052	      0.286098	
178.500	       0.28606	       0.28609	
179.000	      0.286068	      0.286083	
179.500	      0.286068	      0.286083	
180.000	      0.286076	      0.286076	
