
TracePro Release: 3 2 0 
Polar Candela Distribution Data for 
Data covers +/- 180.000 degrees from Normal
Data for Missed Rays
Data generated at 09:42:32 June 30, 2025

	   0.0	 180.0
0.000	      0.151536	      0.151536	
0.500	      0.175558	     0.0981766	
1.000	      0.175558	     0.0981766	
1.500	      0.188285	     0.0619478	
2.000	      0.195753	       1.24115	
2.500	      0.200451	       15.1566	
3.000	      0.200451	       15.1566	
3.500	      0.203558	       1.23906	
4.000	      0.205688	     0.0577299	
4.500	      0.205688	     0.0577299	
5.000	       0.20719	      0.104622	
5.500	       0.20827	       0.16036	
6.000	      0.209058	      0.186974	
6.500	      0.209058	      0.186974	
7.000	      0.209639	      0.202586	
7.500	      0.210068	      0.213331	
8.000	      0.210068	      0.213331	
8.500	      0.210385	      0.221826	
9.000	      0.210618	      0.229423	
9.500	      0.210787	      0.236977	
10.000	      0.210787	      0.236977	
10.500	      0.210906	      0.245175	
11.000	      0.210985	      0.254724	
11.500	      0.210985	      0.254724	
12.000	      0.211033	      0.266515	
12.500	      0.211057	      0.281837	
13.000	      0.211057	      0.281837	
13.500	       0.21106	      0.302753	
14.000	      0.211048	      0.332844	
14.500	      0.211021	      0.378895	
15.000	      0.211021	      0.378895	
15.500	      0.210984	      0.455165	
16.000	      0.210937	      0.596162	
16.500	      0.210937	      0.596162	
17.000	      0.210882	      0.904894	
17.500	      0.210821	       1.82323	
18.000	      0.210753	       8.55683	
18.500	      0.210753	       8.55683	
19.000	      0.210681	       85.0016	
19.500	      0.210603	       8.55723	
20.000	      0.210603	       8.55723	
20.500	      0.210522	       1.82403	
21.000	      0.210437	      0.906112	
21.500	      0.210348	      0.597826	
22.000	      0.210348	      0.597826	
22.500	      0.210256	      0.457313	
23.000	      0.210161	      0.381578	
23.500	      0.210161	      0.381578	
24.000	      0.210063	      0.336131	
24.500	      0.209962	      0.306735	
25.000	      0.209858	      0.286636	
25.500	      0.209858	      0.286636	
26.000	      0.209751	      0.272295	
26.500	      0.209641	      0.261708	
27.000	      0.209641	      0.261708	
27.500	      0.209528	      0.253673	
28.000	      0.209412	      0.247434	
28.500	      0.209293	      0.242494	
29.000	      0.209293	      0.242494	
29.500	      0.209171	      0.238519	
30.000	      0.209045	      0.235273	
30.500	      0.209045	      0.235273	
31.000	      0.208916	      0.232589	
31.500	      0.208783	      0.230346	
32.000	      0.208647	      0.228453	
32.500	      0.208647	      0.228453	
33.000	      0.208507	      0.226841	
33.500	      0.208363	      0.225458	
34.000	      0.208363	      0.225458	
34.500	      0.208214	      0.224263	
35.000	      0.208061	      0.223224	
35.500	      0.208061	      0.223224	
36.000	      0.207903	      0.222315	
36.500	       0.20774	      0.221516	
37.000	      0.207572	      0.220809	
37.500	      0.207572	      0.220809	
38.000	      0.207399	      0.220182	
38.500	       0.20722	      0.219624	
39.000	       0.20722	      0.219624	
39.500	      0.207035	      0.219124	
40.000	      0.206843	      0.218675	
40.500	      0.206645	      0.218271	
41.000	      0.206645	      0.218271	
41.500	      0.206439	      0.217905	
42.000	      0.206226	      0.217575	
42.500	      0.206226	      0.217575	
43.000	      0.206005	      0.217274	
43.500	      0.205776	         0.217	
44.000	      0.205537	      0.216751	
44.500	      0.205537	      0.216751	
45.000	       0.20529	      0.216522	
45.500	      0.205032	      0.216313	
46.000	      0.205032	      0.216313	
46.500	      0.204764	      0.216121	
47.000	      0.204485	      0.215944	
47.500	      0.204194	      0.215782	
48.000	      0.204194	      0.215782	
48.500	       0.20389	      0.215632	
49.000	      0.203573	      0.215494	
49.500	      0.203573	      0.215494	
50.000	      0.203242	      0.215366	
50.500	      0.202895	      0.215248	
51.000	      0.202533	      0.215138	
51.500	      0.202533	      0.215138	
52.000	      0.202153	      0.215037	
52.500	      0.201755	      0.214943	
53.000	      0.201755	      0.214943	
53.500	      0.201337	      0.214856	
54.000	      0.200898	      0.214776	
54.500	      0.200437	      0.214701	
55.000	      0.200437	      0.214701	
55.500	      0.199952	      0.214632	
56.000	      0.199441	      0.214568	
56.500	      0.199441	      0.214568	
57.000	      0.198903	       0.21451	
57.500	      0.198334	      0.214455	
58.000	      0.198334	      0.214455	
58.500	      0.197734	      0.214405	
59.000	      0.197099	      0.214359	
59.500	      0.196427	      0.214317	
60.000	      0.196427	      0.214317	
60.500	      0.195714	      0.214279	
61.000	      0.194958	      0.214245	
61.500	      0.194958	      0.214245	
62.000	      0.194154	      0.214214	
62.500	      0.193299	      0.214186	
63.000	      0.192387	      0.214162	
63.500	      0.192387	      0.214162	
64.000	      0.191415	      0.214141	
64.500	      0.190376	      0.214123	
65.000	      0.190376	      0.214123	
65.500	      0.189263	      0.214109	
66.000	      0.188071	      0.214098	
66.500	      0.186791	      0.214091	
67.000	      0.186791	      0.214091	
67.500	      0.185414	      0.214087	
68.000	      0.183929	      0.214087	
68.500	      0.183929	      0.214087	
69.000	      0.182327	       0.21409	
69.500	      0.180592	      0.214098	
70.000	      0.178712	       0.21411	
70.500	      0.178712	       0.21411	
71.000	      0.176668	      0.214126	
71.500	      0.174441	      0.214147	
72.000	      0.174441	      0.214147	
72.500	      0.172009	      0.214174	
73.000	      0.169345	      0.214206	
73.500	       0.16642	      0.214245	
74.000	       0.16642	      0.214245	
74.500	      0.163197	      0.214291	
75.000	      0.159635	      0.214345	
75.500	      0.159635	      0.214345	
76.000	      0.155685	      0.214408	
76.500	      0.151287	      0.214482	
77.000	      0.146373	      0.214568	
77.500	      0.146373	      0.214568	
78.000	      0.140856	      0.214668	
78.500	      0.134635	      0.214783	
79.000	      0.134635	      0.214783	
79.500	      0.127584	      0.214918	
80.000	      0.119549	      0.215076	
80.500	      0.119549	      0.215076	
81.000	      0.110339	      0.215261	
81.500	     0.0997106	      0.215479	
82.000	     0.0873589	      0.215737	
82.500	     0.0873589	      0.215737	
83.000	     0.0728895	      0.216046	
83.500	     0.0557889	      0.216417	
84.000	     0.0557889	      0.216417	
84.500	     0.0353781	      0.216869	
85.000	     0.0107443	      0.217424	
85.500	     0.0193636	      0.218116	
86.000	     0.0193636	      0.218116	
86.500	     0.0566968	      0.218992	
87.000	      0.103767	      0.220122	
87.500	      0.103767	      0.220122	
88.000	      0.164283	      0.221613	
88.500	      0.243902	      0.223635	
89.000	      0.351605	       0.22647	
89.500	      0.351605	       0.22647	
90.000	      0.502355	      0.230617	
90.500	      0.722608	      0.237029	
91.000	      0.722608	      0.237029	
91.500	       1.06282	      0.247714	
92.000	       1.62933	      0.267537	
92.500	       2.67979	      0.311022	
93.000	       2.67979	      0.311022	
93.500	       4.98354	      0.440486	
94.000	       11.8411	       1.39008	
94.500	       11.8411	       1.39008	
95.000	       62.1367	       11.8044	
95.500	        636.71	       1.39005	
96.000	       62.1366	      0.440444	
96.500	       62.1366	      0.440444	
97.000	       11.8409	      0.310959	
97.500	       4.98325	      0.267453	
98.000	       4.98325	      0.267453	
98.500	       2.67941	      0.247609	
99.000	       1.62884	      0.236902	
99.500	       1.06222	      0.230469	
100.000	       1.06222	      0.230469	
100.500	      0.721886	        0.2263	
101.000	      0.501501	      0.223443	
101.500	      0.501501	      0.223443	
102.000	      0.350605	        0.2214	
102.500	       0.24274	      0.219886	
103.000	       0.24274	      0.219886	
103.500	      0.162939	      0.218734	
104.000	      0.102215	      0.217835	
104.500	     0.0549038	       0.21712	
105.000	     0.0549038	       0.21712	
105.500	     0.0172902	      0.216542	
106.000	     0.0131487	      0.216067	
106.500	     0.0131487	      0.216067	
107.000	     0.0381787	      0.215672	
107.500	     0.0590704	      0.215339	
108.000	     0.0767642	      0.215056	
108.500	     0.0767642	      0.215056	
109.000	     0.0919785	      0.214813	
109.500	      0.105285	      0.214602	
110.000	      0.105285	      0.214602	
110.500	      0.117166	      0.214418	
111.000	      0.128068	      0.214257	
111.500	      0.138468	      0.214114	
112.000	      0.138468	      0.214114	
112.500	      0.148971	      0.213986	
113.000	      0.160521	      0.213872	
113.500	      0.160521	      0.213872	
114.000	      0.174907	      0.213769	
114.500	      0.196266	      0.213676	
115.000	       0.23672	      0.213591	
115.500	       0.23672	      0.213591	
116.000	      0.347993	      0.213514	
116.500	       1.13868	      0.213443	
117.000	       1.13868	      0.213443	
117.500	       9.79494	      0.213377	
118.000	       1.14483	      0.213316	
118.500	      0.360374	       0.21326	
119.000	      0.360374	       0.21326	
119.500	      0.255486	      0.213207	
120.000	       0.22166	      0.213158	
120.500	       0.22166	      0.213158	
121.000	      0.207264	      0.213111	
121.500	      0.200278	      0.213068	
122.000	      0.196687	      0.213026	
122.500	      0.196687	      0.213026	
123.000	      0.194842	      0.212987	
123.500	      0.193966	       0.21295	
124.000	      0.193966	       0.21295	
124.500	      0.193657	      0.212914	
125.000	      0.193689	       0.21288	
125.500	      0.193689	       0.21288	
126.000	      0.193933	      0.212847	
126.500	      0.194306	      0.212816	
127.000	      0.194759	      0.212786	
127.500	      0.194759	      0.212786	
128.000	      0.195258	      0.212756	
128.500	      0.195781	      0.212728	
129.000	      0.195781	      0.212728	
129.500	      0.196314	        0.2127	
130.000	      0.196847	      0.212674	
130.500	      0.197374	      0.212647	
131.000	      0.197374	      0.212647	
131.500	       0.19789	      0.212622	
132.000	      0.198392	      0.212597	
132.500	      0.198392	      0.212597	
133.000	      0.198879	      0.212572	
133.500	       0.19935	      0.212548	
134.000	      0.199804	      0.212524	
134.500	      0.199804	      0.212524	
135.000	       0.20024	      0.212501	
135.500	       0.20066	      0.212477	
136.000	       0.20066	      0.212477	
136.500	      0.201064	      0.212454	
137.000	      0.201451	      0.212432	
137.500	      0.201822	      0.212409	
138.000	      0.201822	      0.212409	
138.500	      0.202179	      0.212386	
139.000	      0.202521	      0.212364	
139.500	      0.202521	      0.212364	
140.000	      0.202849	      0.212342	
140.500	      0.203164	       0.21232	
141.000	      0.203466	      0.212297	
141.500	      0.203466	      0.212297	
142.000	      0.203756	      0.212275	
142.500	      0.204034	      0.212253	
143.000	      0.204034	      0.212253	
143.500	      0.204301	      0.212231	
144.000	      0.204558	      0.212209	
144.500	      0.204805	      0.212186	
145.000	      0.204805	      0.212186	
145.500	      0.205042	      0.212164	
146.000	       0.20527	      0.212141	
146.500	       0.20527	      0.212141	
147.000	       0.20549	      0.212118	
147.500	      0.205701	      0.212095	
148.000	      0.205701	      0.212095	
148.500	      0.205904	      0.212072	
149.000	        0.2061	      0.212049	
149.500	      0.206288	      0.212026	
150.000	      0.206288	      0.212026	
150.500	       0.20647	      0.212002	
151.000	      0.206645	      0.211978	
151.500	      0.206645	      0.211978	
152.000	      0.206814	      0.211954	
152.500	      0.206977	      0.211929	
153.000	      0.207134	      0.211905	
153.500	      0.207134	      0.211905	
154.000	      0.207286	       0.21188	
154.500	      0.207433	      0.211854	
155.000	      0.207433	      0.211854	
155.500	      0.207575	      0.211828	
156.000	      0.207712	      0.211802	
156.500	      0.207844	      0.211776	
157.000	      0.207844	      0.211776	
157.500	      0.207973	      0.211749	
158.000	      0.208097	      0.211722	
158.500	      0.208097	      0.211722	
159.000	      0.208217	      0.211694	
159.500	      0.208333	      0.211666	
160.000	      0.208445	      0.211638	
160.500	      0.208445	      0.211638	
161.000	      0.208555	      0.211608	
161.500	       0.20866	      0.211579	
162.000	       0.20866	      0.211579	
162.500	      0.208763	      0.211549	
163.000	      0.208862	      0.211518	
163.500	      0.208958	      0.211487	
164.000	      0.208958	      0.211487	
164.500	      0.209052	      0.211456	
165.000	      0.209143	      0.211423	
165.500	      0.209143	      0.211423	
166.000	      0.209231	       0.21139	
166.500	      0.209317	      0.211357	
167.000	        0.2094	      0.211323	
167.500	        0.2094	      0.211323	
168.000	      0.209481	      0.211288	
168.500	      0.209559	      0.211252	
169.000	      0.209559	      0.211252	
169.500	      0.209636	      0.211216	
170.000	       0.20971	      0.211179	
170.500	       0.20971	      0.211179	
171.000	      0.209782	      0.211141	
171.500	      0.209852	      0.211103	
172.000	      0.209921	      0.211064	
172.500	      0.209921	      0.211064	
173.000	      0.209988	      0.211023	
173.500	      0.210052	      0.210982	
174.000	      0.210052	      0.210982	
174.500	      0.210116	       0.21094	
175.000	      0.210177	      0.210897	
175.500	      0.210237	      0.210853	
176.000	      0.210237	      0.210853	
176.500	      0.210296	      0.210808	
177.000	      0.210353	      0.210762	
177.500	      0.210353	      0.210762	
178.000	      0.210409	      0.210715	
178.500	      0.210463	      0.210667	
179.000	      0.210516	      0.210618	
179.500	      0.210516	      0.210618	
180.000	      0.210567	      0.210567	
