
TracePro Release: 3 2 0 
Polar Candela Distribution Data for 
Data covers +/- 180.000 degrees from Normal
Data for Missed Rays
Data generated at 09:38:45 June 25, 2025

	   0.0	 180.0
0.000	      0.189585	      0.189585	
0.500	      0.178222	       0.22342	
1.000	      0.178222	       0.22342	
1.500	      0.145703	      0.216166	
2.000	      0.541972	      0.998036	
2.500	      0.143784	      0.735516	
3.000	      0.143784	      0.735516	
3.500	      0.187487	       3.34865	
4.000	     0.0449047	       11.6474	
4.500	     0.0449047	       11.6474	
5.000	       0.18782	       2.16184	
5.500	      0.156481	      0.118343	
6.000	      0.350126	      0.284288	
6.500	      0.350126	      0.284288	
7.000	      0.153454	      0.222024	
7.500	      0.188332	      0.203311	
8.000	      0.188332	      0.203311	
8.500	      0.371375	      0.193952	
9.000	       1.68356	      0.188243	
9.500	      0.973825	      0.183651	
10.000	      0.973825	      0.183651	
10.500	      0.224419	      0.176839	
11.000	     0.0772588	      0.138544	
11.500	     0.0772588	      0.138544	
12.000	        1.1715	      0.654588	
12.500	     0.0286003	      0.136406	
13.000	     0.0286003	      0.136406	
13.500	      0.628347	      0.169462	
14.000	      0.131298	      0.138832	
14.500	        0.2482	      0.671485	
15.000	        0.2482	      0.671485	
15.500	      0.851838	     0.0595939	
16.000	       0.73528	      0.191239	
16.500	       0.73528	      0.191239	
17.000	      0.936435	       0.19255	
17.500	      0.751377	      0.196137	
18.000	     0.0203302	      0.195197	
18.500	     0.0203302	      0.195197	
19.000	       1.53373	      0.277923	
19.500	      0.525622	      0.205746	
20.000	      0.525622	      0.205746	
20.500	       1.04186	      0.214478	
21.000	       1.59434	      0.177147	
21.500	      0.425071	      0.970061	
22.000	      0.425071	      0.970061	
22.500	      0.960406	      0.222013	
23.000	      0.267933	      0.684809	
23.500	      0.267933	      0.684809	
24.000	      0.108834	      0.343541	
24.500	      0.930936	      0.500086	
25.000	     0.0238073	     0.0417465	
25.500	     0.0238073	     0.0417465	
26.000	      0.820045	       1.07985	
26.500	     0.0191763	       1.96497	
27.000	     0.0191763	       1.96497	
27.500	       1.68849	       9.77014	
28.000	       1.35957	       97.8687	
28.500	       1.17991	       10.4173	
29.000	       1.17991	       10.4173	
29.500	       1.25731	       1.14333	
30.000	      0.347994	        1.8591	
30.500	      0.347994	        1.8591	
31.000	      0.455024	      0.224637	
31.500	      0.288755	       2.30524	
32.000	      0.755321	       4.15232	
32.500	      0.755321	       4.15232	
33.000	       1.66153	       3.57419	
33.500	      0.602817	       2.86446	
34.000	      0.602817	       2.86446	
34.500	      0.658325	       5.25729	
35.000	       1.23124	      0.209635	
35.500	       1.23124	      0.209635	
36.000	       1.74192	       1.66415	
36.500	     0.0013234	       4.52966	
37.000	      0.558834	       1.19738	
37.500	      0.558834	       1.19738	
38.000	      0.175152	      0.286238	
38.500	       0.16571	       1.77308	
39.000	       0.16571	       1.77308	
39.500	     0.0942278	       1.64848	
40.000	       1.07108	         1.898	
40.500	      0.902694	       1.95748	
41.000	      0.902694	       1.95748	
41.500	      0.276194	       1.02456	
42.000	      0.510517	       1.46067	
42.500	      0.510517	       1.46067	
43.000	      0.869237	      0.703343	
43.500	     0.0148109	      0.152447	
44.000	        1.3486	      0.504178	
44.500	        1.3486	      0.504178	
45.000	      0.123121	     0.0709763	
45.500	       1.03663	      0.479382	
46.000	       1.03663	      0.479382	
46.500	       1.12697	       0.14738	
47.000	      0.740475	      0.250663	
47.500	       1.07922	      0.162806	
48.000	       1.07922	      0.162806	
48.500	      0.427682	      0.242153	
49.000	      0.739672	      0.166698	
49.500	      0.739672	      0.166698	
50.000	       1.27405	      0.229432	
50.500	       1.99595	     0.0654549	
51.000	      0.595665	      0.183695	
51.500	      0.595665	      0.183695	
52.000	       1.88107	      0.175513	
52.500	      0.460324	      0.174003	
53.000	      0.460324	      0.174003	
53.500	     0.0835041	      0.172856	
54.000	      0.101038	      0.170816	
54.500	      0.219775	      0.158609	
55.000	      0.219775	      0.158609	
55.500	       3.39202	      0.323103	
56.000	       1.06958	      0.158024	
56.500	       1.06958	      0.158024	
57.000	          1.02	      0.169619	
57.500	      0.909775	      0.170971	
58.000	      0.909775	      0.170971	
58.500	       1.09371	      0.171226	
59.000	        1.8456	      0.171096	
59.500	       2.51834	      0.170493	
60.000	       2.51834	      0.170493	
60.500	      0.268253	      0.166124	
61.000	        1.7461	      0.232798	
61.500	        1.7461	      0.232798	
62.000	       1.00867	     0.0985847	
62.500	      0.914128	      0.280383	
63.000	     0.0929061	      0.162429	
63.500	     0.0929061	      0.162429	
64.000	      0.982888	      0.174266	
64.500	        1.7829	      0.118364	
65.000	        1.7829	      0.118364	
65.500	       1.09469	      0.175455	
66.000	       1.81669	      0.171454	
66.500	        0.9794	      0.170937	
67.000	        0.9794	      0.170937	
67.500	       0.97592	      0.170794	
68.000	      0.104511	      0.170828	
68.500	      0.104511	      0.170828	
69.000	       2.80071	      0.171213	
69.500	       1.02786	       0.17465	
70.000	        3.9085	      0.125727	
70.500	        3.9085	      0.125727	
71.000	      0.341694	      0.174516	
71.500	       2.42904	      0.170941	
72.000	       2.42904	      0.170941	
72.500	       0.70961	      0.170406	
73.000	       7.74806	      0.170192	
73.500	       9.64999	      0.170068	
74.000	       9.64999	      0.170068	
74.500	       54.5253	      0.169981	
75.000	       542.342	      0.169912	
75.500	       542.342	      0.169912	
76.000	       53.0589	      0.169853	
76.500	       9.33936	      0.169802	
77.000	       4.31432	      0.169755	
77.500	       4.31432	      0.169755	
78.000	       2.30139	      0.169711	
78.500	       1.40629	      0.169671	
79.000	       1.40629	      0.169671	
79.500	      0.867046	      0.169633	
80.000	      0.633024	      0.169597	
80.500	      0.633024	      0.169597	
81.000	      0.425299	      0.169563	
81.500	      0.650927	      0.169531	
82.000	      0.451825	        0.1695	
82.500	      0.451825	        0.1695	
83.000	       1.65351	       0.16947	
83.500	       2.39207	      0.169442	
84.000	       2.39207	      0.169442	
84.500	      0.340068	      0.169415	
85.000	      0.563993	      0.169389	
85.500	     0.0976139	      0.169364	
86.000	     0.0976139	      0.169364	
86.500	      0.130453	       0.16934	
87.000	     0.0191373	      0.169317	
87.500	     0.0191373	      0.169317	
88.000	       0.30714	      0.169294	
88.500	      0.071047	      0.169273	
89.000	      0.547969	      0.169252	
89.500	      0.547969	      0.169252	
90.000	     0.0148961	      0.169232	
90.500	      0.548648	      0.169212	
91.000	      0.548648	      0.169212	
91.500	     0.0361115	      0.169193	
92.000	      0.350833	      0.169175	
92.500	      0.475598	      0.169157	
93.000	      0.475598	      0.169157	
93.500	      0.215424	       0.16914	
94.000	      0.550478	      0.169124	
94.500	      0.550478	      0.169124	
95.000	      0.468133	      0.169107	
95.500	      0.105275	      0.169092	
96.000	      0.139213	      0.169076	
96.500	      0.139213	      0.169076	
97.000	      0.285099	      0.169061	
97.500	       1.10565	      0.169047	
98.000	       1.10565	      0.169047	
98.500	      0.185826	      0.169033	
99.000	      0.401039	      0.169019	
99.500	      0.540003	      0.169005	
100.000	      0.540003	      0.169005	
100.500	        1.1702	      0.168992	
101.000	      0.536442	      0.168979	
101.500	      0.536442	      0.168979	
102.000	       2.27843	      0.168967	
102.500	      0.657501	      0.168954	
103.000	      0.657501	      0.168954	
103.500	        1.0424	      0.168942	
104.000	      0.879054	      0.168931	
104.500	      0.538219	      0.168919	
105.000	      0.538219	      0.168919	
105.500	      0.149743	      0.168908	
106.000	      0.213906	      0.168896	
106.500	      0.213906	      0.168896	
107.000	      0.148381	      0.168885	
107.500	      0.150394	      0.168874	
108.000	      0.151087	      0.168864	
108.500	      0.151087	      0.168864	
109.000	      0.151823	      0.168853	
109.500	      0.152557	      0.168843	
110.000	      0.152557	      0.168843	
110.500	      0.153263	      0.168833	
111.000	       0.15393	      0.168823	
111.500	      0.154558	      0.168813	
112.000	      0.154558	      0.168813	
112.500	      0.155147	      0.168803	
113.000	      0.155701	      0.168793	
113.500	      0.155701	      0.168793	
114.000	      0.156221	      0.168783	
114.500	      0.156711	      0.168774	
115.000	      0.157173	      0.168765	
115.500	      0.157173	      0.168765	
116.000	      0.157609	      0.168755	
116.500	      0.158021	      0.168746	
117.000	      0.158021	      0.168746	
117.500	      0.158411	      0.168737	
118.000	       0.15878	      0.168727	
118.500	       0.15913	      0.168718	
119.000	       0.15913	      0.168718	
119.500	      0.159463	      0.168709	
120.000	       0.15978	        0.1687	
120.500	       0.15978	        0.1687	
121.000	      0.160081	      0.168691	
121.500	      0.160368	      0.168682	
122.000	      0.160641	      0.168673	
122.500	      0.160641	      0.168673	
123.000	      0.160902	      0.168664	
123.500	      0.161151	      0.168656	
124.000	      0.161151	      0.168656	
124.500	      0.161389	      0.168647	
125.000	      0.161617	      0.168638	
125.500	      0.161617	      0.168638	
126.000	      0.161835	      0.168629	
126.500	      0.162044	       0.16862	
127.000	      0.162244	      0.168611	
127.500	      0.162244	      0.168611	
128.000	      0.162436	      0.168602	
128.500	       0.16262	      0.168593	
129.000	       0.16262	      0.168593	
129.500	      0.162797	      0.168585	
130.000	      0.162967	      0.168576	
130.500	       0.16313	      0.168567	
131.000	       0.16313	      0.168567	
131.500	      0.163287	      0.168558	
132.000	      0.163438	      0.168549	
132.500	      0.163438	      0.168549	
133.000	      0.163583	      0.168539	
133.500	      0.163724	       0.16853	
134.000	      0.163859	      0.168521	
134.500	      0.163859	      0.168521	
135.000	      0.163989	      0.168512	
135.500	      0.164114	      0.168503	
136.000	      0.164114	      0.168503	
136.500	      0.164235	      0.168493	
137.000	      0.164352	      0.168484	
137.500	      0.164465	      0.168474	
138.000	      0.164465	      0.168474	
138.500	      0.164575	      0.168465	
139.000	       0.16468	      0.168455	
139.500	       0.16468	      0.168455	
140.000	      0.164782	      0.168446	
140.500	      0.164881	      0.168436	
141.000	      0.164976	      0.168426	
141.500	      0.164976	      0.168426	
142.000	      0.165069	      0.168416	
142.500	      0.165158	      0.168406	
143.000	      0.165158	      0.168406	
143.500	      0.165245	      0.168396	
144.000	      0.165329	      0.168385	
144.500	       0.16541	      0.168375	
145.000	       0.16541	      0.168375	
145.500	      0.165489	      0.168365	
146.000	      0.165566	      0.168354	
146.500	      0.165566	      0.168354	
147.000	       0.16564	      0.168343	
147.500	      0.165712	      0.168332	
148.000	      0.165712	      0.168332	
148.500	      0.165782	      0.168321	
149.000	       0.16585	       0.16831	
149.500	      0.165916	      0.168299	
150.000	      0.165916	      0.168299	
150.500	       0.16598	      0.168288	
151.000	      0.166042	      0.168276	
151.500	      0.166042	      0.168276	
152.000	      0.166103	      0.168264	
152.500	      0.166162	      0.168253	
153.000	      0.166219	      0.168241	
153.500	      0.166219	      0.168241	
154.000	      0.166275	      0.168228	
154.500	      0.166329	      0.168216	
155.000	      0.166329	      0.168216	
155.500	      0.166382	      0.168204	
156.000	      0.166433	      0.168191	
156.500	      0.166483	      0.168178	
157.000	      0.166483	      0.168178	
157.500	      0.166532	      0.168165	
158.000	       0.16658	      0.168152	
158.500	       0.16658	      0.168152	
159.000	      0.166626	      0.168138	
159.500	      0.166671	      0.168125	
160.000	      0.166715	      0.168111	
160.500	      0.166715	      0.168111	
161.000	      0.166758	      0.168097	
161.500	        0.1668	      0.168082	
162.000	        0.1668	      0.168082	
162.500	      0.166841	      0.168068	
163.000	      0.166881	      0.168053	
163.500	       0.16692	      0.168038	
164.000	       0.16692	      0.168038	
164.500	      0.166957	      0.168023	
165.000	      0.166995	      0.168007	
165.500	      0.166995	      0.168007	
166.000	      0.167031	      0.167991	
166.500	      0.167066	      0.167975	
167.000	      0.167101	      0.167959	
167.500	      0.167101	      0.167959	
168.000	      0.167134	      0.167942	
168.500	      0.167167	      0.167925	
169.000	      0.167167	      0.167925	
169.500	      0.167199	      0.167908	
170.000	      0.167231	       0.16789	
170.500	      0.167231	       0.16789	
171.000	      0.167262	      0.167872	
171.500	      0.167292	      0.167854	
172.000	      0.167321	      0.167836	
172.500	      0.167321	      0.167836	
173.000	       0.16735	      0.167817	
173.500	      0.167378	      0.167798	
174.000	      0.167378	      0.167798	
174.500	      0.167406	      0.167778	
175.000	      0.167433	      0.167758	
175.500	      0.167459	      0.167738	
176.000	      0.167459	      0.167738	
176.500	      0.167485	      0.167717	
177.000	      0.167511	      0.167696	
177.500	      0.167511	      0.167696	
178.000	      0.167535	      0.167674	
178.500	       0.16756	      0.167652	
179.000	      0.167584	       0.16763	
179.500	      0.167584	       0.16763	
180.000	      0.167607	      0.167607	
