
TracePro Release: 3 2 0 
Polar Candela Distribution Data for 
Data covers +/- 180.000 degrees from Normal
Data for Missed Rays
Data generated at 09:42:46 June 30, 2025

	   0.0	 180.0
0.000	     0.0691227	     0.0691227	
0.500	     0.0801724	     0.0540935	
1.000	     0.0801724	     0.0540935	
1.500	     0.0885133	     0.0329675	
2.000	     0.0949449	    0.00200043	
2.500	     0.0999909	     0.0459501	
3.000	     0.0999909	     0.0459501	
3.500	      0.104006	       0.12594	
4.000	      0.107236	      0.274446	
4.500	      0.107236	      0.274446	
5.000	      0.109856	      0.600394	
5.500	      0.111995	       1.57108	
6.000	      0.113746	       8.69189	
6.500	      0.113746	       8.69189	
7.000	       0.11518	       90.2538	
7.500	       0.11635	       8.69137	
8.000	       0.11635	       8.69137	
8.500	      0.117298	       1.57005	
9.000	      0.118053	      0.598829	
9.500	      0.118641	      0.272343	
10.000	      0.118641	      0.272343	
10.500	      0.119078	      0.123284	
11.000	      0.119379	     0.0427203	
11.500	      0.119379	     0.0427203	
12.000	      0.119551	    0.00582715	
12.500	      0.119602	     0.0374202	
13.000	      0.119602	     0.0374202	
13.500	      0.119534	     0.0592067	
14.000	      0.119347	     0.0749373	
14.500	      0.119037	     0.0867366	
15.000	      0.119037	     0.0867366	
15.500	        0.1186	     0.0958834	
16.000	      0.118025	      0.103187	
16.500	      0.118025	      0.103187	
17.000	        0.1173	      0.109182	
17.500	      0.116406	      0.114236	
18.000	      0.115323	      0.118611	
18.500	      0.115323	      0.118611	
19.000	      0.114018	      0.122502	
19.500	      0.112455	      0.126059	
20.000	      0.112455	      0.126059	
20.500	      0.110584	      0.129405	
21.000	       0.10834	      0.132646	
21.500	      0.105638	      0.135879	
22.000	      0.105638	      0.135879	
22.500	      0.102365	      0.139202	
23.000	     0.0983691	      0.142718	
23.500	     0.0983691	      0.142718	
24.000	       0.09344	      0.146548	
24.500	     0.0872839	      0.150837	
25.000	     0.0794783	      0.155776	
25.500	     0.0794783	      0.155776	
26.000	     0.0693996	      0.161619	
26.500	     0.0560953	      0.168725	
27.000	     0.0560953	      0.168725	
27.500	     0.0380528	      0.177623	
28.000	     0.0127522	      0.189126	
28.500	     0.0242626	      0.204545	
29.000	     0.0242626	      0.204545	
29.500	     0.0814905	      0.226133	
30.000	      0.176847	      0.258058	
30.500	      0.176847	      0.258058	
31.000	      0.353732	      0.308842	
31.500	      0.741749	      0.398512	
32.000	        1.8969	       0.58523	
32.500	        1.8969	       0.58523	
33.000	       10.3695	       1.11356	
33.500	       107.357	       4.87281	
34.000	       107.357	       4.87281	
34.500	       10.3694	        48.984	
35.000	       1.89665	       30.4219	
35.500	       1.89665	       30.4219	
36.000	      0.741373	       50.8676	
36.500	      0.353229	        5.0689	
37.000	      0.176214	       1.18785	
37.500	      0.176214	       1.18785	
38.000	      0.080725	      0.667471	
38.500	     0.0233618	       0.51229	
39.000	     0.0233618	       0.51229	
39.500	     0.0137921	      0.479833	
40.000	      0.039236	      0.536417	
40.500	     0.0574268	      0.740101	
41.000	     0.0574268	      0.740101	
41.500	     0.0708852	        1.4195	
42.000	     0.0811246	       6.54447	
42.500	     0.0811246	       6.54447	
43.000	     0.0890981	       64.8918	
43.500	     0.0954304	       6.52363	
44.000	      0.100545	       1.37568	
44.500	      0.100545	       1.37568	
45.000	      0.104737	      0.668323	
45.500	      0.108217	      0.427101	
46.000	      0.108217	      0.427101	
46.500	       0.11114	      0.314413	
47.000	       0.11362	      0.251415	
47.500	      0.115743	      0.211601	
48.000	      0.115743	      0.211601	
48.500	      0.117577	      0.183942	
49.000	      0.119172	      0.163125	
49.500	      0.119172	      0.163125	
50.000	       0.12057	      0.146283	
50.500	      0.121804	      0.131701	
51.000	        0.1229	      0.118241	
51.500	        0.1229	      0.118241	
52.000	      0.123879	      0.105049	
52.500	      0.124759	     0.0913876	
53.000	      0.124759	     0.0913876	
53.500	      0.125554	     0.0765215	
54.000	      0.126277	     0.0596099	
54.500	      0.126938	     0.0395834	
55.000	      0.126938	     0.0395834	
55.500	      0.127546	     0.0149662	
56.000	      0.128108	     0.0164148	
56.500	      0.128108	     0.0164148	
57.000	      0.128632	     0.0579463	
57.500	      0.129123	      0.115218	
58.000	      0.129123	      0.115218	
58.500	      0.129587	      0.198069	
59.000	      0.130028	      0.325223	
59.500	      0.130451	      0.536111	
60.000	      0.130451	      0.536111	
60.500	       0.13086	      0.926218	
61.000	       0.13126	       1.78064	
61.500	       0.13126	       1.78064	
62.000	      0.131654	       4.32239	
62.500	      0.132048	       22.9599	
63.000	      0.132445	       235.996	
63.500	      0.132445	       235.996	
64.000	      0.132851	        22.961	
64.500	      0.133271	       4.32452	
65.000	      0.133271	       4.32452	
65.500	      0.133711	       1.78386	
66.000	      0.134179	      0.930584	
66.500	      0.134684	      0.541677	
67.000	      0.134684	      0.541677	
67.500	      0.135235	      0.332066	
68.000	      0.135847	      0.206289	
68.500	      0.135847	      0.206289	
69.000	      0.136534	      0.124939	
69.500	      0.137318	     0.0693229	
70.000	      0.138226	     0.0296401	
70.500	      0.138226	     0.0296401	
71.000	      0.139292	   0.000347773	
71.500	      0.140564	     0.0218808	
72.000	      0.140564	     0.0218808	
72.500	      0.142106	     0.0391408	
73.000	       0.14401	     0.0528048	
73.500	      0.146404	     0.0638026	
74.000	      0.146404	     0.0638026	
74.500	      0.149479	     0.0727822	
75.000	      0.153529	     0.0802062	
75.500	      0.153529	     0.0802062	
76.000	      0.159017	     0.0864124	
76.500	      0.166717	     0.0916514	
77.000	      0.177997	      0.096113	
77.500	      0.177997	      0.096113	
78.000	      0.195466	     0.0999427	
78.500	      0.224627	      0.103253	
79.000	      0.224627	      0.103253	
79.500	      0.278811	      0.106134	
80.000	      0.397831	      0.108655	
80.500	      0.397831	      0.108655	
81.000	      0.752489	      0.110874	
81.500	       3.35506	      0.112837	
82.000	        32.811	       0.11458	
82.500	        32.811	       0.11458	
83.000	       3.35445	      0.116136	
83.500	      0.751264	       0.11753	
84.000	      0.751264	       0.11753	
84.500	      0.395975	      0.118784	
85.000	        0.2763	      0.119915	
85.500	      0.221427	      0.120939	
86.000	      0.221427	      0.120939	
86.500	      0.191535	      0.121868	
87.000	       0.17328	      0.122715	
87.500	       0.17328	      0.122715	
88.000	      0.161148	      0.123488	
88.500	      0.152513	      0.124195	
89.000	      0.145988	      0.124845	
89.500	      0.145988	      0.124845	
90.000	      0.140777	      0.125442	
90.500	       0.13639	      0.125992	
91.000	       0.13639	      0.125992	
91.500	      0.132499	        0.1265	
92.000	       0.12887	       0.12697	
92.500	      0.125318	      0.127406	
93.000	      0.125318	      0.127406	
93.500	      0.121681	      0.127811	
94.000	      0.117798	      0.128187	
94.500	      0.117798	      0.128187	
95.000	      0.113496	      0.128538	
95.500	      0.108564	      0.128865	
96.000	      0.102731	      0.129171	
96.500	      0.102731	      0.129171	
97.000	      0.095626	      0.129457	
97.500	     0.0867144	      0.129726	
98.000	     0.0867144	      0.129726	
98.500	     0.0751936	      0.129977	
99.000	     0.0597986	      0.130214	
99.500	     0.0384307	      0.130436	
100.000	     0.0384307	      0.130436	
100.500	    0.00738693	      0.130645	
101.000	     0.0403878	      0.130843	
101.500	     0.0403878	      0.130843	
102.000	      0.119758	      0.131029	
102.500	      0.266727	      0.131205	
103.000	      0.266727	      0.131205	
103.500	      0.588795	      0.131371	
104.000	       1.54714	      0.131529	
104.500	       8.57498	      0.131678	
105.000	       8.57498	      0.131678	
105.500	       89.0733	      0.131819	
106.000	       8.57521	      0.131953	
106.500	       8.57521	      0.131953	
107.000	       1.54761	      0.132081	
107.500	      0.589501	      0.132202	
108.000	      0.267681	      0.132317	
108.500	      0.267681	      0.132317	
109.000	      0.120974	      0.132427	
109.500	     0.0418811	      0.132531	
110.000	     0.0418811	      0.132531	
110.500	     0.0055957	      0.132631	
111.000	     0.0363161	      0.132725	
111.500	     0.0573296	      0.132816	
112.000	     0.0573296	      0.132816	
112.500	      0.072332	      0.132903	
113.000	     0.0834138	      0.132985	
113.500	     0.0834138	      0.132985	
114.000	     0.0918297	      0.133064	
114.500	     0.0983699	       0.13314	
115.000	      0.103552	      0.133212	
115.500	      0.103552	      0.133212	
116.000	      0.107727	      0.133282	
116.500	       0.11114	      0.133348	
117.000	       0.11114	      0.133348	
117.500	      0.113964	      0.133412	
118.000	      0.116328	      0.133473	
118.500	      0.118326	      0.133531	
119.000	      0.118326	      0.133531	
119.500	      0.120029	      0.133588	
120.000	      0.121494	      0.133642	
120.500	      0.121494	      0.133642	
121.000	      0.122761	      0.133693	
121.500	      0.123865	      0.133743	
122.000	      0.124833	      0.133791	
122.500	      0.124833	      0.133791	
123.000	      0.125686	      0.133837	
123.500	      0.126442	      0.133882	
124.000	      0.126442	      0.133882	
124.500	      0.127114	      0.133924	
125.000	      0.127715	      0.133965	
125.500	      0.127715	      0.133965	
126.000	      0.128254	      0.134005	
126.500	       0.12874	      0.134043	
127.000	      0.129178	      0.134079	
127.500	      0.129178	      0.134079	
128.000	      0.129576	      0.134115	
128.500	      0.129938	      0.134149	
129.000	      0.129938	      0.134149	
129.500	      0.130268	      0.134181	
130.000	       0.13057	      0.134213	
130.500	      0.130846	      0.134244	
131.000	      0.130846	      0.134244	
131.500	      0.131101	      0.134273	
132.000	      0.131335	      0.134301	
132.500	      0.131335	      0.134301	
133.000	      0.131551	      0.134329	
133.500	      0.131751	      0.134355	
134.000	      0.131936	      0.134381	
134.500	      0.131936	      0.134381	
135.000	      0.132108	      0.134405	
135.500	      0.132268	      0.134429	
136.000	      0.132268	      0.134429	
136.500	      0.132417	      0.134452	
137.000	      0.132556	      0.134474	
137.500	      0.132685	      0.134495	
138.000	      0.132685	      0.134495	
138.500	      0.132807	      0.134515	
139.000	      0.132921	      0.134535	
139.500	      0.132921	      0.134535	
140.000	      0.133027	      0.134554	
140.500	      0.133128	      0.134573	
141.000	      0.133222	      0.134591	
141.500	      0.133222	      0.134591	
142.000	      0.133311	      0.134608	
142.500	      0.133394	      0.134624	
143.000	      0.133394	      0.134624	
143.500	      0.133473	       0.13464	
144.000	      0.133548	      0.134655	
144.500	      0.133618	       0.13467	
145.000	      0.133618	       0.13467	
145.500	      0.133685	      0.134684	
146.000	      0.133748	      0.134698	
146.500	      0.133748	      0.134698	
147.000	      0.133808	      0.134711	
147.500	      0.133864	      0.134724	
148.000	      0.133864	      0.134724	
148.500	      0.133918	      0.134736	
149.000	      0.133969	      0.134748	
149.500	      0.134018	      0.134759	
150.000	      0.134018	      0.134759	
150.500	      0.134064	       0.13477	
151.000	      0.134108	       0.13478	
151.500	      0.134108	       0.13478	
152.000	      0.134149	       0.13479	
152.500	      0.134189	      0.134799	
153.000	      0.134227	      0.134808	
153.500	      0.134227	      0.134808	
154.000	      0.134263	      0.134817	
154.500	      0.134297	      0.134825	
155.000	      0.134297	      0.134825	
155.500	       0.13433	      0.134833	
156.000	      0.134362	       0.13484	
156.500	      0.134391	      0.134847	
157.000	      0.134391	      0.134847	
157.500	       0.13442	      0.134854	
158.000	      0.134447	       0.13486	
158.500	      0.134447	       0.13486	
159.000	      0.134473	      0.134866	
159.500	      0.134498	      0.134871	
160.000	      0.134522	      0.134877	
160.500	      0.134522	      0.134877	
161.000	      0.134544	      0.134881	
161.500	      0.134566	      0.134886	
162.000	      0.134566	      0.134886	
162.500	      0.134587	       0.13489	
163.000	      0.134606	      0.134894	
163.500	      0.134625	      0.134897	
164.000	      0.134625	      0.134897	
164.500	      0.134643	        0.1349	
165.000	      0.134661	      0.134903	
165.500	      0.134661	      0.134903	
166.000	      0.134677	      0.134905	
166.500	      0.134693	      0.134907	
167.000	      0.134708	      0.134909	
167.500	      0.134708	      0.134909	
168.000	      0.134722	       0.13491	
168.500	      0.134736	      0.134911	
169.000	      0.134736	      0.134911	
169.500	      0.134748	      0.134911	
170.000	      0.134761	      0.134912	
170.500	      0.134761	      0.134912	
171.000	      0.134772	      0.134912	
171.500	      0.134784	      0.134911	
172.000	      0.134794	       0.13491	
172.500	      0.134794	       0.13491	
173.000	      0.134804	      0.134909	
173.500	      0.134814	      0.134908	
174.000	      0.134814	      0.134908	
174.500	      0.134823	      0.134906	
175.000	      0.134831	      0.134904	
175.500	      0.134839	      0.134901	
176.000	      0.134839	      0.134901	
176.500	      0.134847	      0.134898	
177.000	      0.134854	      0.134895	
177.500	      0.134854	      0.134895	
178.000	       0.13486	      0.134891	
178.500	      0.134867	      0.134887	
179.000	      0.134872	      0.134883	
179.500	      0.134872	      0.134883	
180.000	      0.134878	      0.134878	
