
TracePro Release: 3 2 0 
Polar Candela Distribution Data for 
Data covers +/- 180.000 degrees from Normal
Data for Missed Rays
Data generated at 09:44:52 June 25, 2025

	   0.0	 180.0
0.000	      0.154362	      0.154362	
0.500	      0.154953	      0.153579	
1.000	      0.154953	      0.153579	
1.500	       0.15544	      0.152481	
2.000	       0.15592	      0.150883	
2.500	       0.15667	      0.148655	
3.000	       0.15667	      0.148655	
3.500	      0.160722	      0.150827	
4.000	      0.106138	    0.00117567	
4.500	      0.106138	    0.00117567	
5.000	      0.160304	      0.216468	
5.500	      0.152074	      0.234071	
6.000	      0.231214	       4.46649	
6.500	      0.231214	       4.46649	
7.000	     0.0097061	       1.96803	
7.500	      0.389243	       1.09272	
8.000	      0.389243	       1.09272	
8.500	      0.130274	      0.277031	
9.000	      0.236099	      0.170018	
9.500	      0.144355	      0.152077	
10.000	      0.144355	      0.152077	
10.500	      0.266492	      0.152256	
11.000	      0.132258	      0.153096	
11.500	      0.132258	      0.153096	
12.000	      0.385601	      0.153799	
12.500	     0.0453612	      0.154332	
13.000	     0.0453612	      0.154332	
13.500	      0.316813	      0.154732	
14.000	      0.356397	      0.155036	
14.500	      0.302038	       0.15527	
15.000	      0.302038	       0.15527	
15.500	      0.136809	      0.155453	
16.000	      0.371789	      0.155597	
16.500	      0.371789	      0.155597	
17.000	    0.00607047	      0.155712	
17.500	      0.436389	      0.155803	
18.000	     0.0255233	      0.155876	
18.500	     0.0255233	      0.155876	
19.000	      0.722656	      0.155932	
19.500	     0.0111634	      0.155972	
20.000	     0.0111634	      0.155972	
20.500	      0.292286	      0.155996	
21.000	      0.086895	      0.155997	
21.500	      0.300304	      0.155959	
22.000	      0.300304	      0.155959	
22.500	     0.0207288	       0.15583	
23.000	      0.422703	      0.155385	
23.500	      0.422703	      0.155385	
24.000	     0.0881232	      0.151951	
24.500	      0.195676	      0.200003	
25.000	      0.104746	      0.151989	
25.500	      0.104746	      0.151989	
26.000	      0.528007	      0.155463	
26.500	     0.0802773	       0.15595	
27.000	     0.0802773	       0.15595	
27.500	      0.759575	      0.156124	
28.000	     0.0187968	      0.156212	
28.500	      0.298356	      0.156264	
29.000	      0.298356	      0.156264	
29.500	     0.0387379	      0.156294	
30.000	      0.190058	      0.156285	
30.500	      0.190058	      0.156285	
31.000	     0.0549568	      0.156132	
31.500	      0.195413	      0.155147	
32.000	     0.0566188	      0.140888	
32.500	     0.0566188	      0.140888	
33.000	      0.185469	      0.461264	
33.500	      0.161173	      0.614987	
34.000	      0.161173	      0.614987	
34.500	      0.377261	       1.27056	
35.000	      0.122937	       1.22477	
35.500	      0.122937	       1.22477	
36.000	      0.698294	      0.952321	
36.500	     0.0110853	      0.868943	
37.000	      0.455736	       1.46422	
37.500	      0.455736	       1.46422	
38.000	     0.0560322	       0.82864	
38.500	      0.485518	         1.868	
39.000	      0.485518	         1.868	
39.500	      0.111157	       1.03382	
40.000	      0.295199	      0.818689	
40.500	     0.0745929	      0.254462	
41.000	     0.0745929	      0.254462	
41.500	      0.610725	      0.278443	
42.000	      0.268649	       0.14998	
42.500	      0.268649	       0.14998	
43.000	      0.784225	      0.155297	
43.500	      0.743457	      0.155791	
44.000	       1.36428	      0.155972	
44.500	       1.36428	      0.155972	
45.000	       2.73248	      0.156077	
45.500	       13.5418	      0.156149	
46.000	       13.5418	      0.156149	
46.500	       136.582	      0.156202	
47.000	       14.7147	      0.156242	
47.500	     0.0990437	      0.156274	
48.000	     0.0990437	      0.156274	
48.500	       1.50684	      0.156299	
49.000	      0.831273	      0.156319	
49.500	      0.831273	      0.156319	
50.000	      0.651242	      0.156336	
50.500	      0.360738	       0.15635	
51.000	      0.585596	      0.156362	
51.500	      0.585596	      0.156362	
52.000	       1.38044	      0.156372	
52.500	       1.39654	       0.15638	
53.000	       1.39654	       0.15638	
53.500	       1.53414	      0.156388	
54.000	       1.17962	      0.156394	
54.500	    0.00596461	        0.1564	
55.000	    0.00596461	        0.1564	
55.500	        1.8409	      0.156404	
56.000	     0.0317699	      0.156408	
56.500	     0.0317699	      0.156408	
57.000	       1.17542	      0.156412	
57.500	      0.761075	      0.156415	
58.000	      0.761075	      0.156415	
58.500	       1.41919	      0.156418	
59.000	       4.24985	      0.156421	
59.500	       3.21265	      0.156423	
60.000	       3.21265	      0.156423	
60.500	      0.833261	      0.156425	
61.000	      0.229738	      0.156426	
61.500	      0.229738	      0.156426	
62.000	      0.139523	      0.156428	
62.500	       1.23444	      0.156429	
63.000	       2.36997	       0.15643	
63.500	       2.36997	       0.15643	
64.000	      0.523452	      0.156431	
64.500	       1.53926	      0.156431	
65.000	       1.53926	      0.156431	
65.500	        1.1415	      0.156432	
66.000	     0.0475881	      0.156432	
66.500	       1.11556	      0.156432	
67.000	       1.11556	      0.156432	
67.500	       1.65629	      0.156433	
68.000	        1.1804	      0.156433	
68.500	        1.1804	      0.156433	
69.000	       0.93733	      0.156433	
69.500	       1.02784	      0.156432	
70.000	    0.00679955	      0.156432	
70.500	    0.00679955	      0.156432	
71.000	       1.01406	      0.156432	
71.500	        1.0042	      0.156431	
72.000	        1.0042	      0.156431	
72.500	       2.22594	      0.156431	
73.000	       5.43904	       0.15643	
73.500	       5.81215	      0.156429	
74.000	       5.81215	      0.156429	
74.500	       6.10149	      0.156428	
75.000	       9.82316	      0.156428	
75.500	       9.82316	      0.156428	
76.000	       5.69241	      0.156427	
76.500	       9.09012	      0.156426	
77.000	        5.6042	      0.156424	
77.500	        5.6042	      0.156424	
78.000	       6.37983	      0.156423	
78.500	       4.40148	      0.156422	
79.000	       4.40148	      0.156422	
79.500	       7.19994	      0.156421	
80.000	       5.26693	      0.156419	
80.500	       5.26693	      0.156419	
81.000	       4.51441	      0.156418	
81.500	       3.87776	      0.156416	
82.000	       5.47775	      0.156414	
82.500	       5.47775	      0.156414	
83.000	        6.8867	      0.156413	
83.500	       47.3355	      0.156411	
84.000	       47.3355	      0.156411	
84.500	       7.85731	      0.156409	
85.000	      0.522132	      0.156407	
85.500	       3.06991	      0.156405	
86.000	       3.06991	      0.156405	
86.500	       1.56011	      0.156403	
87.000	      0.589105	      0.156401	
87.500	      0.589105	      0.156401	
88.000	       3.17058	      0.156399	
88.500	       1.33356	      0.156396	
89.000	      0.812906	      0.156394	
89.500	      0.812906	      0.156394	
90.000	       2.93821	      0.156392	
90.500	     0.0142177	      0.156389	
91.000	     0.0142177	      0.156389	
91.500	       1.32179	      0.156386	
92.000	       0.63127	      0.156384	
92.500	       1.22065	      0.156381	
93.000	       1.22065	      0.156381	
93.500	       1.90709	      0.156378	
94.000	       5.38242	      0.156375	
94.500	       5.38242	      0.156375	
95.000	       7.24766	      0.156372	
95.500	       47.6322	      0.156369	
96.000	       479.402	      0.156366	
96.500	       479.402	      0.156366	
97.000	       46.7839	      0.156363	
97.500	       8.92225	      0.156359	
98.000	       8.92225	      0.156359	
98.500	       3.76028	      0.156356	
99.000	       2.02597	      0.156353	
99.500	       1.23497	      0.156349	
100.000	       1.23497	      0.156349	
100.500	      0.808221	      0.156345	
101.000	      0.551824	      0.156342	
101.500	      0.551824	      0.156342	
102.000	      0.385737	      0.156338	
102.500	      0.271984	      0.156334	
103.000	      0.271984	      0.156334	
103.500	      0.190656	       0.15633	
104.000	      0.130487	      0.156326	
104.500	     0.0847173	      0.156322	
105.000	     0.0847173	      0.156322	
105.500	     0.0490859	      0.156317	
106.000	     0.0208009	      0.156313	
106.500	     0.0208009	      0.156313	
107.000	     0.0020301	      0.156309	
107.500	     0.0207267	      0.156304	
108.000	     0.0362317	      0.156299	
108.500	     0.0362317	      0.156299	
109.000	     0.0492336	      0.156295	
109.500	     0.0602444	       0.15629	
110.000	     0.0602444	       0.15629	
110.500	     0.0696517	      0.156285	
111.000	     0.0777527	       0.15628	
111.500	      0.084779	      0.156275	
112.000	      0.084779	      0.156275	
112.500	      0.090913	      0.156269	
113.000	     0.0962996	      0.156264	
113.500	     0.0962996	      0.156264	
114.000	      0.101056	      0.156259	
114.500	      0.105276	      0.156253	
115.000	      0.109039	      0.156247	
115.500	      0.109039	      0.156247	
116.000	      0.112407	      0.156241	
116.500	      0.115435	      0.156235	
117.000	      0.115435	      0.156235	
117.500	      0.118166	      0.156229	
118.000	      0.120639	      0.156223	
118.500	      0.122884	      0.156217	
119.000	      0.122884	      0.156217	
119.500	      0.124929	       0.15621	
120.000	      0.126797	      0.156204	
120.500	      0.126797	      0.156204	
121.000	      0.128508	      0.156197	
121.500	      0.130079	       0.15619	
122.000	      0.131525	      0.156183	
122.500	      0.131525	      0.156183	
123.000	      0.132858	      0.156176	
123.500	      0.134091	      0.156169	
124.000	      0.134091	      0.156169	
124.500	      0.135232	      0.156162	
125.000	      0.136291	      0.156154	
125.500	      0.136291	      0.156154	
126.000	      0.137276	      0.156146	
126.500	      0.138193	      0.156139	
127.000	      0.139048	      0.156131	
127.500	      0.139048	      0.156131	
128.000	      0.139847	      0.156123	
128.500	      0.140595	      0.156114	
129.000	      0.140595	      0.156114	
129.500	      0.141295	      0.156106	
130.000	      0.141952	      0.156097	
130.500	      0.142569	      0.156088	
131.000	      0.142569	      0.156088	
131.500	       0.14315	      0.156079	
132.000	      0.143697	       0.15607	
132.500	      0.143697	       0.15607	
133.000	      0.144212	      0.156061	
133.500	      0.144699	      0.156051	
134.000	      0.145159	      0.156042	
134.500	      0.145159	      0.156042	
135.000	      0.145594	      0.156032	
135.500	      0.146006	      0.156022	
136.000	      0.146006	      0.156022	
136.500	      0.146396	      0.156012	
137.000	      0.146766	      0.156001	
137.500	      0.147118	       0.15599	
138.000	      0.147118	       0.15599	
138.500	      0.147452	      0.155979	
139.000	      0.147769	      0.155968	
139.500	      0.147769	      0.155968	
140.000	      0.148072	      0.155957	
140.500	       0.14836	      0.155946	
141.000	      0.148635	      0.155934	
141.500	      0.148635	      0.155934	
142.000	      0.148896	      0.155922	
142.500	      0.149147	      0.155909	
143.000	      0.149147	      0.155909	
143.500	      0.149385	      0.155897	
144.000	      0.149614	      0.155884	
144.500	      0.149832	      0.155871	
145.000	      0.149832	      0.155871	
145.500	      0.150041	      0.155858	
146.000	      0.150242	      0.155844	
146.500	      0.150242	      0.155844	
147.000	      0.150434	      0.155831	
147.500	      0.150618	      0.155816	
148.000	      0.150618	      0.155816	
148.500	      0.150794	      0.155802	
149.000	      0.150964	      0.155787	
149.500	      0.151127	      0.155772	
150.000	      0.151127	      0.155772	
150.500	      0.151283	      0.155757	
151.000	      0.151433	      0.155741	
151.500	      0.151433	      0.155741	
152.000	      0.151578	      0.155726	
152.500	      0.151717	      0.155709	
153.000	      0.151851	      0.155693	
153.500	      0.151851	      0.155693	
154.000	       0.15198	      0.155676	
154.500	      0.152105	      0.155658	
155.000	      0.152105	      0.155658	
155.500	      0.152225	      0.155641	
156.000	       0.15234	      0.155623	
156.500	      0.152452	      0.155604	
157.000	      0.152452	      0.155604	
157.500	       0.15256	      0.155585	
158.000	      0.152664	      0.155566	
158.500	      0.152664	      0.155566	
159.000	      0.152764	      0.155546	
159.500	      0.152861	      0.155526	
160.000	      0.152955	      0.155506	
160.500	      0.152955	      0.155506	
161.000	      0.153046	      0.155485	
161.500	      0.153134	      0.155463	
162.000	      0.153134	      0.155463	
162.500	      0.153219	      0.155441	
163.000	      0.153301	      0.155419	
163.500	      0.153381	      0.155396	
164.000	      0.153381	      0.155396	
164.500	      0.153458	      0.155372	
165.000	      0.153533	      0.155348	
165.500	      0.153533	      0.155348	
166.000	      0.153605	      0.155324	
166.500	      0.153676	      0.155298	
167.000	      0.153744	      0.155273	
167.500	      0.153744	      0.155273	
168.000	       0.15381	      0.155246	
168.500	      0.153874	      0.155219	
169.000	      0.153874	      0.155219	
169.500	      0.153936	      0.155192	
170.000	      0.153997	      0.155163	
170.500	      0.153997	      0.155163	
171.000	      0.154056	      0.155135	
171.500	      0.154113	      0.155105	
172.000	      0.154168	      0.155075	
172.500	      0.154168	      0.155075	
173.000	      0.154222	      0.155043	
173.500	      0.154274	      0.155012	
174.000	      0.154274	      0.155012	
174.500	      0.154325	      0.154979	
175.000	      0.154375	      0.154945	
175.500	      0.154423	      0.154911	
176.000	      0.154423	      0.154911	
176.500	       0.15447	      0.154876	
177.000	      0.154515	       0.15484	
177.500	      0.154515	       0.15484	
178.000	       0.15456	      0.154803	
178.500	      0.154603	      0.154765	
179.000	      0.154645	      0.154726	
179.500	      0.154645	      0.154726	
180.000	      0.154686	      0.154686	
