
TracePro Release: 3 2 0 
Polar Candela Distribution Data for 
Data covers +/- 180.000 degrees from Normal
Data for Missed Rays
Data generated at 09:45:28 June 30, 2025

	   0.0	 180.0
0.000	      0.320481	      0.320481	
0.500	      0.320453	      0.320508	
1.000	      0.320453	      0.320508	
1.500	      0.320425	      0.320535	
2.000	      0.320396	      0.320561	
2.500	      0.320366	      0.320587	
3.000	      0.320366	      0.320587	
3.500	      0.320336	      0.320612	
4.000	      0.320304	      0.320636	
4.500	      0.320304	      0.320636	
5.000	      0.320273	       0.32066	
5.500	       0.32024	      0.320684	
6.000	      0.320207	      0.320707	
6.500	      0.320207	      0.320707	
7.000	      0.320173	      0.320729	
7.500	      0.320138	      0.320751	
8.000	      0.320138	      0.320751	
8.500	      0.320103	      0.320773	
9.000	      0.320067	      0.320794	
9.500	       0.32003	      0.320815	
10.000	       0.32003	      0.320815	
10.500	      0.319992	      0.320835	
11.000	      0.319953	      0.320855	
11.500	      0.319953	      0.320855	
12.000	      0.319913	      0.320874	
12.500	      0.319872	      0.320893	
13.000	      0.319872	      0.320893	
13.500	      0.319831	      0.320912	
14.000	      0.319788	       0.32093	
14.500	      0.319745	      0.320948	
15.000	      0.319745	      0.320948	
15.500	        0.3197	      0.320965	
16.000	      0.319655	      0.320982	
16.500	      0.319655	      0.320982	
17.000	      0.319608	      0.320999	
17.500	       0.31956	      0.321015	
18.000	      0.319511	      0.321031	
18.500	      0.319511	      0.321031	
19.000	      0.319461	      0.321047	
19.500	      0.319409	      0.321062	
20.000	      0.319409	      0.321062	
20.500	      0.319357	      0.321077	
21.000	      0.319303	      0.321092	
21.500	      0.319247	      0.321106	
22.000	      0.319247	      0.321106	
22.500	      0.319191	       0.32112	
23.000	      0.319133	      0.321134	
23.500	      0.319133	      0.321134	
24.000	      0.319073	      0.321147	
24.500	      0.319012	       0.32116	
25.000	      0.318949	      0.321173	
25.500	      0.318949	      0.321173	
26.000	      0.318885	      0.321186	
26.500	      0.318819	      0.321198	
27.000	      0.318819	      0.321198	
27.500	      0.318751	       0.32121	
28.000	      0.318682	      0.321221	
28.500	       0.31861	      0.321233	
29.000	       0.31861	      0.321233	
29.500	      0.318537	      0.321244	
30.000	      0.318462	      0.321255	
30.500	      0.318462	      0.321255	
31.000	      0.318384	      0.321266	
31.500	      0.318305	      0.321276	
32.000	      0.318223	      0.321286	
32.500	      0.318223	      0.321286	
33.000	       0.31814	      0.321296	
33.500	      0.318053	      0.321306	
34.000	      0.318053	      0.321306	
34.500	      0.317965	      0.321315	
35.000	      0.317873	      0.321324	
35.500	      0.317873	      0.321324	
36.000	       0.31778	      0.321333	
36.500	      0.317683	      0.321342	
37.000	      0.317584	       0.32135	
37.500	      0.317584	       0.32135	
38.000	      0.317481	      0.321359	
38.500	      0.317376	      0.321367	
39.000	      0.317376	      0.321367	
39.500	      0.317268	      0.321374	
40.000	      0.317156	      0.321382	
40.500	       0.31704	      0.321389	
41.000	       0.31704	      0.321389	
41.500	      0.316922	      0.321397	
42.000	      0.316799	      0.321404	
42.500	      0.316799	      0.321404	
43.000	      0.316673	       0.32141	
43.500	      0.316542	      0.321417	
44.000	      0.316408	      0.321423	
44.500	      0.316408	      0.321423	
45.000	      0.316269	      0.321429	
45.500	      0.316125	      0.321435	
46.000	      0.316125	      0.321435	
46.500	      0.315977	      0.321441	
47.000	      0.315824	      0.321447	
47.500	      0.315665	      0.321452	
48.000	      0.315665	      0.321452	
48.500	      0.315501	      0.321457	
49.000	      0.315332	      0.321462	
49.500	      0.315332	      0.321462	
50.000	      0.315156	      0.321467	
50.500	      0.314975	      0.321471	
51.000	      0.314786	      0.321476	
51.500	      0.314786	      0.321476	
52.000	      0.314591	       0.32148	
52.500	      0.314389	      0.321484	
53.000	      0.314389	      0.321484	
53.500	       0.31418	      0.321488	
54.000	      0.313962	      0.321492	
54.500	      0.313736	      0.321495	
55.000	      0.313736	      0.321495	
55.500	      0.313502	      0.321499	
56.000	      0.313258	      0.321502	
56.500	      0.313258	      0.321502	
57.000	      0.313005	      0.321505	
57.500	      0.312742	      0.321507	
58.000	      0.312742	      0.321507	
58.500	      0.312468	       0.32151	
59.000	      0.312183	      0.321513	
59.500	      0.311886	      0.321515	
60.000	      0.311886	      0.321515	
60.500	      0.311576	      0.321517	
61.000	      0.311253	      0.321519	
61.500	      0.311253	      0.321519	
62.000	      0.310917	      0.321521	
62.500	      0.310565	      0.321522	
63.000	      0.310198	      0.321524	
63.500	      0.310198	      0.321524	
64.000	      0.309814	      0.321525	
64.500	      0.309413	      0.321526	
65.000	      0.309413	      0.321526	
65.500	      0.308992	      0.321527	
66.000	      0.308552	      0.321528	
66.500	      0.308091	      0.321528	
67.000	      0.308091	      0.321528	
67.500	      0.307607	      0.321529	
68.000	      0.307099	      0.321529	
68.500	      0.307099	      0.321529	
69.000	      0.306566	      0.321529	
69.500	      0.306005	      0.321529	
70.000	      0.305415	      0.321529	
70.500	      0.305415	      0.321529	
71.000	      0.304793	      0.321528	
71.500	      0.304138	      0.321528	
72.000	      0.304138	      0.321528	
72.500	      0.303447	      0.321527	
73.000	      0.302717	      0.321526	
73.500	      0.301945	      0.321525	
74.000	      0.301945	      0.321525	
74.500	      0.301128	      0.321524	
75.000	      0.300262	      0.321522	
75.500	      0.300262	      0.321522	
76.000	      0.299344	      0.321521	
76.500	      0.298369	      0.321519	
77.000	      0.297333	      0.321517	
77.500	      0.297333	      0.321517	
78.000	      0.296229	      0.321515	
78.500	      0.295053	      0.321513	
79.000	      0.295053	      0.321513	
79.500	      0.293797	       0.32151	
80.000	      0.292455	      0.321507	
80.500	      0.292455	      0.321507	
81.000	      0.291018	      0.321505	
81.500	      0.289477	      0.321502	
82.000	      0.287822	      0.321499	
82.500	      0.287822	      0.321499	
83.000	      0.286041	      0.321495	
83.500	      0.284122	      0.321492	
84.000	      0.284122	      0.321492	
84.500	      0.282049	      0.321488	
85.000	      0.279805	      0.321484	
85.500	      0.277372	       0.32148	
86.000	      0.277372	       0.32148	
86.500	      0.274727	      0.321476	
87.000	      0.271845	      0.321471	
87.500	      0.271845	      0.321471	
88.000	      0.268697	      0.321467	
88.500	      0.265249	      0.321462	
89.000	      0.261462	      0.321457	
89.500	      0.261462	      0.321457	
90.000	       0.25729	      0.321452	
90.500	      0.252679	      0.321447	
91.000	      0.252679	      0.321447	
91.500	      0.247565	      0.321441	
92.000	      0.241871	      0.321435	
92.500	      0.235508	      0.321429	
93.000	      0.235508	      0.321429	
93.500	      0.228366	      0.321423	
94.000	      0.220312	      0.321417	
94.500	      0.220312	      0.321417	
95.000	      0.211185	       0.32141	
95.500	      0.200784	      0.321404	
96.000	      0.188861	      0.321397	
96.500	      0.188861	      0.321397	
97.000	      0.175104	      0.321389	
97.500	      0.159116	      0.321382	
98.000	      0.159116	      0.321382	
98.500	      0.140388	      0.321374	
99.000	      0.118256	      0.321367	
99.500	     0.0918405	      0.321359	
100.000	     0.0918405	      0.321359	
100.500	     0.0599616	       0.32135	
101.000	     0.0210007	      0.321342	
101.500	     0.0210007	      0.321342	
102.000	     0.0273075	      0.321333	
102.500	     0.0882126	      0.321324	
103.000	     0.0882126	      0.321324	
103.500	      0.166511	      0.321315	
104.000	      0.269519	      0.321306	
104.500	      0.408858	      0.321296	
105.000	      0.408858	      0.321296	
105.500	       0.60388	      0.321286	
106.000	      0.888805	      0.321276	
106.500	      0.888805	      0.321276	
107.000	        1.3289	      0.321266	
107.500	       2.06172	      0.321255	
108.000	       3.42052	      0.321244	
108.500	       3.42052	      0.321244	
109.000	       6.40044	      0.321233	
109.500	       15.2707	      0.321221	
110.000	       15.2707	      0.321221	
110.500	       80.3278	       0.32121	
111.000	       823.627	      0.321198	
111.500	       80.3278	      0.321186	
112.000	       80.3278	      0.321186	
112.500	       15.2707	      0.321173	
113.000	       6.40044	       0.32116	
113.500	       6.40044	       0.32116	
114.000	       3.42052	      0.321147	
114.500	       2.06172	      0.321134	
115.000	        1.3289	       0.32112	
115.500	        1.3289	       0.32112	
116.000	      0.888805	      0.321106	
116.500	       0.60388	      0.321092	
117.000	       0.60388	      0.321092	
117.500	      0.408858	      0.321077	
118.000	      0.269519	      0.321062	
118.500	      0.166511	      0.321047	
119.000	      0.166511	      0.321047	
119.500	     0.0882126	      0.321031	
120.000	     0.0273075	      0.321015	
120.500	     0.0273075	      0.321015	
121.000	     0.0210007	      0.320999	
121.500	     0.0599616	      0.320982	
122.000	     0.0918405	      0.320965	
122.500	     0.0918405	      0.320965	
123.000	      0.118256	      0.320948	
123.500	      0.140388	       0.32093	
124.000	      0.140388	       0.32093	
124.500	      0.159116	      0.320912	
125.000	      0.175104	      0.320893	
125.500	      0.175104	      0.320893	
126.000	      0.188861	      0.320874	
126.500	      0.200784	      0.320855	
127.000	      0.211185	      0.320835	
127.500	      0.211185	      0.320835	
128.000	      0.220312	      0.320815	
128.500	      0.228366	      0.320794	
129.000	      0.228366	      0.320794	
129.500	      0.235508	      0.320773	
130.000	      0.241871	      0.320751	
130.500	      0.247565	      0.320729	
131.000	      0.247565	      0.320729	
131.500	      0.252679	      0.320707	
132.000	       0.25729	      0.320684	
132.500	       0.25729	      0.320684	
133.000	      0.261462	       0.32066	
133.500	      0.265249	      0.320636	
134.000	      0.268697	      0.320612	
134.500	      0.268697	      0.320612	
135.000	      0.271845	      0.320587	
135.500	      0.274727	      0.320561	
136.000	      0.274727	      0.320561	
136.500	      0.277372	      0.320535	
137.000	      0.279805	      0.320508	
137.500	      0.282049	      0.320481	
138.000	      0.282049	      0.320481	
138.500	      0.284122	      0.320453	
139.000	      0.286041	      0.320425	
139.500	      0.286041	      0.320425	
140.000	      0.287822	      0.320396	
140.500	      0.289477	      0.320366	
141.000	      0.291018	      0.320336	
141.500	      0.291018	      0.320336	
142.000	      0.292455	      0.320304	
142.500	      0.293797	      0.320273	
143.000	      0.293797	      0.320273	
143.500	      0.295053	       0.32024	
144.000	      0.296229	      0.320207	
144.500	      0.297333	      0.320173	
145.000	      0.297333	      0.320173	
145.500	      0.298369	      0.320138	
146.000	      0.299344	      0.320103	
146.500	      0.299344	      0.320103	
147.000	      0.300262	      0.320067	
147.500	      0.301128	       0.32003	
148.000	      0.301128	       0.32003	
148.500	      0.301945	      0.319992	
149.000	      0.302717	      0.319953	
149.500	      0.303447	      0.319913	
150.000	      0.303447	      0.319913	
150.500	      0.304138	      0.319872	
151.000	      0.304793	      0.319831	
151.500	      0.304793	      0.319831	
152.000	      0.305415	      0.319788	
152.500	      0.306005	      0.319745	
153.000	      0.306566	        0.3197	
153.500	      0.306566	        0.3197	
154.000	      0.307099	      0.319655	
154.500	      0.307607	      0.319608	
155.000	      0.307607	      0.319608	
155.500	      0.308091	       0.31956	
156.000	      0.308552	      0.319511	
156.500	      0.308992	      0.319461	
157.000	      0.308992	      0.319461	
157.500	      0.309413	      0.319409	
158.000	      0.309814	      0.319357	
158.500	      0.309814	      0.319357	
159.000	      0.310198	      0.319303	
159.500	      0.310565	      0.319247	
160.000	      0.310917	      0.319191	
160.500	      0.310917	      0.319191	
161.000	      0.311253	      0.319133	
161.500	      0.311576	      0.319073	
162.000	      0.311576	      0.319073	
162.500	      0.311886	      0.319012	
163.000	      0.312183	      0.318949	
163.500	      0.312468	      0.318885	
164.000	      0.312468	      0.318885	
164.500	      0.312742	      0.318819	
165.000	      0.313005	      0.318751	
165.500	      0.313005	      0.318751	
166.000	      0.313258	      0.318682	
166.500	      0.313502	       0.31861	
167.000	      0.313736	      0.318537	
167.500	      0.313736	      0.318537	
168.000	      0.313962	      0.318462	
168.500	       0.31418	      0.318384	
169.000	       0.31418	      0.318384	
169.500	      0.314389	      0.318305	
170.000	      0.314591	      0.318223	
170.500	      0.314591	      0.318223	
171.000	      0.314786	       0.31814	
171.500	      0.314975	      0.318053	
172.000	      0.315156	      0.317965	
172.500	      0.315156	      0.317965	
173.000	      0.315332	      0.317873	
173.500	      0.315501	       0.31778	
174.000	      0.315501	       0.31778	
174.500	      0.315665	      0.317683	
175.000	      0.315824	      0.317584	
175.500	      0.315977	      0.317481	
176.000	      0.315977	      0.317481	
176.500	      0.316125	      0.317376	
177.000	      0.316269	      0.317268	
177.500	      0.316269	      0.317268	
178.000	      0.316408	      0.317156	
178.500	      0.316542	       0.31704	
179.000	      0.316673	      0.316922	
179.500	      0.316673	      0.316922	
180.000	      0.316799	      0.316799	
