
TracePro Release: 3 2 0 
Polar Candela Distribution Data for 
Data covers +/- 180.000 degrees from Normal
Data for Missed Rays
Data generated at 09:48:19 June 25, 2025

	   0.0	 180.0
0.000	      0.174225	      0.174225	
0.500	      0.176724	      0.178764	
1.000	      0.176724	      0.178764	
1.500	      0.179117	     0.0358026	
2.000	      0.181044	      0.168403	
2.500	      0.182498	    0.00242682	
3.000	      0.182498	    0.00242682	
3.500	      0.183312	      0.161409	
4.000	      0.180206	      0.133346	
4.500	      0.180206	      0.133346	
5.000	      0.249915	      0.257989	
5.500	      0.100038	       2.20451	
6.000	      0.445635	        24.706	
6.500	      0.445635	        24.706	
7.000	      0.291929	       2.20619	
7.500	      0.398162	      0.269492	
8.000	      0.398162	      0.269492	
8.500	     0.0158459	    0.00544681	
9.000	      0.464293	     0.0832522	
9.500	      0.141262	      0.123604	
10.000	      0.141262	      0.123604	
10.500	      0.484304	      0.144884	
11.000	     0.0120434	      0.152997	
11.500	     0.0120434	      0.152997	
12.000	      0.317869	      0.233845	
12.500	     0.0347686	      0.167779	
13.000	     0.0347686	      0.167779	
13.500	      0.340124	      0.177413	
14.000	      0.175568	      0.181517	
14.500	      0.563171	      0.184455	
15.000	      0.563171	      0.184455	
15.500	     0.0441164	      0.186791	
16.000	       0.34944	      0.188753	
16.500	       0.34944	      0.188753	
17.000	      0.320589	      0.190474	
17.500	       0.58732	      0.192042	
18.000	     0.0126657	      0.193523	
18.500	     0.0126657	      0.193523	
19.000	      0.809017	      0.194972	
19.500	     0.0066751	      0.196435	
20.000	     0.0066751	      0.196435	
20.500	      0.464849	      0.197959	
21.000	      0.151272	      0.199593	
21.500	      0.366334	      0.201392	
22.000	      0.366334	      0.201392	
22.500	      0.243513	      0.203422	
23.000	      0.736509	      0.205767	
23.500	      0.736509	      0.205767	
24.000	     0.0170145	      0.208537	
24.500	      0.653533	      0.211883	
25.000	     0.0518127	      0.216015	
25.500	     0.0518127	      0.216015	
26.000	      0.370246	      0.221236	
26.500	      0.204107	      0.227989	
27.000	      0.204107	      0.227989	
27.500	      0.259079	      0.236849	
28.000	      0.219479	      0.246522	
28.500	      0.498045	      0.318967	
29.000	      0.498045	      0.318967	
29.500	    0.00229527	      0.246501	
30.000	      0.756277	      0.348731	
30.500	      0.756277	      0.348731	
31.000	      0.180009	       0.43383	
31.500	       0.35989	      0.626933	
32.000	    0.00713287	       1.20066	
32.500	    0.00713287	       1.20066	
33.000	      0.337064	       5.50113	
33.500	      0.168892	       53.7136	
34.000	      0.168892	       53.7136	
34.500	       0.32117	       6.51361	
35.000	       0.16659	    0.00608697	
35.500	       0.16659	    0.00608697	
36.000	      0.320092	       1.45639	
36.500	       0.15818	      0.466246	
37.000	       0.47536	       1.74202	
37.500	       0.47536	       1.74202	
38.000	      0.131458	      0.952436	
38.500	      0.610106	       1.21671	
39.000	      0.610106	       1.21671	
39.500	      0.142502	       1.34758	
40.000	      0.470907	       1.57528	
40.500	     0.0385826	      0.427514	
41.000	     0.0385826	      0.427514	
41.500	      0.367028	       1.09487	
42.000	     0.0909549	     0.0534432	
42.500	     0.0909549	     0.0534432	
43.000	      0.643163	      0.209006	
43.500	      0.103539	      0.206967	
44.000	      0.253283	      0.206132	
44.500	      0.253283	      0.206132	
45.000	      0.273103	      0.204933	
45.500	       0.31973	      0.203711	
46.000	       0.31973	      0.203711	
46.500	      0.234892	      0.202581	
47.000	      0.807827	      0.201571	
47.500	       0.99743	      0.200679	
48.000	       0.99743	      0.200679	
48.500	       4.70608	      0.199894	
49.000	       44.9023	      0.199205	
49.500	       44.9023	      0.199205	
50.000	       4.68725	      0.198597	
50.500	      0.687451	       0.19806	
51.000	        3.1628	      0.197584	
51.500	        3.1628	      0.197584	
52.000	       1.56738	      0.197161	
52.500	       1.30626	      0.196783	
53.000	       1.30626	      0.196783	
53.500	      0.709238	      0.196445	
54.000	       1.10898	       0.19614	
54.500	     0.0104052	      0.195866	
55.000	     0.0104052	      0.195866	
55.500	       1.91985	      0.195618	
56.000	      0.847026	      0.195393	
56.500	      0.847026	      0.195393	
57.000	       1.14055	      0.195189	
57.500	       0.77873	      0.195003	
58.000	       0.77873	      0.195003	
58.500	       1.12873	      0.194832	
59.000	      0.919886	      0.194676	
59.500	       2.82114	      0.194533	
60.000	       2.82114	      0.194533	
60.500	      0.830517	      0.194401	
61.000	      0.437883	       0.19428	
61.500	      0.437883	       0.19428	
62.000	       2.44033	      0.194167	
62.500	       2.12503	      0.194063	
63.000	      0.903839	      0.193967	
63.500	      0.903839	      0.193967	
64.000	       1.97024	      0.193877	
64.500	      0.850152	      0.193794	
65.000	      0.850152	      0.193794	
65.500	       1.19172	      0.193716	
66.000	       1.74005	      0.193644	
66.500	       3.02928	      0.193576	
67.000	       3.02928	      0.193576	
67.500	       2.57153	      0.193513	
68.000	       1.29209	      0.193453	
68.500	       1.29209	      0.193453	
69.000	      0.677206	      0.193397	
69.500	      0.383342	      0.193345	
70.000	       1.65634	      0.193295	
70.500	       1.65634	      0.193295	
71.000	       3.04554	      0.193248	
71.500	       2.55809	      0.193204	
72.000	       2.55809	      0.193204	
72.500	       1.35685	      0.193163	
73.000	       1.65074	      0.193123	
73.500	       3.51748	      0.193086	
74.000	       3.51748	      0.193086	
74.500	       8.64845	      0.193051	
75.000	       5.37766	      0.193017	
75.500	       5.37766	      0.193017	
76.000	       5.75011	      0.192985	
76.500	       8.20361	      0.192954	
77.000	       4.43929	      0.192925	
77.500	       4.43929	      0.192925	
78.000	       8.08537	      0.192898	
78.500	       4.95377	      0.192871	
79.000	       4.95377	      0.192871	
79.500	       3.89795	      0.192846	
80.000	       3.96214	      0.192822	
80.500	       3.96214	      0.192822	
81.000	       6.36603	      0.192799	
81.500	       4.07346	      0.192776	
82.000	       2.82487	      0.192755	
82.500	       2.82487	      0.192755	
83.000	       2.44261	      0.192735	
83.500	       6.85787	      0.192715	
84.000	       6.85787	      0.192715	
84.500	       1.51251	      0.192696	
85.000	       1.72968	      0.192677	
85.500	       2.06402	       0.19266	
86.000	       2.06402	       0.19266	
86.500	       3.32518	      0.192643	
87.000	      0.528704	      0.192626	
87.500	      0.528704	      0.192626	
88.000	       1.65864	       0.19261	
88.500	       1.99508	      0.192594	
89.000	      0.831148	      0.192579	
89.500	      0.831148	      0.192579	
90.000	        1.5165	      0.192564	
90.500	       4.66416	       0.19255	
91.000	       4.66416	       0.19255	
91.500	       2.28692	      0.192536	
92.000	      0.194383	      0.192523	
92.500	        1.4768	      0.192509	
93.000	        1.4768	      0.192509	
93.500	     0.0164714	      0.192496	
94.000	       1.46628	      0.192484	
94.500	       1.46628	      0.192484	
95.000	       2.25962	      0.192471	
95.500	       5.08817	      0.192459	
96.000	       9.41625	      0.192447	
96.500	       9.41625	      0.192447	
97.000	       53.5744	      0.192436	
97.500	       548.433	      0.192424	
98.000	       548.433	      0.192424	
98.500	       53.5194	      0.192413	
99.000	       10.1949	      0.192402	
99.500	       4.28714	      0.192391	
100.000	       4.28714	      0.192391	
100.500	       2.30219	       0.19238	
101.000	       1.39696	      0.192369	
101.500	       1.39696	      0.192369	
102.000	      0.908675	      0.192358	
102.500	      0.615386	      0.192348	
103.000	      0.615386	      0.192348	
103.500	      0.425467	      0.192337	
104.000	      0.295447	      0.192327	
104.500	      0.202532	      0.192317	
105.000	      0.202532	      0.192317	
105.500	      0.133828	      0.192307	
106.000	     0.0815935	      0.192297	
106.500	     0.0815935	      0.192297	
107.000	     0.0409538	      0.192287	
107.500	    0.00871257	      0.192277	
108.000	     0.0172956	      0.192267	
108.500	     0.0172956	      0.192267	
109.000	     0.0385806	      0.192257	
109.500	     0.0562211	      0.192247	
110.000	     0.0562211	      0.192247	
110.500	     0.0710043	      0.192237	
111.000	      0.083516	      0.192227	
111.500	     0.0941988	      0.192217	
112.000	     0.0941988	      0.192217	
112.500	      0.103393	      0.192207	
113.000	      0.111362	      0.192197	
113.500	      0.111362	      0.192197	
114.000	      0.118316	      0.192187	
114.500	      0.124418	      0.192177	
115.000	      0.129804	      0.192167	
115.500	      0.129804	      0.192167	
116.000	      0.134581	      0.192157	
116.500	      0.138837	      0.192147	
117.000	      0.138837	      0.192147	
117.500	      0.142645	      0.192137	
118.000	      0.146067	      0.192127	
118.500	      0.149152	      0.192116	
119.000	      0.149152	      0.192116	
119.500	      0.151943	      0.192106	
120.000	      0.154478	      0.192096	
120.500	      0.154478	      0.192096	
121.000	      0.156785	      0.192085	
121.500	      0.158892	      0.192074	
122.000	      0.160821	      0.192064	
122.500	      0.160821	      0.192064	
123.000	      0.162591	      0.192053	
123.500	       0.16422	      0.192042	
124.000	       0.16422	      0.192042	
124.500	      0.165722	      0.192031	
125.000	       0.16711	       0.19202	
125.500	       0.16711	       0.19202	
126.000	      0.168395	      0.192009	
126.500	      0.169587	      0.191998	
127.000	      0.170695	      0.191986	
127.500	      0.170695	      0.191986	
128.000	      0.171727	      0.191975	
128.500	      0.172689	      0.191963	
129.000	      0.172689	      0.191963	
129.500	      0.173587	      0.191951	
130.000	      0.174428	      0.191939	
130.500	      0.175216	      0.191927	
131.000	      0.175216	      0.191927	
131.500	      0.175954	      0.191914	
132.000	      0.176648	      0.191902	
132.500	      0.176648	      0.191902	
133.000	      0.177301	      0.191889	
133.500	      0.177915	      0.191876	
134.000	      0.178495	      0.191863	
134.500	      0.178495	      0.191863	
135.000	      0.179042	       0.19185	
135.500	      0.179559	      0.191837	
136.000	      0.179559	      0.191837	
136.500	      0.180047	      0.191823	
137.000	       0.18051	      0.191809	
137.500	      0.180949	      0.191795	
138.000	      0.180949	      0.191795	
138.500	      0.181365	      0.191781	
139.000	       0.18176	      0.191767	
139.500	       0.18176	      0.191767	
140.000	      0.182135	      0.191752	
140.500	      0.182492	      0.191737	
141.000	      0.182832	      0.191722	
141.500	      0.182832	      0.191722	
142.000	      0.183156	      0.191706	
142.500	      0.183465	      0.191691	
143.000	      0.183465	      0.191691	
143.500	      0.183759	      0.191675	
144.000	       0.18404	      0.191659	
144.500	      0.184309	      0.191642	
145.000	      0.184309	      0.191642	
145.500	      0.184566	      0.191625	
146.000	      0.184811	      0.191608	
146.500	      0.184811	      0.191608	
147.000	      0.185047	      0.191591	
147.500	      0.185272	      0.191573	
148.000	      0.185272	      0.191573	
148.500	      0.185488	      0.191555	
149.000	      0.185695	      0.191537	
149.500	      0.185894	      0.191518	
150.000	      0.185894	      0.191518	
150.500	      0.186085	      0.191499	
151.000	      0.186268	       0.19148	
151.500	      0.186268	       0.19148	
152.000	      0.186444	       0.19146	
152.500	      0.186613	       0.19144	
153.000	      0.186776	      0.191419	
153.500	      0.186776	      0.191419	
154.000	      0.186933	      0.191398	
154.500	      0.187084	      0.191377	
155.000	      0.187084	      0.191377	
155.500	       0.18723	      0.191355	
156.000	       0.18737	      0.191333	
156.500	      0.187505	       0.19131	
157.000	      0.187505	       0.19131	
157.500	      0.187636	      0.191287	
158.000	      0.187762	      0.191263	
158.500	      0.187762	      0.191263	
159.000	      0.187883	      0.191239	
159.500	      0.188001	      0.191215	
160.000	      0.188114	      0.191189	
160.500	      0.188114	      0.191189	
161.000	      0.188224	      0.191164	
161.500	       0.18833	      0.191138	
162.000	       0.18833	      0.191138	
162.500	      0.188433	      0.191111	
163.000	      0.188532	      0.191084	
163.500	      0.188628	      0.191056	
164.000	      0.188628	      0.191056	
164.500	      0.188721	      0.191027	
165.000	      0.188811	      0.190998	
165.500	      0.188811	      0.190998	
166.000	      0.188899	      0.190968	
166.500	      0.188983	      0.190938	
167.000	      0.189065	      0.190906	
167.500	      0.189065	      0.190906	
168.000	      0.189145	      0.190875	
168.500	      0.189222	      0.190842	
169.000	      0.189222	      0.190842	
169.500	      0.189297	      0.190809	
170.000	       0.18937	      0.190774	
170.500	       0.18937	      0.190774	
171.000	      0.189441	       0.19074	
171.500	      0.189509	      0.190704	
172.000	      0.189576	      0.190667	
172.500	      0.189576	      0.190667	
173.000	      0.189641	       0.19063	
173.500	      0.189704	      0.190591	
174.000	      0.189704	      0.190591	
174.500	      0.189765	      0.190552	
175.000	      0.189825	      0.190512	
175.500	      0.189883	       0.19047	
176.000	      0.189883	       0.19047	
176.500	      0.189939	      0.190428	
177.000	      0.189994	      0.190384	
177.500	      0.189994	      0.190384	
178.000	      0.190047	       0.19034	
178.500	      0.190099	      0.190294	
179.000	       0.19015	      0.190247	
179.500	       0.19015	      0.190247	
180.000	      0.190199	      0.190199	
