
TracePro Release: 3 2 0 
Polar Candela Distribution Data for 
Data covers +/- 180.000 degrees from Normal
Data for Missed Rays
Data generated at 09:47:02 June 30, 2025

	   0.0	 180.0
0.000	      0.319812	      0.319812	
0.500	      0.319767	      0.319856	
1.000	      0.319767	      0.319856	
1.500	      0.319722	      0.319898	
2.000	      0.319675	       0.31994	
2.500	      0.319627	       0.31998	
3.000	      0.319627	       0.31998	
3.500	      0.319578	       0.32002	
4.000	      0.319528	      0.320059	
4.500	      0.319528	      0.320059	
5.000	      0.319476	      0.320097	
5.500	      0.319424	      0.320134	
6.000	       0.31937	       0.32017	
6.500	       0.31937	       0.32017	
7.000	      0.319314	      0.320206	
7.500	      0.319258	       0.32024	
8.000	      0.319258	       0.32024	
8.500	        0.3192	      0.320274	
9.000	       0.31914	      0.320308	
9.500	      0.319079	       0.32034	
10.000	      0.319079	       0.32034	
10.500	      0.319016	      0.320372	
11.000	      0.318952	      0.320403	
11.500	      0.318952	      0.320403	
12.000	      0.318886	      0.320433	
12.500	      0.318818	      0.320463	
13.000	      0.318818	      0.320463	
13.500	      0.318749	      0.320492	
14.000	      0.318677	      0.320521	
14.500	      0.318604	      0.320548	
15.000	      0.318604	      0.320548	
15.500	      0.318529	      0.320576	
16.000	      0.318451	      0.320602	
16.500	      0.318451	      0.320602	
17.000	      0.318372	      0.320629	
17.500	       0.31829	      0.320654	
18.000	      0.318206	      0.320679	
18.500	      0.318206	      0.320679	
19.000	       0.31812	      0.320704	
19.500	      0.318031	      0.320728	
20.000	      0.318031	      0.320728	
20.500	       0.31794	      0.320751	
21.000	      0.317846	      0.320774	
21.500	       0.31775	      0.320797	
22.000	       0.31775	      0.320797	
22.500	       0.31765	      0.320819	
23.000	      0.317548	       0.32084	
23.500	      0.317548	       0.32084	
24.000	      0.317443	      0.320861	
24.500	      0.317334	      0.320882	
25.000	      0.317222	      0.320902	
25.500	      0.317222	      0.320902	
26.000	      0.317107	      0.320922	
26.500	      0.316988	      0.320941	
27.000	      0.316988	      0.320941	
27.500	      0.316866	       0.32096	
28.000	      0.316739	      0.320979	
28.500	      0.316609	      0.320997	
29.000	      0.316609	      0.320997	
29.500	      0.316474	      0.321015	
30.000	      0.316335	      0.321032	
30.500	      0.316335	      0.321032	
31.000	      0.316192	      0.321049	
31.500	      0.316043	      0.321066	
32.000	       0.31589	      0.321082	
32.500	       0.31589	      0.321082	
33.000	      0.315732	      0.321098	
33.500	      0.315568	      0.321114	
34.000	      0.315568	      0.321114	
34.500	      0.315398	      0.321129	
35.000	      0.315222	      0.321144	
35.500	      0.315222	      0.321144	
36.000	      0.315041	      0.321159	
36.500	      0.314853	      0.321173	
37.000	      0.314657	      0.321187	
37.500	      0.314657	      0.321187	
38.000	      0.314455	      0.321201	
38.500	      0.314246	      0.321215	
39.000	      0.314246	      0.321215	
39.500	      0.314028	      0.321228	
40.000	      0.313802	       0.32124	
40.500	      0.313568	      0.321253	
41.000	      0.313568	      0.321253	
41.500	      0.313324	      0.321265	
42.000	      0.313071	      0.321277	
42.500	      0.313071	      0.321277	
43.000	      0.312808	      0.321289	
43.500	      0.312534	        0.3213	
44.000	      0.312248	      0.321312	
44.500	      0.312248	      0.321312	
45.000	      0.311951	      0.321322	
45.500	      0.311642	      0.321333	
46.000	      0.311642	      0.321333	
46.500	      0.311319	      0.321343	
47.000	      0.310982	      0.321354	
47.500	       0.31063	      0.321363	
48.000	       0.31063	      0.321363	
48.500	      0.310263	      0.321373	
49.000	      0.309879	      0.321383	
49.500	      0.309879	      0.321383	
50.000	      0.309478	      0.321392	
50.500	      0.309057	      0.321401	
51.000	      0.308617	      0.321409	
51.500	      0.308617	      0.321409	
52.000	      0.308156	      0.321418	
52.500	      0.307672	      0.321426	
53.000	      0.307672	      0.321426	
53.500	      0.307164	      0.321434	
54.000	       0.30663	      0.321442	
54.500	      0.306069	       0.32145	
55.000	      0.306069	       0.32145	
55.500	      0.305479	      0.321457	
56.000	      0.304857	      0.321464	
56.500	      0.304857	      0.321464	
57.000	      0.304202	      0.321471	
57.500	       0.30351	      0.321478	
58.000	       0.30351	      0.321478	
58.500	       0.30278	      0.321484	
59.000	      0.302008	      0.321491	
59.500	      0.301191	      0.321497	
60.000	      0.301191	      0.321497	
60.500	      0.300325	      0.321503	
61.000	      0.299407	      0.321509	
61.500	      0.299407	      0.321509	
62.000	      0.298432	      0.321514	
62.500	      0.297395	      0.321519	
63.000	      0.296291	      0.321525	
63.500	      0.296291	      0.321525	
64.000	      0.295115	       0.32153	
64.500	      0.293859	      0.321534	
65.000	      0.293859	      0.321534	
65.500	      0.292517	      0.321539	
66.000	      0.291079	      0.321543	
66.500	      0.289538	      0.321548	
67.000	      0.289538	      0.321548	
67.500	      0.287883	      0.321552	
68.000	      0.286102	      0.321556	
68.500	      0.286102	      0.321556	
69.000	      0.284182	      0.321559	
69.500	      0.282108	      0.321563	
70.000	      0.279864	      0.321566	
70.500	      0.279864	      0.321566	
71.000	       0.27743	      0.321569	
71.500	      0.274784	      0.321572	
72.000	      0.274784	      0.321572	
72.500	      0.271902	      0.321575	
73.000	      0.268753	      0.321578	
73.500	      0.265305	       0.32158	
74.000	      0.265305	       0.32158	
74.500	      0.261517	      0.321582	
75.000	      0.257344	      0.321584	
75.500	      0.257344	      0.321584	
76.000	      0.252732	      0.321586	
76.500	      0.247617	      0.321588	
77.000	      0.241922	       0.32159	
77.500	      0.241922	       0.32159	
78.000	      0.235558	      0.321591	
78.500	      0.228414	      0.321593	
79.000	      0.228414	      0.321593	
79.500	      0.220359	      0.321594	
80.000	      0.211229	      0.321595	
80.500	      0.211229	      0.321595	
81.000	      0.200826	      0.321595	
81.500	        0.1889	      0.321596	
82.000	       0.17514	      0.321596	
82.500	       0.17514	      0.321596	
83.000	      0.159149	      0.321597	
83.500	      0.140417	      0.321597	
84.000	      0.140417	      0.321597	
84.500	       0.11828	      0.321597	
85.000	     0.0918597	      0.321596	
85.500	     0.0599742	      0.321596	
86.000	     0.0599742	      0.321596	
86.500	     0.0210051	      0.321595	
87.000	     0.0273132	      0.321595	
87.500	     0.0273132	      0.321595	
88.000	     0.0882311	      0.321594	
88.500	      0.166545	      0.321593	
89.000	      0.269576	      0.321591	
89.500	      0.269576	      0.321591	
90.000	      0.408944	       0.32159	
90.500	      0.604007	      0.321588	
91.000	      0.604007	      0.321588	
91.500	      0.888992	      0.321586	
92.000	       1.32917	      0.321584	
92.500	       2.06215	      0.321582	
93.000	       2.06215	      0.321582	
93.500	       3.42124	       0.32158	
94.000	       6.40179	      0.321578	
94.500	       6.40179	      0.321578	
95.000	       15.2739	      0.321575	
95.500	       80.3447	      0.321572	
96.000	         823.8	      0.321569	
96.500	         823.8	      0.321569	
97.000	       80.3447	      0.321566	
97.500	       15.2739	      0.321563	
98.000	       15.2739	      0.321563	
98.500	       6.40179	      0.321559	
99.000	       3.42124	      0.321556	
99.500	       2.06215	      0.321552	
100.000	       2.06215	      0.321552	
100.500	       1.32917	      0.321548	
101.000	      0.888992	      0.321543	
101.500	      0.888992	      0.321543	
102.000	      0.604007	      0.321539	
102.500	      0.408944	      0.321534	
103.000	      0.408944	      0.321534	
103.500	      0.269576	       0.32153	
104.000	      0.166545	      0.321525	
104.500	     0.0882311	      0.321519	
105.000	     0.0882311	      0.321519	
105.500	     0.0273132	      0.321514	
106.000	     0.0210051	      0.321509	
106.500	     0.0210051	      0.321509	
107.000	     0.0599742	      0.321503	
107.500	     0.0918597	      0.321497	
108.000	       0.11828	      0.321491	
108.500	       0.11828	      0.321491	
109.000	      0.140417	      0.321484	
109.500	      0.159149	      0.321478	
110.000	      0.159149	      0.321478	
110.500	       0.17514	      0.321471	
111.000	        0.1889	      0.321464	
111.500	      0.200826	      0.321457	
112.000	      0.200826	      0.321457	
112.500	      0.211229	       0.32145	
113.000	      0.220359	      0.321442	
113.500	      0.220359	      0.321442	
114.000	      0.228414	      0.321434	
114.500	      0.235558	      0.321426	
115.000	      0.241922	      0.321418	
115.500	      0.241922	      0.321418	
116.000	      0.247617	      0.321409	
116.500	      0.252732	      0.321401	
117.000	      0.252732	      0.321401	
117.500	      0.257344	      0.321392	
118.000	      0.261517	      0.321383	
118.500	      0.265305	      0.321373	
119.000	      0.265305	      0.321373	
119.500	      0.268753	      0.321363	
120.000	      0.271902	      0.321354	
120.500	      0.271902	      0.321354	
121.000	      0.274784	      0.321343	
121.500	       0.27743	      0.321333	
122.000	      0.279864	      0.321322	
122.500	      0.279864	      0.321322	
123.000	      0.282108	      0.321312	
123.500	      0.284182	        0.3213	
124.000	      0.284182	        0.3213	
124.500	      0.286102	      0.321289	
125.000	      0.287883	      0.321277	
125.500	      0.287883	      0.321277	
126.000	      0.289538	      0.321265	
126.500	      0.291079	      0.321253	
127.000	      0.292517	       0.32124	
127.500	      0.292517	       0.32124	
128.000	      0.293859	      0.321228	
128.500	      0.295115	      0.321215	
129.000	      0.295115	      0.321215	
129.500	      0.296291	      0.321201	
130.000	      0.297395	      0.321187	
130.500	      0.298432	      0.321173	
131.000	      0.298432	      0.321173	
131.500	      0.299407	      0.321159	
132.000	      0.300325	      0.321144	
132.500	      0.300325	      0.321144	
133.000	      0.301191	      0.321129	
133.500	      0.302008	      0.321114	
134.000	       0.30278	      0.321098	
134.500	       0.30278	      0.321098	
135.000	       0.30351	      0.321082	
135.500	      0.304202	      0.321066	
136.000	      0.304202	      0.321066	
136.500	      0.304857	      0.321049	
137.000	      0.305479	      0.321032	
137.500	      0.306069	      0.321015	
138.000	      0.306069	      0.321015	
138.500	       0.30663	      0.320997	
139.000	      0.307164	      0.320979	
139.500	      0.307164	      0.320979	
140.000	      0.307672	       0.32096	
140.500	      0.308156	      0.320941	
141.000	      0.308617	      0.320922	
141.500	      0.308617	      0.320922	
142.000	      0.309057	      0.320902	
142.500	      0.309478	      0.320882	
143.000	      0.309478	      0.320882	
143.500	      0.309879	      0.320861	
144.000	      0.310263	       0.32084	
144.500	       0.31063	      0.320819	
145.000	       0.31063	      0.320819	
145.500	      0.310982	      0.320797	
146.000	      0.311319	      0.320774	
146.500	      0.311319	      0.320774	
147.000	      0.311642	      0.320751	
147.500	      0.311951	      0.320728	
148.000	      0.311951	      0.320728	
148.500	      0.312248	      0.320704	
149.000	      0.312534	      0.320679	
149.500	      0.312808	      0.320654	
150.000	      0.312808	      0.320654	
150.500	      0.313071	      0.320629	
151.000	      0.313324	      0.320602	
151.500	      0.313324	      0.320602	
152.000	      0.313568	      0.320576	
152.500	      0.313802	      0.320548	
153.000	      0.314028	      0.320521	
153.500	      0.314028	      0.320521	
154.000	      0.314246	      0.320492	
154.500	      0.314455	      0.320463	
155.000	      0.314455	      0.320463	
155.500	      0.314657	      0.320433	
156.000	      0.314853	      0.320403	
156.500	      0.315041	      0.320372	
157.000	      0.315041	      0.320372	
157.500	      0.315222	       0.32034	
158.000	      0.315398	      0.320308	
158.500	      0.315398	      0.320308	
159.000	      0.315568	      0.320274	
159.500	      0.315732	       0.32024	
160.000	       0.31589	      0.320206	
160.500	       0.31589	      0.320206	
161.000	      0.316043	       0.32017	
161.500	      0.316192	      0.320134	
162.000	      0.316192	      0.320134	
162.500	      0.316335	      0.320097	
163.000	      0.316474	      0.320059	
163.500	      0.316609	       0.32002	
164.000	      0.316609	       0.32002	
164.500	      0.316739	       0.31998	
165.000	      0.316866	       0.31994	
165.500	      0.316866	       0.31994	
166.000	      0.316988	      0.319898	
166.500	      0.317107	      0.319856	
167.000	      0.317222	      0.319812	
167.500	      0.317222	      0.319812	
168.000	      0.317334	      0.319767	
168.500	      0.317443	      0.319722	
169.000	      0.317443	      0.319722	
169.500	      0.317548	      0.319675	
170.000	       0.31765	      0.319627	
170.500	       0.31765	      0.319627	
171.000	       0.31775	      0.319578	
171.500	      0.317846	      0.319528	
172.000	       0.31794	      0.319476	
172.500	       0.31794	      0.319476	
173.000	      0.318031	      0.319424	
173.500	       0.31812	       0.31937	
174.000	       0.31812	       0.31937	
174.500	      0.318206	      0.319314	
175.000	       0.31829	      0.319258	
175.500	      0.318372	        0.3192	
176.000	      0.318372	        0.3192	
176.500	      0.318451	       0.31914	
177.000	      0.318529	      0.319079	
177.500	      0.318529	      0.319079	
178.000	      0.318604	      0.319016	
178.500	      0.318677	      0.318952	
179.000	      0.318749	      0.318886	
179.500	      0.318749	      0.318886	
180.000	      0.318818	      0.318818	
