
TracePro Release: 3 2 0 
Polar Candela Distribution Data for 
Data covers +/- 180.000 degrees from Normal
Data for Missed Rays
Data generated at 09:47:02 June 30, 2025

	   0.0	 180.0
0.000	       0.18541	       0.18541	
0.500	      0.183868	      0.186805	
1.000	      0.183868	      0.186805	
1.500	      0.182158	      0.188072	
2.000	      0.180254	      0.189226	
2.500	      0.178128	      0.190279	
3.000	      0.178128	      0.190279	
3.500	      0.175742	      0.191243	
4.000	      0.173053	      0.192127	
4.500	      0.173053	      0.192127	
5.000	      0.170006	       0.19294	
5.500	      0.166535	      0.193689	
6.000	      0.162557	      0.194381	
6.500	      0.162557	      0.194381	
7.000	      0.157969	       0.19502	
7.500	      0.152637	      0.195613	
8.000	      0.152637	      0.195613	
8.500	      0.146392	      0.196162	
9.000	      0.139011	      0.196673	
9.500	      0.130199	      0.197148	
10.000	      0.130199	      0.197148	
10.500	      0.119558	       0.19759	
11.000	      0.106541	      0.198003	
11.500	      0.106541	      0.198003	
12.000	     0.0903767	      0.198387	
12.500	     0.0699533	      0.198747	
13.000	     0.0699533	      0.198747	
13.500	     0.0436135	      0.199082	
14.000	    0.00879859	      0.199396	
14.500	     0.0386217	      0.199689	
15.000	     0.0386217	      0.199689	
15.500	      0.105689	      0.199963	
16.000	      0.205281	       0.20022	
16.500	      0.205281	       0.20022	
17.000	      0.363241	      0.200459	
17.500	        0.6387	      0.200683	
18.000	       1.19692	      0.200891	
18.500	       1.19692	      0.200891	
19.000	       2.69618	      0.201085	
19.500	       12.3135	      0.201266	
20.000	       12.3135	      0.201266	
20.500	       111.397	      0.201434	
21.000	       26.9007	      0.201589	
21.500	       160.493	      0.201731	
22.000	       160.493	      0.201731	
22.500	       16.6403	      0.201862	
23.000	       3.38995	      0.201981	
23.500	       3.38995	      0.201981	
24.000	       1.45117	      0.202088	
24.500	      0.761518	      0.202184	
25.000	      0.432375	      0.202268	
25.500	      0.432375	      0.202268	
26.000	      0.248285	       0.20234	
26.500	      0.134435	        0.2024	
27.000	      0.134435	        0.2024	
27.500	     0.0589326	      0.202447	
28.000	    0.00621378	      0.202482	
28.500	     0.0320857	      0.202502	
29.000	     0.0320857	      0.202502	
29.500	     0.0608002	      0.202508	
30.000	     0.0828879	      0.202498	
30.500	     0.0828879	      0.202498	
31.000	      0.100244	       0.20247	
31.500	      0.114128	      0.202423	
32.000	      0.125406	      0.202354	
32.500	      0.125406	      0.202354	
33.000	       0.13469	      0.202262	
33.500	      0.142419	      0.202142	
34.000	      0.142419	      0.202142	
34.500	      0.148919	      0.201989	
35.000	      0.154435	        0.2018	
35.500	      0.154435	        0.2018	
36.000	      0.159151	      0.201566	
36.500	      0.163211	       0.20128	
37.000	      0.166728	      0.200929	
37.500	      0.166728	      0.200929	
38.000	      0.169791	        0.2005	
38.500	      0.172471	      0.199973	
39.000	      0.172471	      0.199973	
39.500	      0.174826	      0.199321	
40.000	      0.176902	      0.198509	
40.500	      0.178738	      0.197487	
41.000	      0.178738	      0.197487	
41.500	      0.180366	      0.196182	
42.000	      0.181811	      0.194488	
42.500	      0.181811	      0.194488	
43.000	      0.183097	      0.192242	
43.500	      0.184241	      0.189186	
44.000	      0.185259	      0.184889	
44.500	      0.185259	      0.184889	
45.000	      0.186164	      0.178591	
45.500	      0.186967	       0.16884	
46.000	      0.186967	       0.16884	
46.500	      0.187679	      0.152578	
47.000	      0.188306	      0.122395	
47.500	      0.188857	     0.0561631	
48.000	      0.188857	     0.0561631	
48.500	      0.189335	      0.141046	
49.000	      0.189748	        1.5876	
49.500	      0.189748	        1.5876	
50.000	      0.190097	       18.5123	
50.500	      0.190388	       1.58756	
51.000	      0.190621	      0.140964	
51.500	      0.190621	      0.140964	
52.000	      0.190801	     0.0562857	
52.500	      0.190928	      0.122558	
53.000	      0.190928	      0.122558	
53.500	      0.191002	      0.152782	
54.000	      0.191026	      0.169084	
54.500	      0.190998	      0.178875	
55.000	      0.190998	      0.178875	
55.500	      0.190919	      0.185213	
56.000	      0.190787	      0.189549	
56.500	      0.190787	      0.189549	
57.000	      0.190601	      0.192644	
57.500	      0.190359	      0.194928	
58.000	      0.190359	      0.194928	
58.500	      0.190059	       0.19666	
59.000	      0.189697	      0.198002	
59.500	      0.189269	       0.19906	
60.000	      0.189269	       0.19906	
60.500	      0.188771	      0.199907	
61.000	      0.188197	      0.200592	
61.500	      0.188197	      0.200592	
62.000	       0.18754	      0.201152	
62.500	      0.186793	      0.201612	
63.000	      0.185946	      0.201992	
63.500	      0.185946	      0.201992	
64.000	      0.184989	      0.202306	
64.500	      0.183909	      0.202565	
65.000	      0.183909	      0.202565	
65.500	      0.182691	      0.202776	
66.000	      0.181316	      0.202948	
66.500	      0.179763	      0.203084	
67.000	      0.179763	      0.203084	
67.500	      0.178008	      0.203188	
68.000	      0.176018	      0.203263	
68.500	      0.176018	      0.203263	
69.000	      0.173757	      0.203312	
69.500	      0.171181	      0.203335	
70.000	      0.168233	      0.203333	
70.500	      0.168233	      0.203333	
71.000	      0.164845	      0.203306	
71.500	      0.160932	      0.203255	
72.000	      0.160932	      0.203255	
72.500	      0.156388	      0.203178	
73.000	      0.151077	      0.203074	
73.500	      0.144822	      0.202941	
74.000	      0.144822	      0.202941	
74.500	      0.137396	      0.202777	
75.000	      0.128496	      0.202579	
75.500	      0.128496	      0.202579	
76.000	      0.117717	      0.202342	
76.500	        0.1045	      0.202062	
77.000	     0.0880649	      0.201731	
77.500	     0.0880649	      0.201731	
78.000	     0.0672917	      0.201341	
78.500	     0.0405269	      0.200883	
79.000	     0.0405269	      0.200883	
79.500	    0.00524667	      0.200342	
80.000	     0.0425563	      0.199703	
80.500	     0.0425563	      0.199703	
81.000	      0.109558	      0.198943	
81.500	      0.207565	      0.198035	
82.000	      0.359093	       0.19694	
82.500	      0.359093	       0.19694	
83.000	      0.611606	      0.195608	
83.500	       1.08009	      0.193969	
84.000	       1.08009	      0.193969	
84.500	       2.10792	      0.191927	
85.000	       5.16818	      0.189342	
85.500	       27.6157	      0.186006	
86.000	       27.6157	      0.186006	
86.500	       284.295	      0.181607	
87.000	       27.6147	      0.175645	
87.500	       27.6147	      0.175645	
88.000	       5.16603	      0.167286	
88.500	       2.10465	       0.15506	
89.000	       1.07566	      0.136161	
89.500	       1.07566	      0.136161	
90.000	       0.60596	      0.104672	
90.500	      0.352146	     0.0462625	
91.000	      0.352146	     0.0462625	
91.500	      0.199214	      0.081861	
92.000	     0.0996699	      0.463289	
92.500	     0.0309653	       3.26093	
93.000	     0.0309653	       3.26093	
93.500	      0.018747	        35.612	
94.000	     0.0561965	       3.26089	
94.500	     0.0561965	       3.26089	
95.000	     0.0854583	       0.46321	
95.500	      0.109145	     0.0817417	
96.000	      0.129031	     0.0464219	
96.500	      0.129031	     0.0464219	
97.000	      0.146397	      0.104871	
97.500	      0.162252	      0.136401	
98.000	      0.162252	      0.136401	
98.500	      0.177479	      0.155342	
99.000	      0.192965	       0.16761	
99.500	      0.209743	      0.176011	
100.000	      0.209743	      0.176011	
100.500	      0.229203	      0.182017	
101.000	      0.253453	       0.18646	
101.500	      0.253453	       0.18646	
102.000	      0.286049	      0.189841	
102.500	      0.333615	      0.192472	
103.000	      0.333615	      0.192472	
103.500	      0.409975	      0.194562	
104.000	      0.548481	       0.19625	
104.500	      0.848573	      0.197632	
105.000	      0.848573	      0.197632	
105.500	       1.73666	      0.198779	
106.000	       8.23587	      0.199742	
106.500	       8.23587	      0.199742	
107.000	       82.0399	      0.200557	
107.500	       8.23927	      0.201255	
108.000	       1.74351	      0.201856	
108.500	       1.74351	      0.201856	
109.000	      0.858963	      0.202378	
109.500	      0.562568	      0.202835	
110.000	      0.562568	      0.202835	
110.500	      0.427971	      0.203236	
111.000	      0.355797	      0.203591	
111.500	      0.312777	      0.203906	
112.000	      0.312777	      0.203906	
112.500	      0.285178	      0.204188	
113.000	      0.266493	       0.20444	
113.500	      0.266493	       0.20444	
114.000	      0.253309	      0.204668	
114.500	      0.243701	      0.204873	
115.000	      0.236512	       0.20506	
115.500	      0.236512	       0.20506	
116.000	      0.231016	      0.205229	
116.500	      0.226738	      0.205384	
117.000	      0.226738	      0.205384	
117.500	      0.223357	      0.205526	
118.000	      0.220651	      0.205655	
118.500	      0.218461	      0.205775	
119.000	      0.218461	      0.205775	
119.500	       0.21667	      0.205885	
120.000	      0.215194	      0.205987	
120.500	      0.215194	      0.205987	
121.000	      0.213968	      0.206081	
121.500	      0.212943	      0.206169	
122.000	      0.212081	       0.20625	
122.500	      0.212081	       0.20625	
123.000	      0.211353	      0.206326	
123.500	      0.210735	      0.206397	
124.000	      0.210735	      0.206397	
124.500	      0.210209	      0.206463	
125.000	      0.209759	      0.206524	
125.500	      0.209759	      0.206524	
126.000	      0.209373	      0.206582	
126.500	      0.209041	      0.206636	
127.000	      0.208756	      0.206687	
127.500	      0.208756	      0.206687	
128.000	      0.208509	      0.206735	
128.500	      0.208296	       0.20678	
129.000	      0.208296	       0.20678	
129.500	      0.208111	      0.206823	
130.000	      0.207952	      0.206863	
130.500	      0.207814	        0.2069	
131.000	      0.207814	        0.2069	
131.500	      0.207694	      0.206936	
132.000	      0.207591	       0.20697	
132.500	      0.207591	       0.20697	
133.000	      0.207501	      0.207002	
133.500	      0.207424	      0.207032	
134.000	      0.207357	       0.20706	
134.500	      0.207357	       0.20706	
135.000	        0.2073	      0.207087	
135.500	      0.207252	      0.207113	
136.000	      0.207252	      0.207113	
136.500	       0.20721	      0.207137	
137.000	      0.207175	       0.20716	
137.500	      0.207145	      0.207182	
138.000	      0.207145	      0.207182	
138.500	      0.207121	      0.207203	
139.000	      0.207101	      0.207223	
139.500	      0.207101	      0.207223	
140.000	      0.207084	      0.207242	
140.500	      0.207072	      0.207259	
141.000	      0.207062	      0.207276	
141.500	      0.207062	      0.207276	
142.000	      0.207055	      0.207292	
142.500	       0.20705	      0.207307	
143.000	       0.20705	      0.207307	
143.500	      0.207047	      0.207322	
144.000	      0.207046	      0.207335	
144.500	      0.207047	      0.207348	
145.000	      0.207047	      0.207348	
145.500	      0.207049	      0.207361	
146.000	      0.207052	      0.207372	
146.500	      0.207052	      0.207372	
147.000	      0.207057	      0.207383	
147.500	      0.207062	      0.207394	
148.000	      0.207062	      0.207394	
148.500	      0.207069	      0.207404	
149.000	      0.207076	      0.207413	
149.500	      0.207083	      0.207422	
150.000	      0.207083	      0.207422	
150.500	      0.207092	       0.20743	
151.000	        0.2071	      0.207438	
151.500	        0.2071	      0.207438	
152.000	      0.207109	      0.207445	
152.500	      0.207119	      0.207452	
153.000	      0.207129	      0.207458	
153.500	      0.207129	      0.207458	
154.000	      0.207138	      0.207464	
154.500	      0.207149	       0.20747	
155.000	      0.207149	       0.20747	
155.500	      0.207159	      0.207475	
156.000	      0.207169	       0.20748	
156.500	       0.20718	      0.207484	
157.000	       0.20718	      0.207484	
157.500	       0.20719	      0.207488	
158.000	      0.207201	      0.207492	
158.500	      0.207201	      0.207492	
159.000	      0.207211	      0.207495	
159.500	      0.207221	      0.207498	
160.000	      0.207232	      0.207501	
160.500	      0.207232	      0.207501	
161.000	      0.207242	      0.207503	
161.500	      0.207252	      0.207505	
162.000	      0.207252	      0.207505	
162.500	      0.207262	      0.207506	
163.000	      0.207272	      0.207508	
163.500	      0.207282	      0.207509	
164.000	      0.207282	      0.207509	
164.500	      0.207292	      0.207509	
165.000	      0.207301	       0.20751	
165.500	      0.207301	       0.20751	
166.000	      0.207311	       0.20751	
166.500	       0.20732	       0.20751	
167.000	      0.207329	      0.207509	
167.500	      0.207329	      0.207509	
168.000	      0.207338	      0.207509	
168.500	      0.207346	      0.207508	
169.000	      0.207346	      0.207508	
169.500	      0.207355	      0.207506	
170.000	      0.207363	      0.207505	
170.500	      0.207363	      0.207505	
171.000	      0.207371	      0.207503	
171.500	      0.207379	      0.207501	
172.000	      0.207387	      0.207499	
172.500	      0.207387	      0.207499	
173.000	      0.207394	      0.207496	
173.500	      0.207402	      0.207493	
174.000	      0.207402	      0.207493	
174.500	      0.207409	       0.20749	
175.000	      0.207415	      0.207487	
175.500	      0.207422	      0.207483	
176.000	      0.207422	      0.207483	
176.500	      0.207428	      0.207479	
177.000	      0.207434	      0.207475	
177.500	      0.207434	      0.207475	
178.000	       0.20744	      0.207471	
178.500	      0.207446	      0.207467	
179.000	      0.207452	      0.207462	
179.500	      0.207452	      0.207462	
180.000	      0.207457	      0.207457	
