
TracePro Release: 3 2 0 
Polar Candela Distribution Data for 
Data covers +/- 180.000 degrees from Normal
Data for Missed Rays
Data generated at 09:48:20 June 25, 2025

	   0.0	 180.0
0.000	      0.273903	      0.273903	
0.500	      0.272443	      0.271629	
1.000	      0.272443	      0.271629	
1.500	      0.270324	      0.326825	
2.000	       0.26781	      0.269724	
2.500	      0.264951	      0.330429	
3.000	      0.264951	      0.330429	
3.500	      0.261758	      0.269285	
4.000	       0.25826	      0.372122	
4.500	       0.25826	      0.372122	
5.000	      0.254674	      0.222201	
5.500	      0.254061	      0.285955	
6.000	      0.192688	      0.282129	
6.500	      0.192688	      0.282129	
7.000	      0.242883	      0.280321	
7.500	      0.232105	      0.277328	
8.000	      0.232105	      0.277328	
8.500	      0.223863	      0.271898	
9.000	      0.214852	      0.259212	
9.500	      0.204575	      0.303021	
10.000	      0.204575	      0.303021	
10.500	      0.192675	      0.148199	
11.000	      0.178744	     0.0891899	
11.500	      0.178744	     0.0891899	
12.000	      0.162242	      0.803508	
12.500	      0.142312	       11.5607	
13.000	      0.142312	       11.5607	
13.500	       0.11522	       0.80272	
14.000	      0.146043	     0.0876392	
14.500	    0.00233549	      0.209486	
15.000	    0.00233549	      0.209486	
15.500	     0.0135254	      0.250744	
16.000	      0.047465	      0.269804	
16.500	      0.047465	      0.269804	
17.000	      0.123779	      0.280274	
17.500	      0.226609	      0.286716	
18.000	        0.3704	       0.29101	
18.500	        0.3704	       0.29101	
19.000	      0.580421	      0.294052	
19.500	      0.904953	      0.296309	
20.000	      0.904953	      0.296309	
20.500	       1.44829	      0.298047	
21.000	       2.39253	      0.299429	
21.500	       4.64044	      0.300556	
22.000	       4.64044	      0.300556	
22.500	       11.1617	      0.301503	
23.000	       59.0172	      0.302334	
23.500	       59.0172	      0.302334	
24.000	       605.928	      0.303148	
24.500	       59.0176	      0.304306	
25.000	       11.1622	      0.310161	
25.500	       11.1622	      0.310161	
26.000	       4.63717	      0.229882	
26.500	       2.44193	      0.307192	
27.000	       2.44193	      0.307192	
27.500	       1.49253	      0.278226	
28.000	      0.900154	      0.637204	
28.500	      0.635935	      0.136739	
29.000	      0.635935	      0.136739	
29.500	      0.372527	      0.414503	
30.000	      0.234128	     0.0394588	
30.500	      0.234128	     0.0394588	
31.000	      0.133262	      0.463195	
31.500	     0.0588158	      0.279443	
32.000	     0.0024856	      0.537374	
32.500	     0.0024856	      0.537374	
33.000	     0.0412646	      0.123299	
33.500	     0.0790726	      0.358543	
34.000	     0.0790726	      0.358543	
34.500	     0.0418409	      0.283831	
35.000	      0.183644	      0.501284	
35.500	      0.183644	      0.501284	
36.000	     0.0836431	      0.287248	
36.500	      0.156934	      0.308996	
37.000	      0.163459	      0.208213	
37.500	      0.163459	      0.208213	
38.000	      0.170263	      0.369175	
38.500	      0.171321	      0.254998	
39.000	      0.171321	      0.254998	
39.500	      0.233991	      0.304401	
40.000	      0.175411	      0.299558	
40.500	      0.178181	      0.296783	
41.000	      0.178181	      0.296783	
41.500	      0.174459	      0.293338	
42.000	      0.166939	      0.288552	
42.500	      0.166939	      0.288552	
43.000	      0.154875	      0.281528	
43.500	      0.136577	      0.270617	
44.000	      0.108761	      0.252365	
44.500	      0.108761	      0.252365	
45.000	     0.0632927	      0.218413	
45.500	     0.0566458	      0.143807	
46.000	     0.0566458	      0.143807	
46.500	      0.757777	     0.0785083	
47.000	      0.361718	       1.70975	
47.500	      0.391709	       20.9577	
48.000	      0.391709	       20.9577	
48.500	       1.12172	       1.70954	
49.000	       2.85064	     0.0780897	
49.500	       2.85064	     0.0780897	
50.000	       16.2827	      0.144435	
50.500	       169.308	      0.219252	
51.000	        16.278	      0.253415	
51.500	        16.278	      0.253415	
52.000	       2.84375	      0.271878	
52.500	         1.102	      0.282999	
53.000	         1.102	      0.282999	
53.500	      0.426476	      0.290225	
54.000	      0.208701	      0.295195	
54.500	     0.0270272	      0.298766	
55.000	     0.0270272	      0.298766	
55.500	     0.0395801	      0.301424	
56.000	      0.105271	      0.303461	
56.500	      0.105271	      0.303461	
57.000	      0.147765	      0.305058	
57.500	      0.182049	      0.306338	
58.000	      0.182049	      0.306338	
58.500	      0.142453	      0.307382	
59.000	      0.221332	      0.308246	
59.500	      0.230677	      0.308972	
60.000	      0.230677	      0.308972	
60.500	      0.244563	      0.309588	
61.000	      0.199141	      0.310117	
61.500	      0.199141	      0.310117	
62.000	      0.260066	      0.310576	
62.500	      0.262134	      0.310978	
63.000	       0.26666	      0.311332	
63.500	       0.26666	      0.311332	
64.000	      0.270827	      0.311646	
64.500	       0.27452	      0.311928	
65.000	       0.27452	      0.311928	
65.500	      0.277803	       0.31218	
66.000	      0.280792	      0.312409	
66.500	      0.283769	      0.312617	
67.000	      0.283769	      0.312617	
67.500	      0.289467	      0.312807	
68.000	      0.243225	      0.312981	
68.500	      0.243225	      0.312981	
69.000	      0.293238	      0.313142	
69.500	       0.29137	       0.31329	
70.000	      0.292339	      0.313428	
70.500	      0.292339	      0.313428	
71.000	      0.293473	      0.313556	
71.500	      0.294543	      0.313675	
72.000	      0.294543	      0.313675	
72.500	      0.295457	      0.313787	
73.000	      0.295973	      0.313892	
73.500	       0.29327	      0.313991	
74.000	       0.29327	      0.313991	
74.500	      0.345274	      0.314084	
75.000	       0.29547	      0.314172	
75.500	       0.29547	      0.314172	
76.000	      0.303394	      0.314256	
76.500	      0.253975	      0.314335	
77.000	      0.304588	       0.31441	
77.500	      0.304588	       0.31441	
78.000	      0.297723	      0.314481	
78.500	      0.350853	      0.314549	
79.000	      0.350853	      0.314549	
79.500	      0.297823	      0.314614	
80.000	      0.301445	      0.314676	
80.500	      0.301445	      0.314676	
81.000	      0.298176	      0.314736	
81.500	      0.356492	      0.314793	
82.000	      0.299473	      0.314847	
82.500	      0.299473	      0.314847	
83.000	      0.307397	        0.3149	
83.500	      0.256309	       0.31495	
84.000	      0.256309	       0.31495	
84.500	      0.307511	      0.314999	
85.000	      0.302609	      0.315045	
85.500	      0.298053	       0.31509	
86.000	      0.298053	       0.31509	
86.500	      0.261267	      0.315134	
87.000	      0.947868	      0.315175	
87.500	      0.947868	      0.315175	
88.000	      0.869715	      0.315216	
88.500	       1.06163	      0.315255	
89.000	       1.05223	      0.315292	
89.500	       1.05223	      0.315292	
90.000	        4.5082	      0.315329	
90.500	      0.728869	      0.315364	
91.000	      0.728869	      0.315364	
91.500	      0.528277	      0.315398	
92.000	      0.221599	      0.315431	
92.500	      0.374556	      0.315463	
93.000	      0.374556	      0.315463	
93.500	     0.0303386	      0.315495	
94.000	      0.329809	      0.315525	
94.500	      0.329809	      0.315525	
95.000	      0.310942	      0.315554	
95.500	       0.30941	      0.315582	
96.000	      0.309375	       0.31561	
96.500	      0.309375	       0.31561	
97.000	      0.309629	      0.315637	
97.500	      0.309935	      0.315663	
98.000	      0.309935	      0.315663	
98.500	      0.310235	      0.315688	
99.000	      0.310514	      0.315713	
99.500	      0.310769	      0.315736	
100.000	      0.310769	      0.315736	
100.500	      0.311003	       0.31576	
101.000	      0.311217	      0.315782	
101.500	      0.311217	      0.315782	
102.000	      0.311415	      0.315804	
102.500	      0.311598	      0.315826	
103.000	      0.311598	      0.315826	
103.500	      0.311769	      0.315846	
104.000	       0.31193	      0.315867	
104.500	       0.31208	      0.315886	
105.000	       0.31208	      0.315886	
105.500	      0.312222	      0.315906	
106.000	      0.312357	      0.315924	
106.500	      0.312357	      0.315924	
107.000	      0.312485	      0.315943	
107.500	      0.312606	       0.31596	
108.000	      0.312722	      0.315977	
108.500	      0.312722	      0.315977	
109.000	      0.312833	      0.315994	
109.500	       0.31294	      0.316011	
110.000	       0.31294	      0.316011	
110.500	      0.313041	      0.316027	
111.000	      0.313139	      0.316042	
111.500	      0.313234	      0.316057	
112.000	      0.313234	      0.316057	
112.500	      0.313324	      0.316072	
113.000	      0.313412	      0.316086	
113.500	      0.313412	      0.316086	
114.000	      0.313496	        0.3161	
114.500	      0.313578	      0.316114	
115.000	      0.313656	      0.316127	
115.500	      0.313656	      0.316127	
116.000	      0.313732	       0.31614	
116.500	      0.313806	      0.316152	
117.000	      0.313806	      0.316152	
117.500	      0.313877	      0.316164	
118.000	      0.313946	      0.316176	
118.500	      0.314013	      0.316188	
119.000	      0.314013	      0.316188	
119.500	      0.314078	      0.316199	
120.000	      0.314142	       0.31621	
120.500	      0.314142	       0.31621	
121.000	      0.314203	       0.31622	
121.500	      0.314262	      0.316231	
122.000	       0.31432	      0.316241	
122.500	       0.31432	      0.316241	
123.000	      0.314376	       0.31625	
123.500	      0.314431	       0.31626	
124.000	      0.314431	       0.31626	
124.500	      0.314484	      0.316269	
125.000	      0.314535	      0.316278	
125.500	      0.314535	      0.316278	
126.000	      0.314586	      0.316286	
126.500	      0.314635	      0.316295	
127.000	      0.314682	      0.316303	
127.500	      0.314682	      0.316303	
128.000	      0.314729	      0.316311	
128.500	      0.314774	      0.316318	
129.000	      0.314774	      0.316318	
129.500	      0.314818	      0.316325	
130.000	      0.314861	      0.316333	
130.500	      0.314902	      0.316339	
131.000	      0.314902	      0.316339	
131.500	      0.314943	      0.316346	
132.000	      0.314983	      0.316352	
132.500	      0.314983	      0.316352	
133.000	      0.315022	      0.316359	
133.500	       0.31506	      0.316364	
134.000	      0.315097	       0.31637	
134.500	      0.315097	       0.31637	
135.000	      0.315133	      0.316376	
135.500	      0.315168	      0.316381	
136.000	      0.315168	      0.316381	
136.500	      0.315202	      0.316386	
137.000	      0.315235	      0.316391	
137.500	      0.315268	      0.316395	
138.000	      0.315268	      0.316395	
138.500	        0.3153	        0.3164	
139.000	      0.315331	      0.316404	
139.500	      0.315331	      0.316404	
140.000	      0.315362	      0.316408	
140.500	      0.315391	      0.316411	
141.000	       0.31542	      0.316415	
141.500	       0.31542	      0.316415	
142.000	      0.315449	      0.316418	
142.500	      0.315477	      0.316421	
143.000	      0.315477	      0.316421	
143.500	      0.315504	      0.316424	
144.000	       0.31553	      0.316427	
144.500	      0.315556	       0.31643	
145.000	      0.315556	       0.31643	
145.500	      0.315581	      0.316432	
146.000	      0.315606	      0.316434	
146.500	      0.315606	      0.316434	
147.000	       0.31563	      0.316436	
147.500	      0.315654	      0.316438	
148.000	      0.315654	      0.316438	
148.500	      0.315677	       0.31644	
149.000	      0.315699	      0.316441	
149.500	      0.315721	      0.316442	
150.000	      0.315721	      0.316442	
150.500	      0.315743	      0.316443	
151.000	      0.315764	      0.316444	
151.500	      0.315764	      0.316444	
152.000	      0.315785	      0.316445	
152.500	      0.315805	      0.316445	
153.000	      0.315824	      0.316445	
153.500	      0.315824	      0.316445	
154.000	      0.315844	      0.316445	
154.500	      0.315862	      0.316445	
155.000	      0.315862	      0.316445	
155.500	      0.315881	      0.316445	
156.000	      0.315899	      0.316444	
156.500	      0.315916	      0.316444	
157.000	      0.315916	      0.316444	
157.500	      0.315934	      0.316443	
158.000	       0.31595	      0.316442	
158.500	       0.31595	      0.316442	
159.000	      0.315967	       0.31644	
159.500	      0.315983	      0.316439	
160.000	      0.315998	      0.316437	
160.500	      0.315998	      0.316437	
161.000	      0.316014	      0.316436	
161.500	      0.316029	      0.316434	
162.000	      0.316029	      0.316434	
162.500	      0.316043	      0.316431	
163.000	      0.316057	      0.316429	
163.500	      0.316071	      0.316426	
164.000	      0.316071	      0.316426	
164.500	      0.316085	      0.316424	
165.000	      0.316098	      0.316421	
165.500	      0.316098	      0.316421	
166.000	      0.316111	      0.316417	
166.500	      0.316124	      0.316414	
167.000	      0.316136	      0.316411	
167.500	      0.316136	      0.316411	
168.000	      0.316148	      0.316407	
168.500	       0.31616	      0.316403	
169.000	       0.31616	      0.316403	
169.500	      0.316171	      0.316399	
170.000	      0.316183	      0.316394	
170.500	      0.316183	      0.316394	
171.000	      0.316193	       0.31639	
171.500	      0.316204	      0.316385	
172.000	      0.316214	       0.31638	
172.500	      0.316214	       0.31638	
173.000	      0.316225	      0.316375	
173.500	      0.316234	      0.316369	
174.000	      0.316234	      0.316369	
174.500	      0.316244	      0.316364	
175.000	      0.316253	      0.316358	
175.500	      0.316262	      0.316352	
176.000	      0.316262	      0.316352	
176.500	      0.316271	      0.316346	
177.000	       0.31628	      0.316339	
177.500	       0.31628	      0.316339	
178.000	      0.316288	      0.316333	
178.500	      0.316296	      0.316326	
179.000	      0.316304	      0.316319	
179.500	      0.316304	      0.316319	
180.000	      0.316311	      0.316311	
