
TracePro Release: 3 2 0 
Polar Candela Distribution Data for 
Data covers +/- 180.000 degrees from Normal
Data for Missed Rays
Data generated at 09:44:43 June 25, 2025

	   0.0	 180.0
0.000	      0.265645	      0.265645	
0.500	        0.2619	      0.273596	
1.000	        0.2619	      0.273596	
1.500	      0.257039	      0.327873	
2.000	      0.229364	      0.421662	
2.500	      0.603347	      0.327862	
3.000	      0.603347	      0.327862	
3.500	      0.227829	      0.270494	
4.000	      0.252091	       0.31983	
4.500	      0.252091	       0.31983	
5.000	       0.23343	      0.265459	
5.500	      0.563271	      0.295361	
6.000	      0.245866	     0.0818258	
6.500	      0.245866	     0.0818258	
7.000	      0.328493	      0.311131	
7.500	      0.485475	      0.157945	
8.000	      0.485475	      0.157945	
8.500	      0.333386	       1.54735	
9.000	      0.275584	      0.784519	
9.500	      0.268956	      0.804095	
10.000	      0.268956	      0.804095	
10.500	      0.269759	      0.225979	
11.000	      0.293315	      0.257374	
11.500	      0.293315	      0.257374	
12.000	     0.0516867	      0.261006	
12.500	      0.291712	      0.262408	
13.000	      0.291712	      0.262408	
13.500	      0.265479	      0.263445	
14.000	      0.257594	      0.264684	
14.500	       0.22008	      0.266751	
15.000	       0.22008	      0.266751	
15.500	      0.744663	      0.271339	
16.000	      0.228657	      0.286462	
16.500	      0.228657	      0.286462	
17.000	      0.307967	      0.427191	
17.500	      0.212179	       2.14183	
18.000	      0.389725	       4.28954	
18.500	      0.389725	       4.28954	
19.000	      0.516165	       3.62757	
19.500	      0.410951	       2.02285	
20.000	      0.410951	       2.02285	
20.500	      0.432304	       1.11337	
21.000	      0.364562	       1.50216	
21.500	      0.252921	      0.393012	
22.000	      0.252921	      0.393012	
22.500	       1.18234	       0.31513	
23.000	      0.188679	      0.086225	
23.500	      0.188679	      0.086225	
24.000	      0.251022	      0.654809	
24.500	       0.25799	      0.233203	
25.000	      0.260127	      0.269468	
25.500	      0.260127	      0.269468	
26.000	      0.261427	      0.160492	
26.500	       0.26321	      0.293896	
27.000	       0.26321	      0.293896	
27.500	      0.267958	     0.0213549	
28.000	      0.302135	      0.330813	
28.500	      0.171524	      0.252481	
29.000	      0.171524	      0.252481	
29.500	      0.302526	      0.370355	
30.000	      0.269004	       0.25329	
30.500	      0.269004	       0.25329	
31.000	      0.265745	      0.261789	
31.500	      0.268511	      0.263807	
32.000	      0.299792	      0.271477	
32.500	      0.299792	      0.271477	
33.000	      0.143658	      0.169544	
33.500	      0.300581	      0.271755	
34.000	      0.300581	      0.271755	
34.500	      0.272528	      0.264493	
35.000	      0.303472	      0.263363	
35.500	      0.303472	      0.263363	
36.000	      0.254132	      0.258728	
36.500	      0.559917	      0.357773	
37.000	      0.240055	      0.105277	
37.500	      0.240055	      0.105277	
38.000	      0.253221	      0.290549	
38.500	      0.251239	      0.122527	
39.000	      0.251239	      0.122527	
39.500	      0.244008	      0.283478	
40.000	      0.196725	      0.194296	
40.500	      0.831444	       0.34344	
41.000	      0.831444	       0.34344	
41.500	      0.106637	      0.196472	
42.000	      0.515727	      0.280185	
42.500	      0.515727	      0.280185	
43.000	      0.149584	      0.143721	
43.500	      0.956262	      0.274309	
44.000	      0.134748	      0.260803	
44.500	      0.134748	      0.260803	
45.000	      0.648825	       0.32367	
45.500	      0.148261	      0.201504	
46.000	      0.148261	      0.201504	
46.500	      0.773606	      0.327751	
47.000	      0.128185	      0.162435	
47.500	      0.909686	      0.322648	
48.000	      0.909686	      0.322648	
48.500	      0.153694	      0.264241	
49.000	      0.533043	       0.28874	
49.500	      0.533043	       0.28874	
50.000	      0.217824	    0.00928647	
50.500	      0.244158	      0.289019	
51.000	      0.248769	      0.267557	
51.500	      0.248769	      0.267557	
52.000	      0.250604	      0.264626	
52.500	      0.251532	      0.263637	
53.000	      0.251532	      0.263637	
53.500	      0.252068	      0.263183	
54.000	      0.252428	      0.262936	
54.500	      0.252753	      0.262787	
55.000	      0.252753	      0.262787	
55.500	      0.253209	      0.262689	
56.000	      0.254181	      0.262622	
56.500	      0.254181	      0.262622	
57.000	      0.257218	      0.262574	
57.500	      0.280362	      0.262538	
58.000	      0.280362	      0.262538	
58.500	     0.0438536	      0.262511	
59.000	      0.279949	       0.26249	
59.500	      0.256414	      0.262474	
60.000	      0.256414	      0.262474	
60.500	      0.253031	       0.26246	
61.000	      0.251793	      0.262449	
61.500	      0.251793	      0.262449	
62.000	       0.25121	      0.262441	
62.500	      0.250992	      0.262433	
63.000	      0.251167	      0.262427	
63.500	      0.251167	      0.262427	
64.000	      0.252023	      0.262422	
64.500	      0.254524	      0.262417	
65.000	      0.254524	      0.262417	
65.500	      0.262759	      0.262414	
66.000	      0.323501	       0.26241	
66.500	      0.503942	      0.262407	
67.000	      0.503942	      0.262407	
67.500	      0.360843	      0.262405	
68.000	      0.173253	      0.262403	
68.500	      0.173253	      0.262403	
69.000	      0.291382	      0.262401	
69.500	      0.253839	      0.262399	
70.000	      0.247334	      0.262397	
70.500	      0.247334	      0.262397	
71.000	      0.245018	      0.262395	
71.500	      0.249244	      0.262394	
72.000	      0.249244	      0.262394	
72.500	      0.159623	      0.262392	
73.000	      0.246125	      0.262391	
73.500	      0.238495	       0.26239	
74.000	      0.238495	       0.26239	
74.500	      0.236513	      0.262388	
75.000	      0.235467	      0.262387	
75.500	      0.235467	      0.262387	
76.000	      0.235551	      0.262385	
76.500	      0.239343	      0.262384	
77.000	      0.278175	      0.262382	
77.500	      0.278175	      0.262382	
78.000	      0.285794	      0.262381	
78.500	        0.2762	      0.262379	
79.000	        0.2762	      0.262379	
79.500	      0.238645	      0.262377	
80.000	      0.271165	      0.262376	
80.500	      0.271165	      0.262376	
81.000	      0.302536	      0.262374	
81.500	       0.26183	      0.262372	
82.000	      0.216616	       0.26237	
82.500	      0.216616	       0.26237	
83.000	      0.206528	      0.262368	
83.500	      0.199789	      0.262366	
84.000	      0.199789	      0.262366	
84.500	      0.193639	      0.262363	
85.000	      0.187469	      0.262361	
85.500	      0.181431	      0.262359	
86.000	      0.181431	      0.262359	
86.500	      0.177879	      0.262356	
87.000	      0.214492	      0.262353	
87.500	      0.214492	      0.262353	
88.000	      0.604164	      0.262351	
88.500	      0.887843	      0.262348	
89.000	    0.00185716	      0.262345	
89.500	    0.00185716	      0.262345	
90.000	       0.82068	      0.262342	
90.500	     0.0339991	      0.262338	
91.000	     0.0339991	      0.262338	
91.500	      0.867466	      0.262335	
92.000	      0.771442	      0.262332	
92.500	      0.119844	      0.262328	
93.000	      0.119844	      0.262328	
93.500	      0.962416	      0.262324	
94.000	       2.51103	       0.26232	
94.500	       2.51103	       0.26232	
95.000	       2.88452	      0.262316	
95.500	       2.71863	      0.262312	
96.000	       6.30986	      0.262308	
96.500	       6.30986	      0.262308	
97.000	       4.90847	      0.262304	
97.500	       4.39733	      0.262299	
98.000	       4.39733	      0.262299	
98.500	       1.80178	      0.262294	
99.000	       5.46088	       0.26229	
99.500	       3.22777	      0.262285	
100.000	       3.22777	      0.262285	
100.500	       10.1291	       0.26228	
101.000	        5.4895	      0.262274	
101.500	        5.4895	      0.262274	
102.000	       71.1077	      0.262269	
102.500	       674.972	      0.262263	
103.000	       674.972	      0.262263	
103.500	        65.945	      0.262258	
104.000	       9.76873	      0.262252	
104.500	        8.9232	      0.262246	
105.000	        8.9232	      0.262246	
105.500	      0.305394	       0.26224	
106.000	        3.6297	      0.262233	
106.500	        3.6297	      0.262233	
107.000	      0.827057	      0.262227	
107.500	       1.37504	       0.26222	
108.000	      0.188022	      0.262213	
108.500	      0.188022	      0.262213	
109.000	       1.20735	      0.262206	
109.500	      0.434954	      0.262199	
110.000	      0.434954	      0.262199	
110.500	      0.986958	      0.262191	
111.000	      0.646474	      0.262184	
111.500	      0.424101	      0.262176	
112.000	      0.424101	      0.262176	
112.500	      0.554479	      0.262168	
113.000	      0.514206	       0.26216	
113.500	      0.514206	       0.26216	
114.000	      0.457295	      0.262152	
114.500	      0.292943	      0.262143	
115.000	      0.370857	      0.262134	
115.500	      0.370857	      0.262134	
116.000	     0.0101007	      0.262126	
116.500	      0.150189	      0.262116	
117.000	      0.150189	      0.262116	
117.500	      0.154732	      0.262107	
118.000	      0.163775	      0.262097	
118.500	      0.172078	      0.262088	
119.000	      0.172078	      0.262088	
119.500	      0.179465	      0.262078	
120.000	      0.186018	      0.262067	
120.500	      0.186018	      0.262067	
121.000	      0.191846	      0.262057	
121.500	      0.197046	      0.262046	
122.000	      0.201703	      0.262035	
122.500	      0.201703	      0.262035	
123.000	       0.20589	      0.262024	
123.500	      0.209666	      0.262013	
124.000	      0.209666	      0.262013	
124.500	      0.213084	      0.262001	
125.000	      0.216187	      0.261989	
125.500	      0.216187	      0.261989	
126.000	      0.219012	      0.261977	
126.500	      0.221593	      0.261965	
127.000	      0.223955	      0.261952	
127.500	      0.223955	      0.261952	
128.000	      0.226124	      0.261939	
128.500	      0.228119	      0.261926	
129.000	      0.228119	      0.261926	
129.500	      0.229959	      0.261912	
130.000	      0.231659	      0.261898	
130.500	      0.233233	      0.261884	
131.000	      0.233233	      0.261884	
131.500	      0.234694	       0.26187	
132.000	      0.236051	      0.261855	
132.500	      0.236051	      0.261855	
133.000	      0.237315	       0.26184	
133.500	      0.238494	      0.261825	
134.000	      0.239595	      0.261809	
134.500	      0.239595	      0.261809	
135.000	      0.240625	      0.261793	
135.500	      0.241589	      0.261777	
136.000	      0.241589	      0.261777	
136.500	      0.242494	       0.26176	
137.000	      0.243345	      0.261743	
137.500	      0.244144	      0.261726	
138.000	      0.244144	      0.261726	
138.500	      0.244897	      0.261708	
139.000	      0.245607	       0.26169	
139.500	      0.245607	       0.26169	
140.000	      0.246277	      0.261671	
140.500	      0.246911	      0.261652	
141.000	       0.24751	      0.261633	
141.500	       0.24751	      0.261633	
142.000	      0.248077	      0.261613	
142.500	      0.248614	      0.261593	
143.000	      0.248614	      0.261593	
143.500	      0.249124	      0.261572	
144.000	      0.249608	      0.261551	
144.500	      0.250068	       0.26153	
145.000	      0.250068	       0.26153	
145.500	      0.250506	      0.261508	
146.000	      0.250923	      0.261485	
146.500	      0.250923	      0.261485	
147.000	      0.251319	      0.261462	
147.500	      0.251698	      0.261439	
148.000	      0.251698	      0.261439	
148.500	      0.252059	      0.261415	
149.000	      0.252404	      0.261391	
149.500	      0.252733	      0.261366	
150.000	      0.252733	      0.261366	
150.500	      0.253048	       0.26134	
151.000	      0.253349	      0.261314	
151.500	      0.253349	      0.261314	
152.000	      0.253637	      0.261287	
152.500	      0.253914	       0.26126	
153.000	      0.254178	      0.261232	
153.500	      0.254178	      0.261232	
154.000	      0.254432	      0.261204	
154.500	      0.254676	      0.261174	
155.000	      0.254676	      0.261174	
155.500	       0.25491	      0.261145	
156.000	      0.255134	      0.261114	
156.500	       0.25535	      0.261083	
157.000	       0.25535	      0.261083	
157.500	      0.255558	      0.261051	
158.000	      0.255758	      0.261018	
158.500	      0.255758	      0.261018	
159.000	       0.25595	      0.260985	
159.500	      0.256135	      0.260951	
160.000	      0.256314	      0.260916	
160.500	      0.256314	      0.260916	
161.000	      0.256486	       0.26088	
161.500	      0.256652	      0.260844	
162.000	      0.256652	      0.260844	
162.500	      0.256812	      0.260806	
163.000	      0.256966	      0.260768	
163.500	      0.257115	      0.260728	
164.000	      0.257115	      0.260728	
164.500	      0.257259	      0.260688	
165.000	      0.257398	      0.260647	
165.500	      0.257398	      0.260647	
166.000	      0.257533	      0.260605	
166.500	      0.257663	      0.260561	
167.000	      0.257788	      0.260517	
167.500	      0.257788	      0.260517	
168.000	       0.25791	      0.260472	
168.500	      0.258028	      0.260425	
169.000	      0.258028	      0.260425	
169.500	      0.258142	      0.260378	
170.000	      0.258252	      0.260329	
170.500	      0.258252	      0.260329	
171.000	      0.258359	      0.260278	
171.500	      0.258463	      0.260227	
172.000	      0.258563	      0.260174	
172.500	      0.258563	      0.260174	
173.000	      0.258661	       0.26012	
173.500	      0.258755	      0.260064	
174.000	      0.258755	      0.260064	
174.500	      0.258847	      0.260007	
175.000	      0.258936	      0.259949	
175.500	      0.259023	      0.259889	
176.000	      0.259023	      0.259889	
176.500	      0.259107	      0.259827	
177.000	      0.259188	      0.259764	
177.500	      0.259188	      0.259764	
178.000	      0.259267	      0.259698	
178.500	      0.259344	      0.259631	
179.000	      0.259419	      0.259563	
179.500	      0.259419	      0.259563	
180.000	      0.259492	      0.259492	
