
TracePro Release: 3 2 0 
Polar Candela Distribution Data for 
Data covers +/- 180.000 degrees from Normal
Data for Missed Rays
Data generated at 09:44:39 June 25, 2025

	   0.0	 180.0
0.000	      0.159511	      0.159511	
0.500	      0.152221	     0.0840475	
1.000	      0.152221	     0.0840475	
1.500	      0.150182	      0.172567	
2.000	      0.148724	     0.0354902	
2.500	      0.146732	      0.291965	
3.000	      0.146732	      0.291965	
3.500	      0.135552	      0.164764	
4.000	      0.299015	      0.186198	
4.500	      0.299015	      0.186198	
5.000	     0.0755779	      0.212824	
5.500	      0.235344	       0.27568	
6.000	      0.119844	      0.299967	
6.500	      0.119844	      0.299967	
7.000	      0.178327	       1.85919	
7.500	     0.0765372	       15.2937	
8.000	     0.0765372	       15.2937	
8.500	       0.16653	       1.64927	
9.000	     0.0456676	      0.432372	
9.500	      0.522469	      0.266506	
10.000	      0.522469	      0.266506	
10.500	     0.0562381	      0.210606	
11.000	      0.187192	      0.184899	
11.500	      0.187192	      0.184899	
12.000	      0.171769	      0.170789	
12.500	      0.167848	      0.162034	
13.000	      0.167848	      0.162034	
13.500	     0.0979649	      0.156033	
14.000	      0.790928	      0.151514	
14.500	       0.36133	      0.147748	
15.000	       0.36133	      0.147748	
15.500	      0.610507	      0.144212	
16.000	    0.00381686	      0.140335	
16.500	    0.00381686	      0.140335	
17.000	      0.329804	      0.134838	
17.500	       0.64768	      0.116275	
18.000	      0.478926	      0.316994	
18.500	      0.478926	      0.316994	
19.000	      0.339536	    0.00784899	
19.500	      0.566935	      0.200574	
20.000	      0.566935	      0.200574	
20.500	        0.3761	     0.0508908	
21.000	      0.685917	     0.0562194	
21.500	      0.400637	      0.896231	
22.000	      0.400637	      0.896231	
22.500	      0.684666	       10.8848	
23.000	      0.447142	         1.739	
23.500	      0.447142	         1.739	
24.000	       1.09644	       1.48312	
24.500	      0.590724	      0.830676	
25.000	       1.40987	      0.150844	
25.500	       1.40987	      0.150844	
26.000	      0.392529	      0.120345	
26.500	       1.09998	      0.125386	
27.000	       1.09998	      0.125386	
27.500	      0.981889	      0.129905	
28.000	      0.749079	      0.133117	
28.500	      0.280708	      0.135388	
29.000	      0.280708	      0.135388	
29.500	      0.607092	       0.13703	
30.000	      0.586896	      0.138245	
30.500	      0.586896	      0.138245	
31.000	      0.692912	      0.139164	
31.500	       0.46298	      0.139871	
32.000	      0.627701	      0.140419	
32.500	      0.627701	      0.140419	
33.000	       0.71104	      0.140843	
33.500	       1.16773	       0.14115	
34.000	       1.16773	       0.14115	
34.500	      0.224017	      0.141302	
35.000	      0.782468	      0.141042	
35.500	      0.782468	      0.141042	
36.000	      0.521611	      0.137005	
36.500	       0.84865	      0.199067	
37.000	      0.365238	      0.138927	
37.500	      0.365238	      0.138927	
38.000	       1.20768	      0.152293	
38.500	     0.0703494	     0.0304928	
39.000	     0.0703494	     0.0304928	
39.500	      0.665845	      0.153296	
40.000	        1.3083	      0.144651	
40.500	      0.966821	      0.143568	
41.000	      0.966821	      0.143568	
41.500	      0.251165	      0.143254	
42.000	      0.520678	      0.143142	
42.500	      0.520678	      0.143142	
43.000	      0.284881	      0.143103	
43.500	       0.51383	      0.143094	
44.000	      0.417232	      0.143099	
44.500	      0.417232	      0.143099	
45.000	      0.465957	       0.14311	
45.500	    0.00447255	      0.143124	
46.000	    0.00447255	      0.143124	
46.500	       1.01216	      0.143139	
47.000	      0.214864	      0.143155	
47.500	       1.02638	      0.143169	
48.000	       1.02638	      0.143169	
48.500	      0.933285	      0.143183	
49.000	       8.24916	      0.143196	
49.500	       8.24916	      0.143196	
50.000	       81.9047	      0.143208	
50.500	       8.24728	      0.143219	
51.000	       1.08405	      0.143229	
51.500	       1.08405	      0.143229	
52.000	        2.5525	      0.143238	
52.500	     0.0878826	      0.143247	
53.000	     0.0878826	      0.143247	
53.500	       0.91531	      0.143254	
54.000	      0.217335	      0.143261	
54.500	      0.727893	      0.143268	
55.000	      0.727893	      0.143268	
55.500	       4.61963	      0.143273	
56.000	      0.934794	      0.143279	
56.500	      0.934794	      0.143279	
57.000	      0.146296	      0.143283	
57.500	      0.245303	      0.143287	
58.000	      0.245303	      0.143287	
58.500	     0.0887194	      0.143291	
59.000	      0.257361	      0.143294	
59.500	      0.742165	      0.143297	
60.000	      0.742165	      0.143297	
60.500	       1.48973	        0.1433	
61.000	       1.02846	      0.143302	
61.500	       1.02846	      0.143302	
62.000	       1.94544	      0.143304	
62.500	        1.7602	      0.143306	
63.000	       1.75543	      0.143307	
63.500	       1.75543	      0.143307	
64.000	       1.03134	      0.143308	
64.500	       2.70462	      0.143309	
65.000	       2.70462	      0.143309	
65.500	       2.12129	       0.14331	
66.000	         1.774	       0.14331	
66.500	      0.137876	       0.14331	
67.000	      0.137876	       0.14331	
67.500	      0.320445	      0.143311	
68.000	       2.65478	       0.14331	
68.500	       2.65478	       0.14331	
69.000	       3.66414	       0.14331	
69.500	      0.202617	       0.14331	
70.000	      0.993699	      0.143309	
70.500	      0.993699	      0.143309	
71.000	      0.844352	      0.143308	
71.500	       1.09896	      0.143307	
72.000	       1.09896	      0.143307	
72.500	       0.80356	      0.143306	
73.000	       1.29057	      0.143305	
73.500	       3.54335	      0.143304	
74.000	       3.54335	      0.143304	
74.500	       3.79729	      0.143302	
75.000	       1.10586	      0.143301	
75.500	       1.10586	      0.143301	
76.000	       2.01067	      0.143299	
76.500	      0.854024	      0.143297	
77.000	      0.222598	      0.143295	
77.500	      0.222598	      0.143295	
78.000	      0.973123	      0.143293	
78.500	       3.62488	      0.143291	
79.000	       3.62488	      0.143291	
79.500	       1.12873	      0.143289	
80.000	       2.54663	      0.143286	
80.500	       2.54663	      0.143286	
81.000	       8.84406	      0.143284	
81.500	        9.1311	      0.143281	
82.000	       10.0782	      0.143279	
82.500	       10.0782	      0.143279	
83.000	       9.18303	      0.143276	
83.500	       10.0237	      0.143273	
84.000	       10.0237	      0.143273	
84.500	       9.44776	       0.14327	
85.000	       12.2899	      0.143267	
85.500	       7.05617	      0.143264	
86.000	       7.05617	      0.143264	
86.500	       10.3383	      0.143261	
87.000	       3.89234	      0.143257	
87.500	       3.89234	      0.143257	
88.000	       4.39531	      0.143254	
88.500	       5.00771	       0.14325	
89.000	       4.60362	      0.143246	
89.500	       4.60362	      0.143246	
90.000	       3.87065	      0.143243	
90.500	       2.18949	      0.143239	
91.000	       2.18949	      0.143239	
91.500	        5.4905	      0.143235	
92.000	       3.63781	      0.143231	
92.500	       1.54185	      0.143227	
93.000	       1.54185	      0.143227	
93.500	       4.14616	      0.143222	
94.000	        2.4624	      0.143218	
94.500	        2.4624	      0.143218	
95.000	       4.30238	      0.143214	
95.500	       3.02632	      0.143209	
96.000	       1.89502	      0.143204	
96.500	       1.89502	      0.143204	
97.000	       1.89989	        0.1432	
97.500	       0.19008	      0.143195	
98.000	       0.19008	      0.143195	
98.500	      0.986156	       0.14319	
99.000	      0.197759	      0.143185	
99.500	       1.02534	      0.143179	
100.000	       1.02534	      0.143179	
100.500	       2.78586	      0.143174	
101.000	      0.513327	      0.143169	
101.500	      0.513327	      0.143169	
102.000	       1.24073	      0.143163	
102.500	       1.29942	      0.143157	
103.000	       1.29942	      0.143157	
103.500	       2.87368	      0.143152	
104.000	       2.42174	      0.143146	
104.500	       2.06135	       0.14314	
105.000	       2.06135	       0.14314	
105.500	       1.54665	      0.143133	
106.000	       10.9358	      0.143127	
106.500	       10.9358	      0.143127	
107.000	       1.32864	      0.143121	
107.500	       6.02092	      0.143114	
108.000	       8.61011	      0.143107	
108.500	       8.61011	      0.143107	
109.000	       47.4532	      0.143101	
109.500	       479.425	      0.143094	
110.000	       479.425	      0.143094	
110.500	       46.7585	      0.143087	
111.000	       8.90876	      0.143079	
111.500	       3.75272	      0.143072	
112.000	       3.75272	      0.143072	
112.500	       2.02217	      0.143064	
113.000	       1.23381	      0.143057	
113.500	       1.23381	      0.143057	
114.000	      0.809032	      0.143049	
114.500	      0.554163	      0.143041	
115.000	        0.3893	      0.143033	
115.500	        0.3893	      0.143033	
116.000	      0.276552	      0.143024	
116.500	      0.196062	      0.143016	
117.000	      0.196062	      0.143016	
117.500	      0.136607	      0.143007	
118.000	     0.0914493	      0.142998	
118.500	     0.0563499	      0.142989	
119.000	     0.0563499	      0.142989	
119.500	      0.028531	       0.14298	
120.000	    0.00611156	      0.142971	
120.500	    0.00611156	      0.142971	
121.000	     0.0122191	      0.142961	
121.500	      0.027397	      0.142951	
122.000	     0.0401048	      0.142941	
122.500	     0.0401048	      0.142941	
123.000	     0.0508499	      0.142931	
123.500	     0.0600161	       0.14292	
124.000	     0.0600161	       0.14292	
124.500	     0.0678976	      0.142909	
125.000	     0.0747232	      0.142898	
125.500	     0.0747232	      0.142898	
126.000	      0.080673	      0.142887	
126.500	     0.0858903	      0.142875	
127.000	     0.0904901	      0.142863	
127.500	     0.0904901	      0.142863	
128.000	     0.0945659	      0.142851	
128.500	      0.098194	      0.142838	
129.000	      0.098194	      0.142838	
129.500	      0.101437	      0.142824	
130.000	      0.104348	       0.14281	
130.500	       0.10697	      0.142794	
131.000	       0.10697	      0.142794	
131.500	       0.10934	      0.142776	
132.000	      0.111489	      0.142754	
132.500	      0.111489	      0.142754	
133.000	      0.113443	      0.142724	
133.500	      0.115226	      0.142675	
134.000	      0.116855	      0.142572	
134.500	      0.116855	      0.142572	
135.000	      0.118349	      0.142238	
135.500	      0.119721	      0.139204	
136.000	      0.119721	      0.139204	
136.500	      0.120983	      0.190915	
137.000	      0.122148	     0.0956516	
137.500	      0.123225	      0.146012	
138.000	      0.123225	      0.146012	
138.500	      0.124221	      0.143096	
139.000	      0.125145	      0.142778	
139.500	      0.125145	      0.142778	
140.000	      0.126003	       0.14268	
140.500	        0.1268	      0.142631	
141.000	      0.127542	      0.142599	
141.500	      0.127542	      0.142599	
142.000	      0.128233	      0.142574	
142.500	      0.128878	      0.142551	
143.000	      0.128878	      0.142551	
143.500	       0.12948	      0.142529	
144.000	      0.130041	      0.142508	
144.500	      0.130565	      0.142487	
145.000	      0.130565	      0.142487	
145.500	      0.131054	      0.142466	
146.000	      0.131511	      0.142445	
146.500	      0.131511	      0.142445	
147.000	      0.131937	      0.142423	
147.500	      0.132333	      0.142401	
148.000	      0.132333	      0.142401	
148.500	      0.132701	      0.142379	
149.000	      0.133041	      0.142356	
149.500	      0.133355	      0.142332	
150.000	      0.133355	      0.142332	
150.500	      0.133643	      0.142308	
151.000	      0.133904	      0.142283	
151.500	      0.133904	      0.142283	
152.000	      0.134137	      0.142258	
152.500	      0.134342	      0.142232	
153.000	      0.134517	      0.142205	
153.500	      0.134517	      0.142205	
154.000	      0.134658	      0.142178	
154.500	      0.134761	       0.14215	
155.000	      0.134761	       0.14215	
155.500	      0.134821	      0.142121	
156.000	      0.134828	      0.142091	
156.500	       0.13477	       0.14206	
157.000	       0.13477	       0.14206	
157.500	      0.134629	      0.142029	
158.000	      0.134377	      0.141996	
158.500	      0.134377	      0.141996	
159.000	      0.133973	      0.141963	
159.500	      0.133348	      0.141929	
160.000	      0.132392	      0.141893	
160.500	      0.132392	      0.141893	
161.000	      0.130904	      0.141857	
161.500	      0.128505	      0.141819	
162.000	      0.128505	      0.141819	
162.500	      0.124395	       0.14178	
163.000	      0.116632	      0.141739	
163.500	     0.0994206	      0.141698	
164.000	     0.0994206	      0.141698	
164.500	     0.0478938	      0.141655	
165.000	      0.330911	       0.14161	
165.500	      0.330911	       0.14161	
166.000	        4.9345	      0.141564	
166.500	      0.330656	      0.141515	
167.000	     0.0484032	      0.141465	
167.500	     0.0484032	      0.141465	
168.000	      0.100186	      0.141413	
168.500	      0.117655	      0.141359	
169.000	      0.117655	      0.141359	
169.500	      0.125677	      0.141303	
170.000	      0.130049	      0.141244	
170.500	      0.130049	      0.141244	
171.000	      0.132713	      0.141182	
171.500	      0.134469	      0.141117	
172.000	      0.135698	       0.14105	
172.500	      0.135698	       0.14105	
173.000	        0.1366	      0.140978	
173.500	      0.137287	      0.140903	
174.000	      0.137287	      0.140903	
174.500	      0.137828	      0.140823	
175.000	      0.138264	      0.140739	
175.500	      0.138624	      0.140649	
176.000	      0.138624	      0.140649	
176.500	      0.138927	      0.140553	
177.000	      0.139187	       0.14045	
177.500	      0.139187	       0.14045	
178.000	      0.139412	      0.140339	
178.500	      0.139611	      0.140219	
179.000	      0.139787	      0.140088	
179.500	      0.139787	      0.140088	
180.000	      0.139945	      0.139945	
