
TracePro Release: 3 2 0 
Polar Candela Distribution Data for 
Data covers +/- 180.000 degrees from Normal
Data for Missed Rays
Data generated at 09:44:40 June 25, 2025

	   0.0	 180.0
0.000	      0.289028	      0.289028	
0.500	      0.288128	       0.28987	
1.000	      0.288128	       0.28987	
1.500	      0.287164	      0.290659	
2.000	      0.286131	      0.291399	
2.500	      0.285022	      0.292095	
3.000	      0.285022	      0.292095	
3.500	      0.283828	       0.29275	
4.000	       0.28254	      0.293367	
4.500	       0.28254	      0.293367	
5.000	       0.28115	      0.293949	
5.500	      0.279644	      0.294498	
6.000	      0.278009	      0.295018	
6.500	      0.278009	      0.295018	
7.000	      0.276232	       0.29551	
7.500	      0.274293	      0.295976	
8.000	      0.274293	      0.295976	
8.500	      0.272173	      0.296418	
9.000	      0.269848	      0.296838	
9.500	       0.26729	      0.297237	
10.000	       0.26729	      0.297237	
10.500	      0.264467	      0.297616	
11.000	      0.261341	      0.297978	
11.500	      0.261341	      0.297978	
12.000	      0.257867	      0.298322	
12.500	      0.253989	       0.29865	
13.000	      0.253989	       0.29865	
13.500	      0.249641	      0.298963	
14.000	      0.244746	      0.299262	
14.500	      0.239205	      0.299548	
15.000	      0.239205	      0.299548	
15.500	      0.232898	      0.299821	
16.000	      0.225678	      0.300082	
16.500	      0.225678	      0.300082	
17.000	      0.217356	      0.300333	
17.500	      0.207696	      0.300573	
18.000	      0.196391	      0.300803	
18.500	      0.196391	      0.300803	
19.000	      0.183045	      0.301024	
19.500	      0.167131	      0.301236	
20.000	      0.167131	      0.301236	
20.500	      0.147941	       0.30144	
21.000	      0.124508	      0.301635	
21.500	     0.0954735	      0.301823	
22.000	     0.0954735	      0.301823	
22.500	      0.058893	      0.302004	
23.000	     0.0118945	      0.302179	
23.500	     0.0118945	      0.302179	
24.000	     0.0499035	      0.302347	
24.500	      0.133457	      0.302508	
25.000	      0.250354	      0.302664	
25.500	      0.250354	      0.302664	
26.000	      0.421081	      0.302814	
26.500	      0.684711	      0.302959	
27.000	      0.684711	      0.302959	
27.500	        1.1236	      0.303099	
28.000	       1.93727	      0.303235	
28.500	        3.7215	      0.303365	
29.000	        3.7215	      0.303365	
29.500	       9.03225	      0.303491	
30.000	       47.9816	      0.303613	
30.500	       47.9816	      0.303613	
31.000	       493.209	      0.303731	
31.500	        47.982	      0.303846	
32.000	       9.03306	      0.303956	
32.500	       9.03306	      0.303956	
33.000	       3.72273	      0.304063	
33.500	       1.93891	      0.304167	
34.000	       1.93891	      0.304167	
34.500	       1.12565	      0.304267	
35.000	      0.687178	      0.304364	
35.500	      0.687178	      0.304364	
36.000	      0.423969	      0.304458	
36.500	      0.253665	       0.30455	
37.000	      0.137194	      0.304639	
37.500	      0.137194	      0.304639	
38.000	     0.0540646	      0.304725	
38.500	    0.00731515	      0.304808	
39.000	    0.00731515	      0.304808	
39.500	     0.0539106	      0.304889	
40.000	     0.0901199	      0.304968	
40.500	      0.118845	      0.305044	
41.000	      0.118845	      0.305044	
41.500	      0.142094	      0.305119	
42.000	      0.161354	      0.305191	
42.500	      0.161354	      0.305191	
43.000	      0.177921	      0.305261	
43.500	       0.19348	      0.305329	
44.000	       0.21277	      0.305396	
44.500	       0.21277	      0.305396	
45.000	      0.285888	       0.30546	
45.500	      0.600031	      0.305523	
46.000	      0.600031	      0.305523	
46.500	       0.29956	      0.305584	
47.000	      0.240513	      0.305644	
47.500	      0.236119	      0.305701	
48.000	      0.236119	      0.305701	
48.500	      0.236757	      0.305758	
49.000	      0.238245	      0.305813	
49.500	      0.238245	      0.305813	
50.000	      0.239556	      0.305866	
50.500	      0.240126	      0.305918	
51.000	       0.23895	      0.305969	
51.500	       0.23895	      0.305969	
52.000	      0.231922	      0.306019	
52.500	      0.169511	      0.306067	
53.000	      0.169511	      0.306067	
53.500	       1.07008	      0.306114	
54.000	      0.182775	       0.30616	
54.500	      0.313901	      0.306204	
55.000	      0.313901	      0.306204	
55.500	      0.567506	      0.306248	
56.000	       0.39557	      0.306291	
56.500	       0.39557	      0.306291	
57.000	      0.568142	      0.306332	
57.500	      0.318312	      0.306373	
58.000	      0.318312	      0.306373	
58.500	      0.247152	      0.306412	
59.000	      0.232504	      0.306451	
59.500	      0.223608	      0.306488	
60.000	      0.223608	      0.306488	
60.500	      0.216641	      0.306525	
61.000	      0.214391	      0.306561	
61.500	      0.214391	      0.306561	
62.000	      0.266035	      0.306596	
62.500	      0.648244	       0.30663	
63.000	      0.231923	      0.306664	
63.500	      0.231923	      0.306664	
64.000	      0.148419	      0.306696	
64.500	      0.167815	      0.306728	
65.000	      0.167815	      0.306728	
65.500	      0.783412	      0.306759	
66.000	     0.0449431	       0.30679	
66.500	      0.121141	       0.30682	
67.000	      0.121141	       0.30682	
67.500	      0.284363	      0.306849	
68.000	      0.536402	      0.306877	
68.500	      0.536402	      0.306877	
69.000	      0.902507	      0.306905	
69.500	       3.78301	      0.306932	
70.000	       5.16711	      0.306959	
70.500	       5.16711	      0.306959	
71.000	       30.0084	      0.306984	
71.500	       301.747	       0.30701	
72.000	       301.747	       0.30701	
72.500	       29.1973	      0.307035	
73.000	       5.39589	      0.307059	
73.500	       2.15333	      0.307082	
74.000	       2.15333	      0.307082	
74.500	       1.06461	      0.307106	
75.000	       0.56834	      0.307128	
75.500	       0.56834	      0.307128	
76.000	      0.300722	       0.30715	
76.500	       0.13999	      0.307172	
77.000	     0.0358934	      0.307193	
77.500	     0.0358934	      0.307193	
78.000	     0.0353958	      0.307214	
78.500	     0.0863688	      0.307234	
79.000	     0.0863688	      0.307234	
79.500	      0.124088	      0.307254	
80.000	      0.152793	      0.307273	
80.500	      0.152793	      0.307273	
81.000	      0.175153	      0.307292	
81.500	      0.192916	       0.30731	
82.000	      0.207268	      0.307328	
82.500	      0.207268	      0.307328	
83.000	      0.219034	      0.307346	
83.500	      0.228804	      0.307363	
84.000	      0.228804	      0.307363	
84.500	       0.23701	       0.30738	
85.000	      0.243971	      0.307397	
85.500	      0.249929	      0.307413	
86.000	      0.249929	      0.307413	
86.500	       0.25507	      0.307428	
87.000	      0.259538	      0.307444	
87.500	      0.259538	      0.307444	
88.000	      0.263449	      0.307459	
88.500	      0.266891	      0.307474	
89.000	      0.269939	      0.307488	
89.500	      0.269939	      0.307488	
90.000	      0.272651	      0.307502	
90.500	      0.275076	      0.307516	
91.000	      0.275076	      0.307516	
91.500	      0.277253	      0.307529	
92.000	      0.279217	      0.307542	
92.500	      0.280993	      0.307555	
93.000	      0.280993	      0.307555	
93.500	      0.282607	      0.307567	
94.000	      0.284078	      0.307579	
94.500	      0.284078	      0.307579	
95.000	      0.285422	      0.307591	
95.500	      0.286655	      0.307603	
96.000	      0.287788	      0.307614	
96.500	      0.287788	      0.307614	
97.000	      0.288832	      0.307625	
97.500	      0.289796	      0.307636	
98.000	      0.289796	      0.307636	
98.500	       0.29069	      0.307646	
99.000	      0.291518	      0.307656	
99.500	      0.292289	      0.307666	
100.000	      0.292289	      0.307666	
100.500	      0.293007	      0.307676	
101.000	      0.293678	      0.307685	
101.500	      0.293678	      0.307685	
102.000	      0.294304	      0.307694	
102.500	      0.294892	      0.307703	
103.000	      0.294892	      0.307703	
103.500	      0.295442	      0.307712	
104.000	       0.29596	       0.30772	
104.500	      0.296447	      0.307728	
105.000	      0.296447	      0.307728	
105.500	      0.296905	      0.307736	
106.000	      0.297338	      0.307744	
106.500	      0.297338	      0.307744	
107.000	      0.297747	      0.307751	
107.500	      0.298134	      0.307759	
108.000	        0.2985	      0.307766	
108.500	        0.2985	      0.307766	
109.000	      0.298847	      0.307773	
109.500	      0.299176	      0.307779	
110.000	      0.299176	      0.307779	
110.500	      0.299489	      0.307785	
111.000	      0.299787	      0.307792	
111.500	       0.30007	      0.307798	
112.000	       0.30007	      0.307798	
112.500	       0.30034	      0.307803	
113.000	      0.300597	      0.307809	
113.500	      0.300597	      0.307809	
114.000	      0.300843	      0.307814	
114.500	      0.301077	      0.307819	
115.000	      0.301301	      0.307824	
115.500	      0.301301	      0.307824	
116.000	      0.301515	      0.307829	
116.500	      0.301721	      0.307833	
117.000	      0.301721	      0.307833	
117.500	      0.301917	      0.307838	
118.000	      0.302106	      0.307842	
118.500	      0.302286	      0.307846	
119.000	      0.302286	      0.307846	
119.500	       0.30246	      0.307849	
120.000	      0.302627	      0.307853	
120.500	      0.302627	      0.307853	
121.000	      0.302787	      0.307856	
121.500	      0.302941	      0.307859	
122.000	      0.303089	      0.307862	
122.500	      0.303089	      0.307862	
123.000	      0.303231	      0.307865	
123.500	      0.303369	      0.307868	
124.000	      0.303369	      0.307868	
124.500	      0.303501	       0.30787	
125.000	      0.303629	      0.307872	
125.500	      0.303629	      0.307872	
126.000	      0.303752	      0.307874	
126.500	       0.30387	      0.307876	
127.000	      0.303985	      0.307878	
127.500	      0.303985	      0.307878	
128.000	      0.304096	      0.307879	
128.500	      0.304203	      0.307881	
129.000	      0.304203	      0.307881	
129.500	      0.304306	      0.307882	
130.000	      0.304406	      0.307883	
130.500	      0.304503	      0.307883	
131.000	      0.304503	      0.307883	
131.500	      0.304597	      0.307884	
132.000	      0.304687	      0.307884	
132.500	      0.304687	      0.307884	
133.000	      0.304775	      0.307884	
133.500	       0.30486	      0.307884	
134.000	      0.304943	      0.307884	
134.500	      0.304943	      0.307884	
135.000	      0.305023	      0.307884	
135.500	        0.3051	      0.307883	
136.000	        0.3051	      0.307883	
136.500	      0.305175	      0.307883	
137.000	      0.305248	      0.307882	
137.500	      0.305319	      0.307881	
138.000	      0.305319	      0.307881	
138.500	      0.305388	       0.30788	
139.000	      0.305455	      0.307878	
139.500	      0.305455	      0.307878	
140.000	      0.305519	      0.307877	
140.500	      0.305582	      0.307875	
141.000	      0.305644	      0.307873	
141.500	      0.305644	      0.307873	
142.000	      0.305703	      0.307871	
142.500	      0.305761	      0.307868	
143.000	      0.305761	      0.307868	
143.500	      0.305818	      0.307866	
144.000	      0.305872	      0.307863	
144.500	      0.305926	       0.30786	
145.000	      0.305926	       0.30786	
145.500	      0.305978	      0.307857	
146.000	      0.306028	      0.307854	
146.500	      0.306028	      0.307854	
147.000	      0.306077	       0.30785	
147.500	      0.306125	      0.307846	
148.000	      0.306125	      0.307846	
148.500	      0.306172	      0.307843	
149.000	      0.306217	      0.307839	
149.500	      0.306262	      0.307834	
150.000	      0.306262	      0.307834	
150.500	      0.306305	       0.30783	
151.000	      0.306347	      0.307825	
151.500	      0.306347	      0.307825	
152.000	      0.306388	       0.30782	
152.500	      0.306428	      0.307815	
153.000	      0.306467	       0.30781	
153.500	      0.306467	       0.30781	
154.000	      0.306505	      0.307804	
154.500	      0.306542	      0.307799	
155.000	      0.306542	      0.307799	
155.500	      0.306578	      0.307793	
156.000	      0.306613	      0.307787	
156.500	      0.306648	       0.30778	
157.000	      0.306648	       0.30778	
157.500	      0.306682	      0.307774	
158.000	      0.306714	      0.307767	
158.500	      0.306714	      0.307767	
159.000	      0.306746	       0.30776	
159.500	      0.306778	      0.307753	
160.000	      0.306808	      0.307745	
160.500	      0.306808	      0.307745	
161.000	      0.306838	      0.307738	
161.500	      0.306867	       0.30773	
162.000	      0.306867	       0.30773	
162.500	      0.306896	      0.307721	
163.000	      0.306923	      0.307713	
163.500	       0.30695	      0.307704	
164.000	       0.30695	      0.307704	
164.500	      0.306977	      0.307695	
165.000	      0.307003	      0.307686	
165.500	      0.307003	      0.307686	
166.000	      0.307028	      0.307677	
166.500	      0.307053	      0.307667	
167.000	      0.307077	      0.307657	
167.500	      0.307077	      0.307657	
168.000	        0.3071	      0.307647	
168.500	      0.307123	      0.307637	
169.000	      0.307123	      0.307637	
169.500	      0.307146	      0.307626	
170.000	      0.307168	      0.307615	
170.500	      0.307168	      0.307615	
171.000	      0.307189	      0.307604	
171.500	       0.30721	      0.307592	
172.000	      0.307231	       0.30758	
172.500	      0.307231	       0.30758	
173.000	      0.307251	      0.307568	
173.500	      0.307271	      0.307555	
174.000	      0.307271	      0.307555	
174.500	       0.30729	      0.307542	
175.000	      0.307309	      0.307529	
175.500	      0.307327	      0.307516	
176.000	      0.307327	      0.307516	
176.500	      0.307345	      0.307502	
177.000	      0.307362	      0.307488	
177.500	      0.307362	      0.307488	
178.000	      0.307379	      0.307474	
178.500	      0.307396	      0.307459	
179.000	      0.307412	      0.307444	
179.500	      0.307412	      0.307444	
180.000	      0.307428	      0.307428	
