
TracePro Release: 3 2 0 
Polar Candela Distribution Data for 
Data covers +/- 180.000 degrees from Normal
Data for Missed Rays
Data generated at 09:31:34 June 30, 2025

	   0.0	 180.0
0.000	      0.242597	      0.242597	
0.500	       0.24244	      0.242748	
1.000	       0.24244	      0.242748	
1.500	      0.242277	      0.242894	
2.000	      0.242109	      0.243035	
2.500	      0.241934	      0.243171	
3.000	      0.241934	      0.243171	
3.500	      0.241752	      0.243303	
4.000	      0.241564	       0.24343	
4.500	      0.241564	       0.24343	
5.000	      0.241368	      0.243554	
5.500	      0.241164	      0.243673	
6.000	      0.240952	      0.243788	
6.500	      0.240952	      0.243788	
7.000	      0.240732	        0.2439	
7.500	      0.240503	      0.244008	
8.000	      0.240503	      0.244008	
8.500	      0.240264	      0.244113	
9.000	      0.240015	      0.244214	
9.500	      0.239755	      0.244313	
10.000	      0.239755	      0.244313	
10.500	      0.239484	      0.244408	
11.000	      0.239201	      0.244501	
11.500	      0.239201	      0.244501	
12.000	      0.238906	       0.24459	
12.500	      0.238597	      0.244677	
13.000	      0.238597	      0.244677	
13.500	      0.238274	      0.244762	
14.000	      0.237936	      0.244844	
14.500	      0.237582	      0.244924	
15.000	      0.237582	      0.244924	
15.500	      0.237211	      0.245001	
16.000	      0.236822	      0.245077	
16.500	      0.236822	      0.245077	
17.000	      0.236414	       0.24515	
17.500	      0.235985	      0.245221	
18.000	      0.235534	       0.24529	
18.500	      0.235534	       0.24529	
19.000	       0.23506	      0.245357	
19.500	       0.23456	      0.245423	
20.000	       0.23456	      0.245423	
20.500	      0.234034	      0.245487	
21.000	      0.233479	      0.245549	
21.500	      0.232892	      0.245609	
22.000	      0.232892	      0.245609	
22.500	      0.232272	      0.245668	
23.000	      0.231617	      0.245725	
23.500	      0.231617	      0.245725	
24.000	      0.230922	      0.245781	
24.500	      0.230186	      0.245835	
25.000	      0.229404	      0.245888	
25.500	      0.229404	      0.245888	
26.000	      0.228574	      0.245939	
26.500	       0.22769	       0.24599	
27.000	       0.22769	       0.24599	
27.500	      0.226748	      0.246039	
28.000	      0.225744	      0.246086	
28.500	      0.224671	      0.246133	
29.000	      0.224671	      0.246133	
29.500	      0.223522	      0.246178	
30.000	      0.222292	      0.246223	
30.500	      0.222292	      0.246223	
31.000	      0.220971	      0.246266	
31.500	      0.219552	      0.246308	
32.000	      0.218023	      0.246349	
32.500	      0.218023	      0.246349	
33.000	      0.216374	       0.24639	
33.500	       0.21459	      0.246429	
34.000	       0.21459	      0.246429	
34.500	      0.212659	      0.246467	
35.000	      0.210563	      0.246505	
35.500	      0.210563	      0.246505	
36.000	      0.208282	      0.246541	
36.500	      0.205794	      0.246577	
37.000	      0.203074	      0.246612	
37.500	      0.203074	      0.246612	
38.000	      0.200093	      0.246646	
38.500	      0.196814	      0.246679	
39.000	      0.196814	      0.246679	
39.500	      0.193199	      0.246712	
40.000	        0.1892	      0.246743	
40.500	       0.18476	      0.246774	
41.000	       0.18476	      0.246774	
41.500	      0.179813	      0.246805	
42.000	      0.174278	      0.246835	
42.500	      0.174278	      0.246835	
43.000	      0.168059	      0.246864	
43.500	      0.161039	      0.246892	
44.000	      0.153076	       0.24692	
44.500	      0.153076	       0.24692	
45.000	      0.143993	      0.246947	
45.500	      0.133571	      0.246974	
46.000	      0.133571	      0.246974	
46.500	      0.121534	         0.247	
47.000	      0.107532	      0.247025	
47.500	     0.0911141	       0.24705	
48.000	     0.0911141	       0.24705	
48.500	     0.0716943	      0.247074	
49.000	     0.0484957	      0.247098	
49.500	     0.0484957	      0.247098	
50.000	      0.020474	      0.247121	
50.500	     0.0138022	      0.247144	
51.000	     0.0563368	      0.247167	
51.500	     0.0563368	      0.247167	
52.000	      0.110005	      0.247188	
52.500	      0.179051	       0.24721	
53.000	      0.179051	       0.24721	
53.500	      0.269951	      0.247231	
54.000	      0.392989	      0.247251	
54.500	      0.565298	      0.247271	
55.000	      0.565298	      0.247271	
55.500	      0.817171	      0.247291	
56.000	       1.20639	       0.24731	
56.500	       1.20639	       0.24731	
57.000	       1.85473	      0.247329	
57.500	       3.05726	      0.247347	
58.000	       3.05726	      0.247347	
58.500	       5.69503	      0.247365	
59.000	       13.5479	      0.247383	
59.500	       71.1472	        0.2474	
60.000	       71.1472	        0.2474	
60.500	       729.194	      0.247417	
61.000	       71.1455	      0.247434	
61.500	       71.1455	      0.247434	
62.000	       13.5444	       0.24745	
62.500	        5.6897	      0.247466	
63.000	       3.04998	      0.247482	
63.500	       3.04998	      0.247482	
64.000	       1.84536	      0.247497	
64.500	       1.19472	      0.247512	
65.000	       1.19472	      0.247512	
65.500	      0.802935	      0.247526	
66.000	      0.548145	      0.247541	
66.500	      0.372465	      0.247555	
67.000	      0.372465	      0.247555	
67.500	      0.245463	      0.247568	
68.000	      0.149819	      0.247582	
68.500	      0.149819	      0.247582	
69.000	     0.0749877	      0.247595	
69.500	     0.0141193	      0.247608	
70.000	     0.0375792	       0.24762	
70.500	     0.0375792	       0.24762	
71.000	     0.0838194	      0.247633	
71.500	      0.127932	      0.247645	
72.000	      0.127932	      0.247645	
72.500	      0.173556	      0.247656	
73.000	      0.225638	      0.247668	
73.500	      0.292399	      0.247679	
74.000	      0.292399	      0.247679	
74.500	      0.390111	       0.24769	
75.000	      0.557223	      0.247701	
75.500	      0.557223	      0.247701	
76.000	      0.907552	      0.247712	
76.500	       1.92816	      0.247722	
77.000	       9.35409	      0.247732	
77.500	       9.35409	      0.247732	
78.000	       93.7083	      0.247742	
78.500	       9.36755	      0.247752	
79.000	       9.36755	      0.247752	
79.500	       1.95533	      0.247761	
80.000	      0.948971	       0.24777	
80.500	      0.948971	       0.24777	
81.000	      0.613726	       0.24778	
81.500	      0.462877	      0.247788	
82.000	      0.383014	      0.247797	
82.500	      0.383014	      0.247797	
83.000	      0.336188	      0.247805	
83.500	      0.306753	      0.247814	
84.000	      0.306753	      0.247814	
84.500	      0.287303	      0.247822	
85.000	      0.273967	      0.247829	
85.500	      0.264564	      0.247837	
86.000	      0.264564	      0.247837	
86.500	      0.257791	      0.247845	
87.000	      0.252833	      0.247852	
87.500	      0.252833	      0.247852	
88.000	       0.24916	      0.247859	
88.500	      0.246418	      0.247866	
89.000	      0.244359	      0.247873	
89.500	      0.244359	      0.247873	
90.000	      0.242813	      0.247879	
90.500	      0.241654	      0.247886	
91.000	      0.241654	      0.247886	
91.500	      0.240791	      0.247892	
92.000	      0.240156	      0.247898	
92.500	      0.239699	      0.247904	
93.000	      0.239699	      0.247904	
93.500	      0.239381	       0.24791	
94.000	      0.239172	      0.247915	
94.500	      0.239172	      0.247915	
95.000	      0.239049	      0.247921	
95.500	      0.238994	      0.247926	
96.000	      0.238992	      0.247931	
96.500	      0.238992	      0.247931	
97.000	      0.239033	      0.247936	
97.500	      0.239107	      0.247941	
98.000	      0.239107	      0.247941	
98.500	      0.239208	      0.247945	
99.000	      0.239328	       0.24795	
99.500	      0.239465	      0.247954	
100.000	      0.239465	      0.247954	
100.500	      0.239613	      0.247958	
101.000	       0.23977	      0.247962	
101.500	       0.23977	      0.247962	
102.000	      0.239934	      0.247966	
102.500	      0.240102	       0.24797	
103.000	      0.240102	       0.24797	
103.500	      0.240273	      0.247974	
104.000	      0.240445	      0.247977	
104.500	      0.240617	       0.24798	
105.000	      0.240617	       0.24798	
105.500	      0.240789	      0.247984	
106.000	       0.24096	      0.247987	
106.500	       0.24096	      0.247987	
107.000	      0.241129	       0.24799	
107.500	      0.241296	      0.247992	
108.000	       0.24146	      0.247995	
108.500	       0.24146	      0.247995	
109.000	      0.241621	      0.247998	
109.500	      0.241779	         0.248	
110.000	      0.241779	         0.248	
110.500	      0.241934	      0.248002	
111.000	      0.242086	      0.248004	
111.500	      0.242234	      0.248006	
112.000	      0.242234	      0.248006	
112.500	      0.242379	      0.248008	
113.000	       0.24252	       0.24801	
113.500	       0.24252	       0.24801	
114.000	      0.242658	      0.248011	
114.500	      0.242793	      0.248013	
115.000	      0.242924	      0.248014	
115.500	      0.242924	      0.248014	
116.000	      0.243051	      0.248015	
116.500	      0.243176	      0.248016	
117.000	      0.243176	      0.248016	
117.500	      0.243297	      0.248017	
118.000	      0.243415	      0.248018	
118.500	      0.243529	      0.248019	
119.000	      0.243529	      0.248019	
119.500	      0.243641	      0.248019	
120.000	       0.24375	       0.24802	
120.500	       0.24375	       0.24802	
121.000	      0.243855	       0.24802	
121.500	      0.243958	       0.24802	
122.000	      0.244059	       0.24802	
122.500	      0.244059	       0.24802	
123.000	      0.244156	       0.24802	
123.500	      0.244251	       0.24802	
124.000	      0.244251	       0.24802	
124.500	      0.244343	       0.24802	
125.000	      0.244433	      0.248019	
125.500	      0.244433	      0.248019	
126.000	      0.244521	      0.248019	
126.500	      0.244606	      0.248018	
127.000	      0.244689	      0.248017	
127.500	      0.244689	      0.248017	
128.000	       0.24477	      0.248016	
128.500	      0.244849	      0.248015	
129.000	      0.244849	      0.248015	
129.500	      0.244925	      0.248014	
130.000	         0.245	      0.248013	
130.500	      0.245072	      0.248011	
131.000	      0.245072	      0.248011	
131.500	      0.245143	      0.248009	
132.000	      0.245212	      0.248008	
132.500	      0.245212	      0.248008	
133.000	      0.245279	      0.248006	
133.500	      0.245345	      0.248004	
134.000	      0.245409	      0.248002	
134.500	      0.245409	      0.248002	
135.000	      0.245471	      0.247999	
135.500	      0.245532	      0.247997	
136.000	      0.245532	      0.247997	
136.500	      0.245591	      0.247994	
137.000	      0.245649	      0.247992	
137.500	      0.245705	      0.247989	
138.000	      0.245705	      0.247989	
138.500	       0.24576	      0.247986	
139.000	      0.245813	      0.247983	
139.500	      0.245813	      0.247983	
140.000	      0.245866	       0.24798	
140.500	      0.245917	      0.247976	
141.000	      0.245966	      0.247973	
141.500	      0.245966	      0.247973	
142.000	      0.246015	      0.247969	
142.500	      0.246062	      0.247965	
143.000	      0.246062	      0.247965	
143.500	      0.246108	      0.247961	
144.000	      0.246154	      0.247957	
144.500	      0.246198	      0.247953	
145.000	      0.246198	      0.247953	
145.500	      0.246241	      0.247949	
146.000	      0.246283	      0.247944	
146.500	      0.246283	      0.247944	
147.000	      0.246324	       0.24794	
147.500	      0.246364	      0.247935	
148.000	      0.246364	      0.247935	
148.500	      0.246403	       0.24793	
149.000	      0.246442	      0.247925	
149.500	      0.246479	      0.247919	
150.000	      0.246479	      0.247919	
150.500	      0.246516	      0.247914	
151.000	      0.246552	      0.247908	
151.500	      0.246552	      0.247908	
152.000	      0.246587	      0.247903	
152.500	      0.246621	      0.247897	
153.000	      0.246654	      0.247891	
153.500	      0.246654	      0.247891	
154.000	      0.246687	      0.247884	
154.500	      0.246719	      0.247878	
155.000	      0.246719	      0.247878	
155.500	       0.24675	      0.247871	
156.000	      0.246781	      0.247865	
156.500	      0.246811	      0.247858	
157.000	      0.246811	      0.247858	
157.500	       0.24684	      0.247851	
158.000	      0.246868	      0.247843	
158.500	      0.246868	      0.247843	
159.000	      0.246896	      0.247836	
159.500	      0.246924	      0.247828	
160.000	      0.246951	       0.24782	
160.500	      0.246951	       0.24782	
161.000	      0.246977	      0.247812	
161.500	      0.247003	      0.247804	
162.000	      0.247003	      0.247804	
162.500	      0.247028	      0.247795	
163.000	      0.247052	      0.247787	
163.500	      0.247076	      0.247778	
164.000	      0.247076	      0.247778	
164.500	        0.2471	      0.247769	
165.000	      0.247123	       0.24776	
165.500	      0.247123	       0.24776	
166.000	      0.247146	       0.24775	
166.500	      0.247168	      0.247741	
167.000	      0.247189	      0.247731	
167.500	      0.247189	      0.247731	
168.000	      0.247211	      0.247721	
168.500	      0.247231	       0.24771	
169.000	      0.247231	       0.24771	
169.500	      0.247252	        0.2477	
170.000	      0.247272	      0.247689	
170.500	      0.247272	      0.247689	
171.000	      0.247291	      0.247678	
171.500	       0.24731	      0.247667	
172.000	      0.247329	      0.247655	
172.500	      0.247329	      0.247655	
173.000	      0.247347	      0.247643	
173.500	      0.247365	      0.247631	
174.000	      0.247365	      0.247631	
174.500	      0.247383	      0.247619	
175.000	        0.2474	      0.247606	
175.500	      0.247417	      0.247593	
176.000	      0.247417	      0.247593	
176.500	      0.247433	       0.24758	
177.000	      0.247449	      0.247567	
177.500	      0.247449	      0.247567	
178.000	      0.247465	      0.247553	
178.500	      0.247481	      0.247539	
179.000	      0.247496	      0.247525	
179.500	      0.247496	      0.247525	
180.000	      0.247511	      0.247511	
