
TracePro Release: 3 2 0 
Polar Candela Distribution Data for 
Data covers +/- 180.000 degrees from Normal
Data for Missed Rays
Data generated at 09:45:48 June 30, 2025

	   0.0	 180.0
0.000	      0.278771	      0.278771	
0.500	      0.277413	      0.280038	
1.000	      0.277413	      0.280038	
1.500	      0.275955	      0.281221	
2.000	      0.274385	      0.282328	
2.500	      0.272694	      0.283365	
3.000	      0.272694	      0.283365	
3.500	      0.270866	      0.284337	
4.000	      0.268889	      0.285251	
4.500	      0.268889	      0.285251	
5.000	      0.266745	      0.286111	
5.500	      0.264414	       0.28692	
6.000	      0.261875	      0.287683	
6.500	      0.261875	      0.287683	
7.000	      0.259102	      0.288403	
7.500	      0.256064	      0.289084	
8.000	      0.256064	      0.289084	
8.500	      0.252727	      0.289728	
9.000	      0.249052	      0.290338	
9.500	      0.244989	      0.290915	
10.000	      0.244989	      0.290915	
10.500	      0.240484	      0.291464	
11.000	      0.235468	      0.291984	
11.500	      0.235468	      0.291984	
12.000	      0.229863	      0.292479	
12.500	      0.223572	      0.292949	
13.000	      0.223572	      0.292949	
13.500	      0.216477	      0.293397	
14.000	      0.208437	      0.293824	
14.500	      0.199275	      0.294231	
15.000	      0.199275	      0.294231	
15.500	      0.188773	      0.294619	
16.000	      0.176656	       0.29499	
16.500	      0.176656	       0.29499	
17.000	      0.162574	      0.295344	
17.500	      0.146078	      0.295682	
18.000	      0.126585	      0.296006	
18.500	      0.126585	      0.296006	
19.000	      0.103319	      0.296317	
19.500	     0.0752422	      0.296614	
20.000	     0.0752422	      0.296614	
20.500	     0.0409278	      0.296898	
21.000	    0.00161874	      0.297172	
21.500	     0.0552593	      0.297434	
22.000	     0.0552593	      0.297434	
22.500	      0.124218	      0.297685	
23.000	      0.214939	      0.297927	
23.500	      0.214939	      0.297927	
24.000	      0.337655	      0.298159	
24.500	      0.509411	      0.298383	
25.000	      0.760345	      0.298598	
25.500	      0.760345	      0.298598	
26.000	       1.14793	      0.298805	
26.500	       1.79332	      0.299004	
27.000	       1.79332	      0.299004	
27.500	       2.99001	      0.299196	
28.000	        5.6144	      0.299381	
28.500	       13.4264	      0.299559	
29.000	       13.4264	      0.299559	
29.500	       70.7216	      0.299731	
30.000	       725.383	      0.299897	
30.500	       725.383	      0.299897	
31.000	       70.7216	      0.300058	
31.500	       13.4264	      0.300212	
32.000	       5.61442	      0.300362	
32.500	       5.61442	      0.300362	
33.000	       2.99003	      0.300507	
33.500	       1.79335	      0.300646	
34.000	       1.79335	      0.300646	
34.500	       1.14796	      0.300782	
35.000	      0.760382	      0.300912	
35.500	      0.760382	      0.300912	
36.000	      0.509454	      0.301039	
36.500	      0.337702	      0.301162	
37.000	      0.214992	       0.30128	
37.500	      0.214992	       0.30128	
38.000	      0.124276	      0.301395	
38.500	     0.0553233	      0.301507	
39.000	     0.0553233	      0.301507	
39.500	    0.00168821	      0.301615	
40.000	     0.0408528	       0.30172	
40.500	     0.0751616	      0.301821	
41.000	     0.0751616	      0.301821	
41.500	      0.103233	       0.30192	
42.000	      0.126493	      0.302016	
42.500	      0.126493	      0.302016	
43.000	      0.145981	      0.302109	
43.500	       0.16247	      0.302199	
44.000	      0.176546	      0.302286	
44.500	      0.176546	      0.302286	
45.000	      0.188658	      0.302371	
45.500	      0.199154	      0.302454	
46.000	      0.199154	      0.302454	
46.500	      0.208309	      0.302535	
47.000	      0.216343	      0.302613	
47.500	      0.223432	      0.302689	
48.000	      0.223432	      0.302689	
48.500	      0.229717	      0.302762	
49.000	      0.235316	      0.302834	
49.500	      0.235316	      0.302834	
50.000	      0.240324	      0.302904	
50.500	      0.244823	      0.302972	
51.000	      0.248879	      0.303039	
51.500	      0.248879	      0.303039	
52.000	      0.252548	      0.303103	
52.500	      0.255877	      0.303166	
53.000	      0.255877	      0.303166	
53.500	      0.258908	      0.303227	
54.000	      0.261674	      0.303286	
54.500	      0.264206	      0.303344	
55.000	      0.264206	      0.303344	
55.500	      0.266529	      0.303401	
56.000	      0.268665	      0.303456	
56.500	      0.268665	      0.303456	
57.000	      0.270634	       0.30351	
57.500	      0.272453	      0.303562	
58.000	      0.272453	      0.303562	
58.500	      0.274137	      0.303613	
59.000	      0.275698	      0.303663	
59.500	      0.277148	      0.303711	
60.000	      0.277148	      0.303711	
60.500	      0.278497	      0.303759	
61.000	      0.279754	      0.303805	
61.500	      0.279754	      0.303805	
62.000	      0.280928	       0.30385	
62.500	      0.282025	      0.303894	
63.000	      0.283052	      0.303937	
63.500	      0.283052	      0.303937	
64.000	      0.284015	      0.303979	
64.500	      0.284918	       0.30402	
65.000	      0.284918	       0.30402	
65.500	      0.285767	       0.30406	
66.000	      0.286566	      0.304099	
66.500	      0.287318	      0.304137	
67.000	      0.287318	      0.304137	
67.500	      0.288026	      0.304174	
68.000	      0.288695	       0.30421	
68.500	      0.288695	       0.30421	
69.000	      0.289327	      0.304245	
69.500	      0.289924	       0.30428	
70.000	      0.290489	      0.304314	
70.500	      0.290489	      0.304314	
71.000	      0.291023	      0.304347	
71.500	       0.29153	      0.304379	
72.000	       0.29153	      0.304379	
72.500	       0.29201	      0.304411	
73.000	      0.292466	      0.304442	
73.500	      0.292898	      0.304472	
74.000	      0.292898	      0.304472	
74.500	      0.293309	      0.304501	
75.000	        0.2937	       0.30453	
75.500	        0.2937	       0.30453	
76.000	      0.294071	      0.304558	
76.500	      0.294424	      0.304585	
77.000	       0.29476	      0.304612	
77.500	       0.29476	      0.304612	
78.000	      0.295079	      0.304639	
78.500	      0.295384	      0.304664	
79.000	      0.295384	      0.304664	
79.500	      0.295673	      0.304689	
80.000	      0.295949	      0.304714	
80.500	      0.295949	      0.304714	
81.000	      0.296212	      0.304738	
81.500	      0.296462	      0.304761	
82.000	        0.2967	      0.304784	
82.500	        0.2967	      0.304784	
83.000	      0.296926	      0.304806	
83.500	      0.297142	      0.304828	
84.000	      0.297142	      0.304828	
84.500	      0.297347	       0.30485	
85.000	      0.297542	       0.30487	
85.500	      0.297727	      0.304891	
86.000	      0.297727	      0.304891	
86.500	      0.297902	      0.304911	
87.000	      0.298069	       0.30493	
87.500	      0.298069	       0.30493	
88.000	      0.298227	      0.304949	
88.500	      0.298376	      0.304968	
89.000	      0.298516	      0.304986	
89.500	      0.298516	      0.304986	
90.000	      0.298649	      0.305004	
90.500	      0.298773	      0.305021	
91.000	      0.298773	      0.305021	
91.500	       0.29889	      0.305038	
92.000	      0.298998	      0.305055	
92.500	      0.299099	      0.305071	
93.000	      0.299099	      0.305071	
93.500	      0.299193	      0.305087	
94.000	      0.299278	      0.305102	
94.500	      0.299278	      0.305102	
95.000	      0.299356	      0.305117	
95.500	      0.299426	      0.305132	
96.000	      0.299488	      0.305146	
96.500	      0.299488	      0.305146	
97.000	      0.299542	       0.30516	
97.500	      0.299588	      0.305174	
98.000	      0.299588	      0.305174	
98.500	      0.299626	      0.305187	
99.000	      0.299655	        0.3052	
99.500	      0.299675	      0.305213	
100.000	      0.299675	      0.305213	
100.500	      0.299686	      0.305225	
101.000	      0.299686	      0.305237	
101.500	      0.299686	      0.305237	
102.000	      0.299677	      0.305249	
102.500	      0.299657	       0.30526	
103.000	      0.299657	       0.30526	
103.500	      0.299625	      0.305271	
104.000	      0.299581	      0.305282	
104.500	      0.299523	      0.305293	
105.000	      0.299523	      0.305293	
105.500	      0.299451	      0.305303	
106.000	      0.299363	      0.305313	
106.500	      0.299363	      0.305313	
107.000	      0.299259	      0.305323	
107.500	      0.299135	      0.305332	
108.000	      0.298991	      0.305341	
108.500	      0.298991	      0.305341	
109.000	      0.298823	       0.30535	
109.500	       0.29863	      0.305358	
110.000	       0.29863	      0.305358	
110.500	      0.298408	      0.305367	
111.000	      0.298153	      0.305375	
111.500	      0.297861	      0.305382	
112.000	      0.297861	      0.305382	
112.500	      0.297527	       0.30539	
113.000	      0.297145	      0.305397	
113.500	      0.297145	      0.305397	
114.000	      0.296706	      0.305404	
114.500	      0.296202	      0.305411	
115.000	      0.295621	      0.305417	
115.500	      0.295621	      0.305417	
116.000	       0.29495	      0.305424	
116.500	       0.29417	       0.30543	
117.000	       0.29417	       0.30543	
117.500	      0.293261	      0.305435	
118.000	      0.292195	      0.305441	
118.500	      0.290935	      0.305446	
119.000	      0.290935	      0.305446	
119.500	      0.289436	      0.305451	
120.000	      0.287635	      0.305456	
120.500	      0.287635	      0.305456	
121.000	      0.285452	      0.305461	
121.500	      0.282771	      0.305465	
122.000	      0.279435	      0.305469	
122.500	      0.279435	      0.305469	
123.000	      0.275216	      0.305473	
123.500	      0.269778	      0.305477	
124.000	      0.269778	      0.305477	
124.500	       0.26261	       0.30548	
125.000	      0.252898	      0.305483	
125.500	      0.252898	      0.305483	
126.000	      0.239287	      0.305486	
126.500	      0.219383	      0.305489	
127.000	      0.188616	      0.305491	
127.500	      0.188616	      0.305491	
128.000	      0.137359	      0.305493	
128.500	     0.0422836	      0.305495	
129.000	     0.0422836	      0.305495	
129.500	      0.166266	      0.305497	
130.000	      0.787122	      0.305499	
130.500	       5.34087	        0.3055	
131.000	       5.34087	        0.3055	
131.500	       57.9331	      0.305501	
132.000	       5.34081	      0.305502	
132.500	       5.34081	      0.305502	
133.000	       0.78699	      0.305503	
133.500	      0.166067	      0.305503	
134.000	     0.0425484	      0.305503	
134.500	     0.0425484	      0.305503	
135.000	       0.13769	      0.305503	
135.500	      0.189014	      0.305503	
136.000	      0.189014	      0.305503	
136.500	      0.219848	      0.305502	
137.000	       0.23982	      0.305501	
137.500	      0.253498	        0.3055	
138.000	      0.253498	        0.3055	
138.500	      0.263278	      0.305499	
139.000	      0.270514	      0.305497	
139.500	      0.270514	      0.305497	
140.000	      0.276021	      0.305495	
140.500	      0.280309	      0.305493	
141.000	      0.283715	      0.305491	
141.500	      0.283715	      0.305491	
142.000	      0.286466	      0.305489	
142.500	      0.288721	      0.305486	
143.000	      0.288721	      0.305486	
143.500	      0.290593	      0.305483	
144.000	      0.292165	      0.305479	
144.500	      0.293497	      0.305476	
145.000	      0.293497	      0.305476	
145.500	      0.294638	      0.305472	
146.000	      0.295622	      0.305468	
146.500	      0.295622	      0.305468	
147.000	      0.296477	      0.305463	
147.500	      0.297226	      0.305458	
148.000	      0.297226	      0.305458	
148.500	      0.297884	      0.305453	
149.000	      0.298468	      0.305448	
149.500	      0.298987	      0.305442	
150.000	      0.298987	      0.305442	
150.500	      0.299451	      0.305436	
151.000	      0.299867	       0.30543	
151.500	      0.299867	       0.30543	
152.000	      0.300243	      0.305424	
152.500	      0.300583	      0.305417	
153.000	      0.300892	      0.305409	
153.500	      0.300892	      0.305409	
154.000	      0.301174	      0.305402	
154.500	      0.301432	      0.305394	
155.000	      0.301432	      0.305394	
155.500	      0.301668	      0.305386	
156.000	      0.301886	      0.305377	
156.500	      0.302086	      0.305368	
157.000	      0.302086	      0.305368	
157.500	      0.302271	      0.305359	
158.000	      0.302443	      0.305349	
158.500	      0.302443	      0.305349	
159.000	      0.302603	      0.305339	
159.500	      0.302751	      0.305328	
160.000	       0.30289	      0.305317	
160.500	       0.30289	      0.305317	
161.000	      0.303019	      0.305306	
161.500	       0.30314	      0.305294	
162.000	       0.30314	      0.305294	
162.500	      0.303253	      0.305281	
163.000	       0.30336	      0.305269	
163.500	       0.30346	      0.305255	
164.000	       0.30346	      0.305255	
164.500	      0.303555	      0.305241	
165.000	      0.303644	      0.305227	
165.500	      0.303644	      0.305227	
166.000	      0.303728	      0.305212	
166.500	      0.303807	      0.305197	
167.000	      0.303883	      0.305181	
167.500	      0.303883	      0.305181	
168.000	      0.303954	      0.305164	
168.500	      0.304022	      0.305147	
169.000	      0.304022	      0.305147	
169.500	      0.304086	      0.305129	
170.000	      0.304147	      0.305111	
170.500	      0.304147	      0.305111	
171.000	      0.304205	      0.305091	
171.500	      0.304261	      0.305071	
172.000	      0.304314	      0.305051	
172.500	      0.304314	      0.305051	
173.000	      0.304364	      0.305029	
173.500	      0.304412	      0.305007	
174.000	      0.304412	      0.305007	
174.500	      0.304458	      0.304984	
175.000	      0.304502	       0.30496	
175.500	      0.304545	      0.304935	
176.000	      0.304545	      0.304935	
176.500	      0.304585	      0.304909	
177.000	      0.304624	      0.304882	
177.500	      0.304624	      0.304882	
178.000	      0.304661	      0.304854	
178.500	      0.304696	      0.304825	
179.000	       0.30473	      0.304795	
179.500	       0.30473	      0.304795	
180.000	      0.304763	      0.304763	
