
TracePro Release: 3 2 0 
Polar Candela Distribution Data for 
Data covers +/- 180.000 degrees from Normal
Data for Missed Rays
Data generated at 09:45:29 June 25, 2025

	   0.0	 180.0
0.000	      0.114233	      0.114233	
0.500	      0.332027	      0.481755	
1.000	      0.332027	      0.481755	
1.500	      0.218956	      0.164832	
2.000	      0.336731	      0.281893	
2.500	      0.041683	      0.185549	
3.000	      0.041683	      0.185549	
3.500	      0.256098	      0.243695	
4.000	      0.137919	       0.14115	
4.500	      0.137919	       0.14115	
5.000	      0.299112	       0.28421	
5.500	      0.157959	      0.222748	
6.000	      0.568136	       0.32421	
6.500	      0.568136	       0.32421	
7.000	     0.0424481	      0.174337	
7.500	      0.391242	      0.356711	
8.000	      0.391242	      0.356711	
8.500	      0.152847	     0.0472452	
9.000	      0.296975	       0.26355	
9.500	      0.167472	     0.0204277	
10.000	      0.167472	     0.0204277	
10.500	      0.365959	      0.438644	
11.000	       0.18028	      0.161123	
11.500	       0.18028	      0.161123	
12.000	      0.491732	      0.375239	
12.500	      0.145152	      0.153817	
13.000	      0.145152	      0.153817	
13.500	      0.351039	      0.334621	
14.000	      0.179476	      0.165404	
14.500	      0.311424	       1.46031	
15.000	      0.311424	       1.46031	
15.500	     0.0719673	      0.822725	
16.000	      0.350901	       1.80166	
16.500	      0.350901	       1.80166	
17.000	     0.0557931	       0.78555	
17.500	      0.381455	       1.00746	
18.000	      0.110216	      0.494903	
18.500	      0.110216	      0.494903	
19.000	       0.45459	       1.20337	
19.500	      0.101811	      0.425392	
20.000	      0.101811	      0.425392	
20.500	      0.470839	      0.786928	
21.000	    0.00923439	       0.18267	
21.500	      0.438858	      0.276895	
22.000	      0.438858	      0.276895	
22.500	      0.193293	      0.178671	
23.000	      0.387457	      0.234464	
23.500	      0.387457	      0.234464	
24.000	     0.0307322	      0.229018	
24.500	      0.359522	      0.285302	
25.000	      0.189776	      0.176036	
25.500	      0.189776	      0.176036	
26.000	      0.377968	      0.237478	
26.500	     0.0933172	       0.23398	
27.000	     0.0933172	       0.23398	
27.500	      0.371289	      0.233676	
28.000	     0.0481899	       0.23361	
28.500	      0.578979	       0.23355	
29.000	      0.578979	       0.23355	
29.500	    0.00410388	      0.233393	
30.000	      0.334195	      0.232847	
30.500	      0.334195	      0.232847	
31.000	      0.188216	      0.228619	
31.500	      0.472217	      0.287744	
32.000	     0.0823743	      0.228637	
32.500	     0.0823743	      0.228637	
33.000	      0.481058	      0.232874	
33.500	    0.00236457	      0.233406	
34.000	    0.00236457	      0.233406	
34.500	      0.567372	      0.233495	
35.000	      0.435313	      0.233347	
35.500	      0.435313	      0.233347	
36.000	       1.86468	      0.232753	
36.500	       15.6234	      0.228888	
37.000	       2.12369	      0.276314	
37.500	       2.12369	      0.276314	
38.000	      0.279593	       0.21863	
38.500	      0.604632	      0.348477	
39.000	      0.604632	      0.348477	
39.500	      0.662009	      0.222659	
40.000	       0.72235	      0.231932	
40.500	      0.108121	      0.233264	
41.000	      0.108121	      0.233264	
41.500	      0.313368	      0.233738	
42.000	     0.0792687	      0.233969	
42.500	     0.0792687	      0.233969	
43.000	      0.460204	      0.234102	
43.500	     0.0504033	      0.234189	
44.000	       2.94871	      0.234251	
44.500	       2.94871	      0.234251	
45.000	      0.302899	      0.234297	
45.500	       1.23011	      0.234333	
46.000	       1.23011	      0.234333	
46.500	      0.740446	      0.234363	
47.000	       1.41794	      0.234388	
47.500	       2.31021	      0.234409	
48.000	       2.31021	      0.234409	
48.500	      0.440738	      0.234428	
49.000	      0.254155	      0.234445	
49.500	      0.254155	      0.234445	
50.000	      0.227222	      0.234461	
50.500	      0.213298	      0.234475	
51.000	      0.195336	      0.234488	
51.500	      0.195336	      0.234488	
52.000	       0.11759	        0.2345	
52.500	      0.991816	      0.234511	
53.000	      0.991816	      0.234511	
53.500	      0.198411	      0.234522	
54.000	       2.63088	      0.234532	
54.500	      0.362023	      0.234541	
55.000	      0.362023	      0.234541	
55.500	       2.73615	       0.23455	
56.000	      0.280574	      0.234559	
56.500	      0.280574	      0.234559	
57.000	       1.12579	      0.234567	
57.500	      0.119402	      0.234574	
58.000	      0.119402	      0.234574	
58.500	       1.15145	      0.234582	
59.000	       1.82953	      0.234589	
59.500	       2.13839	      0.234596	
60.000	       2.13839	      0.234596	
60.500	      0.241951	      0.234602	
61.000	        1.1074	      0.234608	
61.500	        1.1074	      0.234608	
62.000	       1.03255	      0.234614	
62.500	       2.78931	       0.23462	
63.000	       0.96604	      0.234625	
63.500	       0.96604	      0.234625	
64.000	       1.05655	      0.234631	
64.500	      0.140888	      0.234636	
65.000	      0.140888	      0.234636	
65.500	       1.87433	      0.234641	
66.000	       1.54795	      0.234645	
66.500	        8.1259	       0.23465	
67.000	        8.1259	       0.23465	
67.500	       8.18067	      0.234654	
68.000	       12.0137	      0.234658	
68.500	       12.0137	      0.234658	
69.000	       9.20198	      0.234662	
69.500	       11.9433	      0.234666	
70.000	       7.29431	      0.234669	
70.500	       7.29431	      0.234669	
71.000	       9.32905	      0.234673	
71.500	       8.02945	      0.234676	
72.000	       8.02945	      0.234676	
72.500	       9.48177	      0.234679	
73.000	       6.71261	      0.234682	
73.500	       5.02005	      0.234685	
74.000	       5.02005	      0.234685	
74.500	       3.87739	      0.234687	
75.000	       4.70164	       0.23469	
75.500	       4.70164	       0.23469	
76.000	       2.30872	      0.234692	
76.500	       5.56921	      0.234694	
77.000	       4.54762	      0.234696	
77.500	       4.54762	      0.234696	
78.000	       2.53994	      0.234698	
78.500	       4.33587	        0.2347	
79.000	       4.33587	        0.2347	
79.500	       5.01448	      0.234701	
80.000	       6.38508	      0.234703	
80.500	       6.38508	      0.234703	
81.000	        6.1415	      0.234704	
81.500	       2.85476	      0.234705	
82.000	       1.83567	      0.234706	
82.500	       1.83567	      0.234706	
83.000	       2.16373	      0.234707	
83.500	       3.05025	      0.234708	
84.000	       3.05025	      0.234708	
84.500	       2.05949	      0.234709	
85.000	       2.03824	      0.234709	
85.500	       3.50463	       0.23471	
86.000	       3.50463	       0.23471	
86.500	       4.61327	       0.23471	
87.000	       3.47334	       0.23471	
87.500	       3.47334	       0.23471	
88.000	       1.46297	       0.23471	
88.500	       2.56369	       0.23471	
89.000	       1.54544	       0.23471	
89.500	       1.54544	       0.23471	
90.000	       1.66579	      0.234709	
90.500	       2.41148	      0.234709	
91.000	       2.41148	      0.234709	
91.500	       5.46033	      0.234708	
92.000	       9.18596	      0.234707	
92.500	       57.9809	      0.234707	
93.000	       57.9809	      0.234707	
93.500	       585.421	      0.234706	
94.000	       57.0832	      0.234704	
94.500	       57.0832	      0.234704	
95.000	       10.8489	      0.234703	
95.500	       4.54504	      0.234702	
96.000	       2.42705	        0.2347	
96.500	       2.42705	        0.2347	
97.000	       1.46115	      0.234698	
97.500	      0.940136	      0.234697	
98.000	      0.940136	      0.234697	
98.500	       0.62719	      0.234695	
99.000	      0.424543	      0.234693	
99.500	       0.28581	       0.23469	
100.000	       0.28581	       0.23469	
100.500	      0.186669	      0.234688	
101.000	      0.113362	      0.234686	
101.500	      0.113362	      0.234686	
102.000	     0.0576285	      0.234683	
102.500	     0.0142661	       0.23468	
103.000	     0.0142661	       0.23468	
103.500	     0.0201354	      0.234678	
104.000	     0.0478867	      0.234675	
104.500	     0.0705986	      0.234671	
105.000	     0.0705986	      0.234671	
105.500	     0.0894222	      0.234668	
106.000	      0.105198	      0.234665	
106.500	      0.105198	      0.234665	
107.000	      0.118549	      0.234661	
107.500	       0.12995	      0.234657	
108.000	      0.139763	      0.234654	
108.500	      0.139763	      0.234654	
109.000	      0.148269	       0.23465	
109.500	      0.155692	      0.234646	
110.000	      0.155692	      0.234646	
110.500	      0.162207	      0.234641	
111.000	      0.167957	      0.234637	
111.500	      0.173057	      0.234632	
112.000	      0.173057	      0.234632	
112.500	      0.177602	      0.234628	
113.000	      0.181669	      0.234623	
113.500	      0.181669	      0.234623	
114.000	      0.185324	      0.234618	
114.500	       0.18862	      0.234613	
115.000	      0.191602	      0.234607	
115.500	      0.191602	      0.234607	
116.000	       0.19431	      0.234602	
116.500	      0.196776	      0.234596	
117.000	      0.196776	      0.234596	
117.500	      0.199028	       0.23459	
118.000	       0.20109	      0.234585	
118.500	      0.202984	      0.234578	
119.000	      0.202984	      0.234578	
119.500	      0.204726	      0.234572	
120.000	      0.206332	      0.234566	
120.500	      0.206332	      0.234566	
121.000	      0.207817	      0.234559	
121.500	      0.209192	      0.234552	
122.000	      0.210468	      0.234545	
122.500	      0.210468	      0.234545	
123.000	      0.211654	      0.234538	
123.500	      0.212758	      0.234531	
124.000	      0.212758	      0.234531	
124.500	      0.213789	      0.234523	
125.000	      0.214751	      0.234516	
125.500	      0.214751	      0.234516	
126.000	      0.215652	      0.234508	
126.500	      0.216495	        0.2345	
127.000	      0.217287	      0.234491	
127.500	      0.217287	      0.234491	
128.000	      0.218031	      0.234483	
128.500	       0.21873	      0.234474	
129.000	       0.21873	      0.234474	
129.500	      0.219389	      0.234465	
130.000	      0.220011	      0.234456	
130.500	      0.220598	      0.234447	
131.000	      0.220598	      0.234447	
131.500	      0.221152	      0.234438	
132.000	      0.221677	      0.234428	
132.500	      0.221677	      0.234428	
133.000	      0.222173	      0.234418	
133.500	      0.222644	      0.234408	
134.000	      0.223091	      0.234397	
134.500	      0.223091	      0.234397	
135.000	      0.223515	      0.234387	
135.500	      0.223919	      0.234376	
136.000	      0.223919	      0.234376	
136.500	      0.224302	      0.234365	
137.000	      0.224667	      0.234354	
137.500	      0.225015	      0.234342	
138.000	      0.225015	      0.234342	
138.500	      0.225347	       0.23433	
139.000	      0.225664	      0.234318	
139.500	      0.225664	      0.234318	
140.000	      0.225966	      0.234306	
140.500	      0.226255	      0.234293	
141.000	      0.226532	       0.23428	
141.500	      0.226532	       0.23428	
142.000	      0.226796	      0.234267	
142.500	      0.227049	      0.234254	
143.000	      0.227049	      0.234254	
143.500	      0.227292	       0.23424	
144.000	      0.227524	      0.234226	
144.500	      0.227747	      0.234211	
145.000	      0.227747	      0.234211	
145.500	      0.227961	      0.234197	
146.000	      0.228167	      0.234182	
146.500	      0.228167	      0.234182	
147.000	      0.228364	      0.234166	
147.500	      0.228554	      0.234151	
148.000	      0.228554	      0.234151	
148.500	      0.228736	      0.234135	
149.000	      0.228912	      0.234119	
149.500	      0.229081	      0.234102	
150.000	      0.229081	      0.234102	
150.500	      0.229244	      0.234085	
151.000	        0.2294	      0.234068	
151.500	        0.2294	      0.234068	
152.000	      0.229552	       0.23405	
152.500	      0.229697	      0.234032	
153.000	      0.229838	      0.234013	
153.500	      0.229838	      0.234013	
154.000	      0.229974	      0.233994	
154.500	      0.230105	      0.233975	
155.000	      0.230105	      0.233975	
155.500	      0.230232	      0.233955	
156.000	      0.230354	      0.233935	
156.500	      0.230472	      0.233914	
157.000	      0.230472	      0.233914	
157.500	      0.230587	      0.233893	
158.000	      0.230697	      0.233872	
158.500	      0.230697	      0.233872	
159.000	      0.230804	       0.23385	
159.500	      0.230908	      0.233827	
160.000	      0.231008	      0.233804	
160.500	      0.231008	      0.233804	
161.000	      0.231106	      0.233781	
161.500	        0.2312	      0.233757	
162.000	        0.2312	      0.233757	
162.500	      0.231291	      0.233732	
163.000	       0.23138	      0.233707	
163.500	      0.231466	      0.233681	
164.000	      0.231466	      0.233681	
164.500	      0.231549	      0.233655	
165.000	       0.23163	      0.233628	
165.500	       0.23163	      0.233628	
166.000	      0.231708	        0.2336	
166.500	      0.231784	      0.233572	
167.000	      0.231858	      0.233544	
167.500	      0.231858	      0.233544	
168.000	       0.23193	      0.233514	
168.500	         0.232	      0.233484	
169.000	         0.232	      0.233484	
169.500	      0.232068	      0.233453	
170.000	      0.232134	      0.233422	
170.500	      0.232134	      0.233422	
171.000	      0.232198	      0.233389	
171.500	       0.23226	      0.233356	
172.000	      0.232321	      0.233322	
172.500	      0.232321	      0.233322	
173.000	       0.23238	      0.233288	
173.500	      0.232437	      0.233252	
174.000	      0.232437	      0.233252	
174.500	      0.232493	      0.233216	
175.000	      0.232547	      0.233179	
175.500	        0.2326	      0.233141	
176.000	        0.2326	      0.233141	
176.500	      0.232652	      0.233102	
177.000	      0.232702	      0.233061	
177.500	      0.232702	      0.233061	
178.000	      0.232751	       0.23302	
178.500	      0.232799	      0.232978	
179.000	      0.232846	      0.232935	
179.500	      0.232846	      0.232935	
180.000	      0.232891	      0.232891	
