
TracePro Release: 3 2 0 
Polar Candela Distribution Data for 
Data covers +/- 180.000 degrees from Normal
Data for Missed Rays
Data generated at 09:45:48 June 30, 2025

	   0.0	 180.0
0.000	      0.318672	      0.318672	
0.500	      0.318724	      0.318617	
1.000	      0.318724	      0.318617	
1.500	      0.318771	      0.318557	
2.000	      0.318815	      0.318492	
2.500	      0.318855	      0.318423	
3.000	      0.318855	      0.318423	
3.500	      0.318893	      0.318348	
4.000	      0.318927	      0.318268	
4.500	      0.318927	      0.318268	
5.000	      0.318958	      0.318181	
5.500	      0.318987	      0.318089	
6.000	      0.319012	      0.317989	
6.500	      0.319012	      0.317989	
7.000	      0.319036	      0.317881	
7.500	      0.319056	      0.317765	
8.000	      0.319056	      0.317765	
8.500	      0.319075	      0.317641	
9.000	      0.319091	      0.317506	
9.500	      0.319105	      0.317361	
10.000	      0.319105	      0.317361	
10.500	      0.319117	      0.317205	
11.000	      0.319127	      0.317036	
11.500	      0.319127	      0.317036	
12.000	      0.319135	      0.316854	
12.500	      0.319141	      0.316656	
13.000	      0.319141	      0.316656	
13.500	      0.319145	      0.316442	
14.000	      0.319148	      0.316209	
14.500	      0.319149	      0.315956	
15.000	      0.319149	      0.315956	
15.500	      0.319148	       0.31568	
16.000	      0.319145	      0.315379	
16.500	      0.319145	      0.315379	
17.000	      0.319141	       0.31505	
17.500	      0.319135	      0.314689	
18.000	      0.319127	      0.314293	
18.500	      0.319127	      0.314293	
19.000	      0.319119	      0.313856	
19.500	      0.319108	      0.313374	
20.000	      0.319108	      0.313374	
20.500	      0.319096	       0.31284	
21.000	      0.319083	      0.312246	
21.500	      0.319068	      0.311584	
22.000	      0.319068	      0.311584	
22.500	      0.319051	      0.310842	
23.000	      0.319033	      0.310008	
23.500	      0.319033	      0.310008	
24.000	      0.319014	      0.309067	
24.500	      0.318993	      0.307999	
25.000	       0.31897	       0.30678	
25.500	       0.31897	       0.30678	
26.000	      0.318947	      0.305382	
26.500	      0.318921	      0.303767	
27.000	      0.318921	      0.303767	
27.500	      0.318895	      0.301888	
28.000	      0.318866	      0.299687	
28.500	      0.318837	      0.297083	
29.000	      0.318837	      0.297083	
29.500	      0.318805	      0.293974	
30.000	      0.318772	      0.290221	
30.500	      0.318772	      0.290221	
31.000	      0.318738	      0.285632	
31.500	      0.318702	      0.279941	
32.000	      0.318665	      0.272763	
32.500	      0.318665	      0.272763	
33.000	      0.318625	      0.263534	
33.500	      0.318585	       0.25139	
34.000	      0.318585	       0.25139	
34.500	      0.318542	      0.234961	
35.000	      0.318498	      0.211964	
35.500	      0.318498	      0.211964	
36.000	      0.318452	      0.178362	
36.500	      0.318404	      0.126459	
37.000	      0.318355	     0.0400289	
37.500	      0.318355	     0.0400289	
38.000	      0.318304	      0.120235	
38.500	       0.31825	      0.471709	
39.000	       0.31825	      0.471709	
39.500	      0.318195	       1.51794	
40.000	      0.318138	       9.19133	
40.500	      0.318079	       97.4289	
41.000	      0.318079	       97.4289	
41.500	      0.318017	       9.19133	
42.000	      0.317954	       1.51793	
42.500	      0.317954	       1.51793	
43.000	      0.317888	      0.471685	
43.500	       0.31782	      0.120203	
44.000	       0.31775	     0.0400687	
44.500	       0.31775	     0.0400687	
45.000	      0.317677	      0.126507	
45.500	      0.317602	      0.178418	
46.000	      0.317602	      0.178418	
46.500	      0.317524	      0.212027	
47.000	      0.317444	      0.235033	
47.500	       0.31736	       0.25147	
48.000	       0.31736	       0.25147	
48.500	      0.317274	      0.263622	
49.000	      0.317185	      0.272859	
49.500	      0.317185	      0.272859	
50.000	      0.317093	      0.280045	
50.500	      0.316998	      0.285745	
51.000	      0.316899	      0.290342	
51.500	      0.316899	      0.290342	
52.000	      0.316797	      0.294103	
52.500	      0.316691	       0.29722	
53.000	      0.316691	       0.29722	
53.500	      0.316582	      0.299832	
54.000	      0.316469	      0.302042	
54.500	      0.316352	      0.303929	
55.000	      0.316352	      0.303929	
55.500	      0.316231	      0.305552	
56.000	      0.316105	      0.306959	
56.500	      0.316105	      0.306959	
57.000	      0.315975	      0.308187	
57.500	      0.315841	      0.309264	
58.000	      0.315841	      0.309264	
58.500	      0.315701	      0.310214	
59.000	      0.315556	      0.311056	
59.500	      0.315406	      0.311807	
60.000	      0.315406	      0.311807	
60.500	      0.315251	      0.312478	
61.000	      0.315089	      0.313081	
61.500	      0.315089	      0.313081	
62.000	      0.314922	      0.313624	
62.500	      0.314748	      0.314116	
63.000	      0.314567	      0.314561	
63.500	      0.314567	      0.314561	
64.000	      0.314379	      0.314967	
64.500	      0.314184	      0.315337	
65.000	      0.314184	      0.315337	
65.500	      0.313982	      0.315676	
66.000	      0.313771	      0.315986	
66.500	      0.313552	      0.316272	
67.000	      0.313552	      0.316272	
67.500	      0.313323	      0.316535	
68.000	      0.313085	      0.316778	
68.500	      0.313085	      0.316778	
69.000	      0.312837	      0.317002	
69.500	      0.312579	       0.31721	
70.000	       0.31231	      0.317403	
70.500	       0.31231	      0.317403	
71.000	      0.312029	      0.317582	
71.500	      0.311735	      0.317749	
72.000	      0.311735	      0.317749	
72.500	      0.311428	      0.317904	
73.000	      0.311108	       0.31805	
73.500	      0.310773	      0.318185	
74.000	      0.310773	      0.318185	
74.500	      0.310422	      0.318312	
75.000	      0.310055	      0.318431	
75.500	      0.310055	      0.318431	
76.000	       0.30967	      0.318542	
76.500	      0.309266	      0.318647	
77.000	      0.308842	      0.318745	
77.500	      0.308842	      0.318745	
78.000	      0.308397	      0.318837	
78.500	       0.30793	      0.318924	
79.000	       0.30793	      0.318924	
79.500	      0.307438	      0.319006	
80.000	      0.306921	      0.319083	
80.500	      0.306921	      0.319083	
81.000	      0.306376	      0.319156	
81.500	      0.305801	      0.319224	
82.000	      0.305194	      0.319289	
82.500	      0.305194	      0.319289	
83.000	      0.304553	      0.319349	
83.500	      0.303875	      0.319407	
84.000	      0.303875	      0.319407	
84.500	      0.303157	      0.319461	
85.000	      0.302397	      0.319513	
85.500	       0.30159	      0.319561	
86.000	       0.30159	      0.319561	
86.500	      0.300733	      0.319607	
87.000	      0.299822	       0.31965	
87.500	      0.299822	       0.31965	
88.000	      0.298852	      0.319691	
88.500	      0.297817	      0.319729	
89.000	      0.296713	      0.319766	
89.500	      0.296713	      0.319766	
90.000	      0.295532	        0.3198	
90.500	      0.294268	      0.319833	
91.000	      0.294268	      0.319833	
91.500	      0.292912	      0.319863	
92.000	      0.291455	      0.319892	
92.500	      0.289888	      0.319919	
93.000	      0.289888	      0.319919	
93.500	      0.288198	      0.319945	
94.000	      0.286373	      0.319969	
94.500	      0.286373	      0.319969	
95.000	      0.284398	      0.319991	
95.500	      0.282256	      0.320013	
96.000	      0.279927	      0.320032	
96.500	      0.279927	      0.320032	
97.000	      0.277389	      0.320051	
97.500	      0.274617	      0.320068	
98.000	      0.274617	      0.320068	
98.500	      0.271581	      0.320084	
99.000	      0.268246	      0.320099	
99.500	      0.264572	      0.320113	
100.000	      0.264572	      0.320113	
100.500	       0.26051	      0.320126	
101.000	      0.256006	      0.320137	
101.500	      0.256006	      0.320137	
102.000	      0.250991	      0.320148	
102.500	      0.245386	      0.320158	
103.000	      0.245386	      0.320158	
103.500	      0.239095	      0.320166	
104.000	         0.232	      0.320174	
104.500	       0.22396	      0.320181	
105.000	       0.22396	      0.320181	
105.500	      0.214797	      0.320187	
106.000	      0.204294	      0.320192	
106.500	      0.204294	      0.320192	
107.000	      0.192174	      0.320196	
107.500	      0.178089	        0.3202	
108.000	       0.16159	      0.320203	
108.500	       0.16159	      0.320203	
109.000	      0.142092	      0.320204	
109.500	       0.11882	      0.320206	
110.000	       0.11882	      0.320206	
110.500	     0.0907348	      0.320206	
111.000	     0.0564098	      0.320206	
111.500	     0.0138495	      0.320204	
112.000	     0.0138495	      0.320204	
112.500	     0.0398092	      0.320203	
113.000	      0.108792	        0.3202	
113.500	      0.108792	        0.3202	
114.000	      0.199545	      0.320197	
114.500	      0.322306	      0.320193	
115.000	      0.494127	      0.320188	
115.500	      0.494127	      0.320188	
116.000	      0.745155	      0.320183	
116.500	       1.13289	      0.320177	
117.000	       1.13289	      0.320177	
117.500	       1.77853	       0.32017	
118.000	       2.97568	      0.320163	
118.500	        5.6011	      0.320155	
119.000	        5.6011	      0.320155	
119.500	       13.4161	      0.320146	
120.000	       70.7337	      0.320137	
120.500	       70.7337	      0.320137	
121.000	       725.682	      0.320127	
121.500	       70.7337	      0.320116	
122.000	       13.4161	      0.320105	
122.500	       13.4161	      0.320105	
123.000	       5.60109	      0.320093	
123.500	       2.97567	       0.32008	
124.000	       2.97567	       0.32008	
124.500	       1.77852	      0.320066	
125.000	       1.13288	      0.320052	
125.500	       1.13288	      0.320052	
126.000	      0.745148	      0.320038	
126.500	      0.494119	      0.320022	
127.000	      0.322297	      0.320006	
127.500	      0.322297	      0.320006	
128.000	      0.199535	      0.319989	
128.500	       0.10878	      0.319972	
129.000	       0.10878	      0.319972	
129.500	     0.0397964	      0.319953	
130.000	     0.0138634	      0.319935	
130.500	     0.0564249	      0.319915	
131.000	     0.0564249	      0.319915	
131.500	      0.090751	      0.319894	
132.000	      0.118838	      0.319873	
132.500	      0.118838	      0.319873	
133.000	       0.14211	      0.319851	
133.500	       0.16161	      0.319829	
134.000	       0.17811	      0.319805	
134.500	       0.17811	      0.319805	
135.000	      0.192196	      0.319781	
135.500	      0.204317	      0.319756	
136.000	      0.204317	      0.319756	
136.500	      0.214821	       0.31973	
137.000	      0.223985	      0.319703	
137.500	      0.232027	      0.319676	
138.000	      0.232027	      0.319676	
138.500	      0.239123	      0.319647	
139.000	      0.245415	      0.319618	
139.500	      0.245415	      0.319618	
140.000	      0.251021	      0.319588	
140.500	      0.256037	      0.319557	
141.000	      0.260543	      0.319525	
141.500	      0.260543	      0.319525	
142.000	      0.264605	      0.319492	
142.500	      0.268281	      0.319458	
143.000	      0.268281	      0.319458	
143.500	      0.271617	      0.319423	
144.000	      0.274655	      0.319387	
144.500	      0.277428	       0.31935	
145.000	      0.277428	       0.31935	
145.500	      0.279967	      0.319311	
146.000	      0.282297	      0.319272	
146.500	      0.282297	      0.319272	
147.000	      0.284441	      0.319232	
147.500	      0.286417	       0.31919	
148.000	      0.286417	       0.31919	
148.500	      0.288243	      0.319147	
149.000	      0.289934	      0.319104	
149.500	      0.291503	      0.319058	
150.000	      0.291503	      0.319058	
150.500	      0.292961	      0.319012	
151.000	      0.294318	      0.318964	
151.500	      0.294318	      0.318964	
152.000	      0.295584	      0.318915	
152.500	      0.296766	      0.318864	
153.000	      0.297872	      0.318812	
153.500	      0.297872	      0.318812	
154.000	      0.298908	      0.318758	
154.500	      0.299879	      0.318703	
155.000	      0.299879	      0.318703	
155.500	      0.300792	      0.318647	
156.000	      0.301651	      0.318588	
156.500	      0.302459	      0.318528	
157.000	      0.302459	      0.318528	
157.500	      0.303221	      0.318466	
158.000	       0.30394	      0.318403	
158.500	       0.30394	      0.318403	
159.000	       0.30462	      0.318337	
159.500	      0.305262	       0.31827	
160.000	      0.305871	      0.318201	
160.500	      0.305871	      0.318201	
161.000	      0.306448	      0.318129	
161.500	      0.306995	      0.318056	
162.000	      0.306995	      0.318056	
162.500	      0.307514	       0.31798	
163.000	      0.308007	      0.317902	
163.500	      0.308477	      0.317822	
164.000	      0.308477	      0.317822	
164.500	      0.308923	      0.317739	
165.000	      0.309349	      0.317653	
165.500	      0.309349	      0.317653	
166.000	      0.309754	      0.317565	
166.500	      0.310141	      0.317475	
167.000	      0.310511	      0.317381	
167.500	      0.310511	      0.317381	
168.000	      0.310864	      0.317285	
168.500	      0.311201	      0.317185	
169.000	      0.311201	      0.317185	
169.500	      0.311523	      0.317082	
170.000	      0.311832	      0.316976	
170.500	      0.311832	      0.316976	
171.000	      0.312128	      0.316867	
171.500	      0.312411	      0.316754	
172.000	      0.312683	      0.316637	
172.500	      0.312683	      0.316637	
173.000	      0.312944	      0.316516	
173.500	      0.313194	      0.316391	
174.000	      0.313194	      0.316391	
174.500	      0.313434	      0.316262	
175.000	      0.313665	      0.316129	
175.500	      0.313887	      0.315991	
176.000	      0.313887	      0.315991	
176.500	        0.3141	      0.315848	
177.000	      0.314305	        0.3157	
177.500	      0.314305	        0.3157	
178.000	      0.314503	      0.315547	
178.500	      0.314693	      0.315388	
179.000	      0.314877	      0.315224	
179.500	      0.314877	      0.315224	
180.000	      0.315054	      0.315054	
