
TracePro Release: 3 2 0 
Polar Candela Distribution Data for 
Data covers +/- 180.000 degrees from Normal
Data for Missed Rays
Data generated at 09:45:31 June 25, 2025

	   0.0	 180.0
0.000	     0.0437099	     0.0437099	
0.500	    0.00928066	      0.600377	
1.000	    0.00928066	      0.600377	
1.500	      0.022194	     0.0564819	
2.000	     0.0430686	    0.00192978	
2.500	       0.18871	      0.332976	
3.000	       0.18871	      0.332976	
3.500	      0.214064	     0.0304486	
4.000	      0.100075	      0.136864	
4.500	      0.100075	      0.136864	
5.000	      0.205009	      0.706759	
5.500	    0.00100907	      0.204202	
6.000	      0.370584	      0.176438	
6.500	      0.370584	      0.176438	
7.000	      0.420642	      0.609736	
7.500	       1.06549	      0.139825	
8.000	       1.06549	      0.139825	
8.500	      0.382367	      0.625114	
9.000	      0.664182	       0.96491	
9.500	      0.696982	       1.82251	
10.000	      0.696982	       1.82251	
10.500	      0.339967	       3.54049	
11.000	      0.615053	       22.0159	
11.500	      0.615053	       22.0159	
12.000	       0.96977	       225.066	
12.500	      0.312918	        22.048	
13.000	      0.312918	        22.048	
13.500	      0.350877	       2.39106	
14.000	      0.882265	       2.92701	
14.500	       1.20552	       2.38367	
15.000	       1.20552	       2.38367	
15.500	       1.03274	       19.0575	
16.000	      0.395207	       3.46398	
16.500	      0.395207	       3.46398	
17.000	      0.335285	       1.31259	
17.500	       0.46939	       1.05703	
18.000	       0.84882	      0.611925	
18.500	       0.84882	      0.611925	
19.000	       0.41104	       2.06672	
19.500	      0.807515	       1.87147	
20.000	      0.807515	       1.87147	
20.500	       1.77001	       2.15607	
21.000	       1.10511	       0.41531	
21.500	      0.980284	      0.334825	
22.000	      0.980284	      0.334825	
22.500	      0.239551	     0.0420193	
23.000	      0.456489	    0.00198848	
23.500	      0.456489	    0.00198848	
24.000	      0.383137	     0.0101962	
24.500	      0.149926	     0.0178298	
25.000	      0.365701	     0.0234212	
25.500	      0.365701	     0.0234212	
26.000	      0.478507	     0.0276757	
26.500	      0.635126	      0.030676	
27.000	      0.635126	      0.030676	
27.500	      0.223391	     0.0314089	
28.000	      0.593507	     0.0156142	
28.500	      0.323264	       0.27682	
29.000	      0.323264	       0.27682	
29.500	       1.73363	     0.0202998	
30.000	       1.24116	     0.0409307	
30.500	       1.24116	     0.0409307	
31.000	       2.71582	     0.0453681	
31.500	       1.78128	     0.0481575	
32.000	      0.468286	      0.050965	
32.500	      0.468286	      0.050965	
33.000	       1.84005	     0.0580224	
33.500	       3.09035	    0.00220577	
34.000	       3.09035	    0.00220577	
34.500	      0.721716	     0.0854792	
35.000	      0.166977	      0.226009	
35.500	      0.166977	      0.226009	
36.000	       3.61858	     0.0820973	
36.500	       3.27933	     0.0606589	
37.000	       1.39074	     0.0587126	
37.500	       1.39074	     0.0587126	
38.000	       2.82618	     0.0603111	
38.500	       1.77718	     0.0843231	
39.000	       1.77718	     0.0843231	
39.500	       1.75401	      0.396403	
40.000	       2.37499	      0.807114	
40.500	       1.99205	      0.109235	
41.000	       1.99205	      0.109235	
41.500	       1.04854	      0.222868	
42.000	       3.70743	      0.519572	
42.500	       3.70743	      0.519572	
43.000	       2.58227	      0.163061	
43.500	       3.11091	     0.0665091	
44.000	        2.0578	      0.365142	
44.500	        2.0578	      0.365142	
45.000	      0.419627	      0.118957	
45.500	      0.276106	     0.0812722	
46.000	      0.276106	     0.0812722	
46.500	       1.73318	     0.0341377	
47.000	       3.44987	     0.0685501	
47.500	       1.19456	     0.0503229	
48.000	       1.19456	     0.0503229	
48.500	      0.377856	      0.193338	
49.000	       1.66985	     0.0449669	
49.500	       1.66985	     0.0449669	
50.000	       2.95635	      0.105936	
50.500	      0.344293	     0.0567722	
51.000	       2.41146	      0.060938	
51.500	       2.41146	      0.060938	
52.000	       1.43463	     0.0616836	
52.500	       2.26181	     0.0619401	
53.000	       2.26181	     0.0619401	
53.500	       1.99608	     0.0618914	
54.000	        15.277	     0.0611687	
54.500	       147.375	      0.054578	
55.000	       147.375	      0.054578	
55.500	       14.6753	      0.148528	
56.000	       2.12155	     0.0548173	
56.500	       2.12155	     0.0548173	
57.000	       1.32689	     0.0616322	
57.500	      0.735968	     0.0625185	
58.000	      0.735968	     0.0625185	
58.500	      0.479671	     0.0624439	
59.000	      0.226155	     0.0587611	
59.500	       1.12181	       0.11518	
60.000	       1.12181	       0.11518	
60.500	      0.020552	     0.0599855	
61.000	       1.03205	     0.0691457	
61.500	       1.03205	     0.0691457	
62.000	      0.332126	   0.000165303	
62.500	      0.311805	     0.0700772	
63.000	      0.119483	     0.0652354	
63.500	      0.119483	     0.0652354	
64.000	      0.118344	     0.0646761	
64.500	      0.105074	     0.0645454	
65.000	      0.105074	     0.0645454	
65.500	      0.213308	      0.064522	
66.000	     0.0265178	     0.0645296	
66.500	      0.145589	     0.0645338	
67.000	      0.145589	     0.0645338	
67.500	      0.376383	     0.0644876	
68.000	      0.245375	     0.0642002	
68.500	      0.245375	     0.0642002	
69.000	     0.0876747	     0.0610532	
69.500	       0.38806	       0.11605	
70.000	        1.1724	     0.0142844	
70.500	        1.1724	     0.0142844	
71.000	      0.646789	     0.0685277	
71.500	      0.263767	     0.0654431	
72.000	      0.263767	     0.0654431	
72.500	      0.119338	     0.0651619	
73.000	      0.119698	     0.0651163	
73.500	      0.313868	     0.0651244	
74.000	      0.313868	     0.0651244	
74.500	       2.41693	     0.0651494	
75.000	        1.1214	     0.0651807	
75.500	        1.1214	     0.0651807	
76.000	       5.10956	     0.0652142	
76.500	        4.6885	     0.0652483	
77.000	       1.79547	     0.0652822	
77.500	       1.79547	     0.0652822	
78.000	       1.76652	     0.0653157	
78.500	       1.10398	     0.0653483	
79.000	       1.10398	     0.0653483	
79.500	       2.98996	     0.0653802	
80.000	       1.21289	     0.0654112	
80.500	       1.21289	     0.0654112	
81.000	       4.04706	     0.0654413	
81.500	       3.09185	     0.0654706	
82.000	       4.42809	     0.0654989	
82.500	       4.42809	     0.0654989	
83.000	        9.4753	     0.0655265	
83.500	       10.3287	     0.0655532	
84.000	       10.3287	     0.0655532	
84.500	       13.0229	     0.0655792	
85.000	       60.3353	     0.0656043	
85.500	       23.1302	     0.0656288	
86.000	       23.1302	     0.0656288	
86.500	       16.3683	     0.0656525	
87.000	       15.5797	     0.0656755	
87.500	       15.5797	     0.0656755	
88.000	       6.32197	     0.0656978	
88.500	       11.3973	     0.0657195	
89.000	       67.1318	     0.0657406	
89.500	       67.1318	     0.0657406	
90.000	        9.6323	     0.0657611	
90.500	       2.13775	      0.065781	
91.000	       2.13775	      0.065781	
91.500	       2.36335	     0.0658003	
92.000	        1.1846	     0.0658191	
92.500	      0.530645	     0.0658374	
93.000	      0.530645	     0.0658374	
93.500	      0.332169	     0.0658552	
94.000	      0.375676	     0.0658724	
94.500	      0.375676	     0.0658724	
95.000	       0.30389	     0.0658892	
95.500	      0.363474	     0.0659056	
96.000	      0.237017	     0.0659215	
96.500	      0.237017	     0.0659215	
97.000	      0.113765	      0.065937	
97.500	      0.255534	      0.065952	
98.000	      0.255534	      0.065952	
98.500	     0.0111877	     0.0659667	
99.000	     0.0327955	      0.065981	
99.500	     0.0388148	     0.0659949	
100.000	     0.0388148	     0.0659949	
100.500	     0.0426828	     0.0660084	
101.000	     0.0456306	     0.0660216	
101.500	     0.0456306	     0.0660216	
102.000	     0.0480146	     0.0660344	
102.500	     0.0499985	     0.0660469	
103.000	     0.0499985	     0.0660469	
103.500	      0.051678	     0.0660591	
104.000	     0.0531172	     0.0660709	
104.500	      0.054362	     0.0660825	
105.000	      0.054362	     0.0660825	
105.500	      0.055447	     0.0660938	
106.000	     0.0563989	     0.0661048	
106.500	     0.0563989	     0.0661048	
107.000	     0.0572387	     0.0661155	
107.500	     0.0579836	     0.0661259	
108.000	     0.0586473	     0.0661361	
108.500	     0.0586473	     0.0661361	
109.000	      0.059241	      0.066146	
109.500	     0.0597744	     0.0661557	
110.000	     0.0597744	     0.0661557	
110.500	     0.0602551	     0.0661651	
111.000	     0.0606898	     0.0661743	
111.500	     0.0610841	     0.0661832	
112.000	     0.0610841	     0.0661832	
112.500	     0.0614428	      0.066192	
113.000	       0.06177	     0.0662005	
113.500	       0.06177	     0.0662005	
114.000	     0.0620691	     0.0662088	
114.500	     0.0623434	     0.0662169	
115.000	     0.0625952	     0.0662248	
115.500	     0.0625952	     0.0662248	
116.000	     0.0628271	     0.0662325	
116.500	      0.063041	       0.06624	
117.000	      0.063041	       0.06624	
117.500	     0.0632386	     0.0662474	
118.000	     0.0634216	     0.0662545	
118.500	     0.0635913	     0.0662615	
119.000	     0.0635913	     0.0662615	
119.500	     0.0637489	     0.0662683	
120.000	     0.0638955	     0.0662749	
120.500	     0.0638955	     0.0662749	
121.000	     0.0640321	     0.0662813	
121.500	     0.0641595	     0.0662876	
122.000	     0.0642786	     0.0662938	
122.500	     0.0642786	     0.0662938	
123.000	       0.06439	     0.0662997	
123.500	     0.0644943	     0.0663056	
124.000	     0.0644943	     0.0663056	
124.500	     0.0645922	     0.0663112	
125.000	      0.064684	     0.0663168	
125.500	      0.064684	     0.0663168	
126.000	     0.0647704	     0.0663222	
126.500	     0.0648516	     0.0663274	
127.000	     0.0649281	     0.0663325	
127.500	     0.0649281	     0.0663325	
128.000	     0.0650002	     0.0663375	
128.500	     0.0650683	     0.0663423	
129.000	     0.0650683	     0.0663423	
129.500	     0.0651325	     0.0663471	
130.000	     0.0651933	     0.0663516	
130.500	     0.0652508	     0.0663561	
131.000	     0.0652508	     0.0663561	
131.500	     0.0653052	     0.0663604	
132.000	     0.0653568	     0.0663647	
132.500	     0.0653568	     0.0663647	
133.000	     0.0654058	     0.0663688	
133.500	     0.0654522	     0.0663727	
134.000	     0.0654963	     0.0663766	
134.500	     0.0654963	     0.0663766	
135.000	     0.0655382	     0.0663804	
135.500	     0.0655781	      0.066384	
136.000	     0.0655781	      0.066384	
136.500	      0.065616	     0.0663875	
137.000	     0.0656521	      0.066391	
137.500	     0.0656865	     0.0663943	
138.000	     0.0656865	     0.0663943	
138.500	     0.0657194	     0.0663975	
139.000	     0.0657507	     0.0664006	
139.500	     0.0657507	     0.0664006	
140.000	     0.0657805	     0.0664036	
140.500	      0.065809	     0.0664065	
141.000	     0.0658363	     0.0664093	
141.500	     0.0658363	     0.0664093	
142.000	     0.0658623	      0.066412	
142.500	     0.0658873	     0.0664146	
143.000	     0.0658873	     0.0664146	
143.500	     0.0659111	     0.0664171	
144.000	     0.0659339	     0.0664195	
144.500	     0.0659557	     0.0664218	
145.000	     0.0659557	     0.0664218	
145.500	     0.0659767	     0.0664241	
146.000	     0.0659967	     0.0664262	
146.500	     0.0659967	     0.0664262	
147.000	     0.0660159	     0.0664282	
147.500	     0.0660344	     0.0664302	
148.000	     0.0660344	     0.0664302	
148.500	      0.066052	      0.066432	
149.000	      0.066069	     0.0664338	
149.500	     0.0660853	     0.0664354	
150.000	     0.0660853	     0.0664354	
150.500	     0.0661009	      0.066437	
151.000	     0.0661159	     0.0664385	
151.500	     0.0661159	     0.0664385	
152.000	     0.0661304	     0.0664399	
152.500	     0.0661442	     0.0664412	
153.000	     0.0661576	     0.0664424	
153.500	     0.0661576	     0.0664424	
154.000	     0.0661704	     0.0664435	
154.500	     0.0661827	     0.0664445	
155.000	     0.0661827	     0.0664445	
155.500	     0.0661945	     0.0664455	
156.000	     0.0662059	     0.0664463	
156.500	     0.0662169	     0.0664471	
157.000	     0.0662169	     0.0664471	
157.500	     0.0662275	     0.0664477	
158.000	     0.0662376	     0.0664483	
158.500	     0.0662376	     0.0664483	
159.000	     0.0662474	     0.0664488	
159.500	     0.0662568	     0.0664492	
160.000	     0.0662658	     0.0664495	
160.500	     0.0662658	     0.0664495	
161.000	     0.0662745	     0.0664497	
161.500	     0.0662829	     0.0664499	
162.000	     0.0662829	     0.0664499	
162.500	      0.066291	     0.0664499	
163.000	     0.0662988	     0.0664498	
163.500	     0.0663063	     0.0664497	
164.000	     0.0663063	     0.0664497	
164.500	     0.0663135	     0.0664494	
165.000	     0.0663204	      0.066449	
165.500	     0.0663204	      0.066449	
166.000	     0.0663271	     0.0664486	
166.500	     0.0663335	      0.066448	
167.000	     0.0663396	     0.0664474	
167.500	     0.0663396	     0.0664474	
168.000	     0.0663456	     0.0664466	
168.500	     0.0663513	     0.0664458	
169.000	     0.0663513	     0.0664458	
169.500	     0.0663568	     0.0664448	
170.000	     0.0663621	     0.0664438	
170.500	     0.0663621	     0.0664438	
171.000	     0.0663671	     0.0664426	
171.500	      0.066372	     0.0664413	
172.000	     0.0663767	       0.06644	
172.500	     0.0663767	       0.06644	
173.000	     0.0663812	     0.0664385	
173.500	     0.0663855	     0.0664369	
174.000	     0.0663855	     0.0664369	
174.500	     0.0663896	     0.0664351	
175.000	     0.0663936	     0.0664333	
175.500	     0.0663974	     0.0664313	
176.000	     0.0663974	     0.0664313	
176.500	      0.066401	     0.0664292	
177.000	     0.0664045	      0.066427	
177.500	     0.0664045	      0.066427	
178.000	     0.0664078	     0.0664247	
178.500	      0.066411	     0.0664222	
179.000	      0.066414	     0.0664196	
179.500	      0.066414	     0.0664196	
180.000	     0.0664169	     0.0664169	
