
TracePro Release: 3 2 0 
Polar Candela Distribution Data for 
Data covers +/- 180.000 degrees from Normal
Data for Missed Rays
Data generated at 09:45:28 June 25, 2025

	   0.0	 180.0
0.000	      0.253187	      0.253187	
0.500	      0.253156	      0.253218	
1.000	      0.253156	      0.253218	
1.500	      0.253123	      0.253249	
2.000	       0.25309	      0.253278	
2.500	      0.253056	      0.253307	
3.000	      0.253056	      0.253307	
3.500	      0.253021	      0.253336	
4.000	      0.252985	      0.253364	
4.500	      0.252985	      0.253364	
5.000	      0.252949	      0.253391	
5.500	      0.252911	      0.253417	
6.000	      0.252873	      0.253443	
6.500	      0.252873	      0.253443	
7.000	      0.252834	      0.253468	
7.500	      0.252794	      0.253493	
8.000	      0.252794	      0.253493	
8.500	      0.252752	      0.253518	
9.000	       0.25271	      0.253541	
9.500	      0.252667	      0.253565	
10.000	      0.252667	      0.253565	
10.500	      0.252623	      0.253587	
11.000	      0.252577	       0.25361	
11.500	      0.252577	       0.25361	
12.000	      0.252531	      0.253631	
12.500	      0.252483	      0.253653	
13.000	      0.252483	      0.253653	
13.500	      0.252434	      0.253673	
14.000	      0.252384	      0.253694	
14.500	      0.252332	      0.253714	
15.000	      0.252332	      0.253714	
15.500	      0.252279	      0.253733	
16.000	      0.252225	      0.253753	
16.500	      0.252225	      0.253753	
17.000	      0.252169	      0.253771	
17.500	      0.252111	       0.25379	
18.000	      0.252053	      0.253808	
18.500	      0.252053	      0.253808	
19.000	      0.251992	      0.253825	
19.500	       0.25193	      0.253842	
20.000	       0.25193	      0.253842	
20.500	      0.251866	      0.253859	
21.000	      0.251801	      0.253876	
21.500	      0.251733	      0.253892	
22.000	      0.251733	      0.253892	
22.500	      0.251664	      0.253908	
23.000	      0.251592	      0.253923	
23.500	      0.251592	      0.253923	
24.000	      0.251519	      0.253938	
24.500	      0.251443	      0.253953	
25.000	      0.251366	      0.253968	
25.500	      0.251366	      0.253968	
26.000	      0.251285	      0.253982	
26.500	      0.251203	      0.253996	
27.000	      0.251203	      0.253996	
27.500	      0.251118	      0.254009	
28.000	       0.25103	      0.254023	
28.500	       0.25094	      0.254036	
29.000	       0.25094	      0.254036	
29.500	      0.250847	      0.254048	
30.000	      0.250751	      0.254061	
30.500	      0.250751	      0.254061	
31.000	      0.250652	      0.254073	
31.500	      0.250549	      0.254085	
32.000	      0.250444	      0.254097	
32.500	      0.250444	      0.254097	
33.000	      0.250335	      0.254108	
33.500	      0.250222	      0.254119	
34.000	      0.250222	      0.254119	
34.500	      0.250106	       0.25413	
35.000	      0.249985	      0.254141	
35.500	      0.249985	      0.254141	
36.000	      0.249861	      0.254151	
36.500	      0.249732	      0.254162	
37.000	      0.249598	      0.254172	
37.500	      0.249598	      0.254172	
38.000	       0.24946	      0.254181	
38.500	      0.249317	      0.254191	
39.000	      0.249317	      0.254191	
39.500	      0.249169	        0.2542	
40.000	      0.249015	      0.254209	
40.500	      0.248855	      0.254218	
41.000	      0.248855	      0.254218	
41.500	       0.24869	      0.254227	
42.000	      0.248518	      0.254236	
42.500	      0.248518	      0.254236	
43.000	      0.248339	      0.254244	
43.500	      0.248153	      0.254252	
44.000	       0.24796	       0.25426	
44.500	       0.24796	       0.25426	
45.000	      0.247759	      0.254267	
45.500	      0.247549	      0.254275	
46.000	      0.247549	      0.254275	
46.500	      0.247331	      0.254282	
47.000	      0.247103	      0.254289	
47.500	      0.246866	      0.254296	
48.000	      0.246866	      0.254296	
48.500	      0.246618	      0.254303	
49.000	      0.246358	       0.25431	
49.500	      0.246358	       0.25431	
50.000	      0.246087	      0.254316	
50.500	      0.245803	      0.254322	
51.000	      0.245505	      0.254328	
51.500	      0.245505	      0.254328	
52.000	      0.245193	      0.254334	
52.500	      0.244865	       0.25434	
53.000	      0.244865	       0.25434	
53.500	       0.24452	      0.254346	
54.000	      0.244156	      0.254351	
54.500	      0.243773	      0.254356	
55.000	      0.243773	      0.254356	
55.500	      0.243369	      0.254361	
56.000	      0.242941	      0.254366	
56.500	      0.242941	      0.254366	
57.000	      0.242487	      0.254371	
57.500	      0.242005	      0.254376	
58.000	      0.242005	      0.254376	
58.500	      0.241491	       0.25438	
59.000	      0.240942	      0.254384	
59.500	      0.240354	      0.254388	
60.000	      0.240354	      0.254388	
60.500	      0.239721	      0.254392	
61.000	      0.239036	      0.254396	
61.500	      0.239036	      0.254396	
62.000	       0.23829	        0.2544	
62.500	      0.237473	      0.254403	
63.000	       0.23657	      0.254407	
63.500	       0.23657	      0.254407	
64.000	      0.235561	       0.25441	
64.500	      0.234417	      0.254413	
65.000	      0.234417	      0.254413	
65.500	      0.233098	      0.254416	
66.000	      0.231541	      0.254419	
66.500	      0.229648	      0.254422	
67.000	      0.229648	      0.254422	
67.500	      0.227255	      0.254424	
68.000	      0.224073	      0.254427	
68.500	      0.224073	      0.254427	
69.000	      0.219542	      0.254429	
69.500	      0.212476	      0.254431	
70.000	      0.199955	      0.254433	
70.500	      0.199955	      0.254433	
71.000	      0.173102	      0.254435	
71.500	     0.0927726	      0.254437	
72.000	     0.0927726	      0.254437	
72.500	      0.526329	      0.254438	
73.000	       8.83303	       0.25444	
73.500	       6.26542	      0.254441	
74.000	       6.26542	      0.254441	
74.500	       10.4183	      0.254442	
75.000	       10.2699	      0.254443	
75.500	       10.2699	      0.254443	
76.000	       9.23167	      0.254444	
76.500	       10.8405	      0.254445	
77.000	       8.23937	      0.254445	
77.500	       8.23937	      0.254445	
78.000	         7.338	      0.254446	
78.500	       7.15851	      0.254446	
79.000	       7.15851	      0.254446	
79.500	       7.04551	      0.254446	
80.000	       3.58324	      0.254447	
80.500	       3.58324	      0.254447	
81.000	       4.42252	      0.254447	
81.500	       5.08307	      0.254446	
82.000	       5.62556	      0.254446	
82.500	       5.62556	      0.254446	
83.000	       6.52453	      0.254446	
83.500	       2.03629	      0.254445	
84.000	       2.03629	      0.254445	
84.500	        1.2166	      0.254444	
85.000	         2.926	      0.254444	
85.500	       6.33185	      0.254443	
86.000	       6.33185	      0.254443	
86.500	       3.12768	      0.254441	
87.000	       3.86672	       0.25444	
87.500	       3.86672	       0.25444	
88.000	       3.60135	      0.254439	
88.500	       2.40534	      0.254437	
89.000	       5.25516	      0.254436	
89.500	       5.25516	      0.254436	
90.000	       3.01598	      0.254434	
90.500	       2.28008	      0.254432	
91.000	       2.28008	      0.254432	
91.500	       5.17064	       0.25443	
92.000	       3.41422	      0.254428	
92.500	       4.17266	      0.254425	
93.000	       4.17266	      0.254425	
93.500	       2.53157	      0.254423	
94.000	       2.29149	       0.25442	
94.500	       2.29149	       0.25442	
95.000	        3.4327	      0.254418	
95.500	     0.0998396	      0.254415	
96.000	       3.42353	      0.254412	
96.500	       3.42353	      0.254412	
97.000	      0.761733	      0.254409	
97.500	       6.80722	      0.254405	
98.000	       6.80722	      0.254405	
98.500	       10.7818	      0.254402	
99.000	       66.5788	      0.254398	
99.500	        649.55	      0.254394	
100.000	        649.55	      0.254394	
100.500	       63.2614	      0.254391	
101.000	        12.012	      0.254386	
101.500	        12.012	      0.254386	
102.000	       5.03092	      0.254382	
102.500	       2.68699	      0.254378	
103.000	       2.68699	      0.254378	
103.500	       1.61859	      0.254373	
104.000	       1.04254	      0.254369	
104.500	      0.696661	      0.254364	
105.000	      0.696661	      0.254364	
105.500	      0.472759	      0.254359	
106.000	      0.319519	      0.254354	
106.500	      0.319519	      0.254354	
107.000	      0.210039	      0.254348	
107.500	      0.129107	      0.254343	
108.000	     0.0675903	      0.254337	
108.500	     0.0675903	      0.254337	
109.000	      0.019739	      0.254332	
109.500	     0.0182157	      0.254326	
110.000	     0.0182157	      0.254326	
110.500	     0.0488269	      0.254319	
111.000	     0.0738745	      0.254313	
111.500	     0.0946298	      0.254307	
112.000	     0.0946298	      0.254307	
112.500	      0.112021	        0.2543	
113.000	      0.126737	      0.254293	
113.500	      0.126737	      0.254293	
114.000	      0.139301	      0.254286	
114.500	      0.150112	      0.254279	
115.000	      0.159482	      0.254271	
115.500	      0.159482	      0.254271	
116.000	      0.167657	      0.254264	
116.500	      0.174831	      0.254256	
117.000	      0.174831	      0.254256	
117.500	      0.181161	      0.254248	
118.000	      0.186775	       0.25424	
118.500	      0.191777	      0.254232	
119.000	      0.191777	      0.254232	
119.500	      0.196253	      0.254223	
120.000	      0.200274	      0.254214	
120.500	      0.200274	      0.254214	
121.000	      0.203899	      0.254205	
121.500	      0.207179	      0.254196	
122.000	      0.210157	      0.254186	
122.500	      0.210157	      0.254186	
123.000	      0.212868	      0.254177	
123.500	      0.215343	      0.254167	
124.000	      0.215343	      0.254167	
124.500	       0.21761	      0.254157	
125.000	       0.21969	      0.254147	
125.500	       0.21969	      0.254147	
126.000	      0.221604	      0.254136	
126.500	      0.223368	      0.254125	
127.000	      0.224999	      0.254114	
127.500	      0.224999	      0.254114	
128.000	      0.226509	      0.254103	
128.500	       0.22791	      0.254091	
129.000	       0.22791	      0.254091	
129.500	      0.229212	      0.254079	
130.000	      0.230424	      0.254067	
130.500	      0.231555	      0.254055	
131.000	      0.231555	      0.254055	
131.500	      0.232611	      0.254042	
132.000	      0.233599	       0.25403	
132.500	      0.233599	       0.25403	
133.000	      0.234524	      0.254016	
133.500	      0.235392	      0.254003	
134.000	      0.236208	      0.253989	
134.500	      0.236208	      0.253989	
135.000	      0.236975	      0.253975	
135.500	      0.237698	      0.253961	
136.000	      0.237698	      0.253961	
136.500	      0.238379	      0.253946	
137.000	      0.239022	      0.253931	
137.500	      0.239629	      0.253916	
138.000	      0.239629	      0.253916	
138.500	      0.240204	        0.2539	
139.000	      0.240748	      0.253884	
139.500	      0.240748	      0.253884	
140.000	      0.241264	      0.253868	
140.500	      0.241753	      0.253852	
141.000	      0.242218	      0.253835	
141.500	      0.242218	      0.253835	
142.000	      0.242659	      0.253817	
142.500	      0.243079	      0.253799	
143.000	      0.243079	      0.253799	
143.500	      0.243479	      0.253781	
144.000	       0.24386	      0.253763	
144.500	      0.244223	      0.253744	
145.000	      0.244223	      0.253744	
145.500	       0.24457	      0.253725	
146.000	      0.244901	      0.253705	
146.500	      0.244901	      0.253705	
147.000	      0.245217	      0.253685	
147.500	      0.245519	      0.253664	
148.000	      0.245519	      0.253664	
148.500	      0.245808	      0.253643	
149.000	      0.246085	      0.253622	
149.500	       0.24635	        0.2536	
150.000	       0.24635	        0.2536	
150.500	      0.246604	      0.253577	
151.000	      0.246848	      0.253554	
151.500	      0.246848	      0.253554	
152.000	      0.247082	      0.253531	
152.500	      0.247307	      0.253507	
153.000	      0.247522	      0.253482	
153.500	      0.247522	      0.253482	
154.000	       0.24773	      0.253457	
154.500	      0.247929	      0.253432	
155.000	      0.247929	      0.253432	
155.500	      0.248121	      0.253405	
156.000	      0.248306	      0.253379	
156.500	      0.248484	      0.253351	
157.000	      0.248484	      0.253351	
157.500	      0.248655	      0.253323	
158.000	       0.24882	      0.253295	
158.500	       0.24882	      0.253295	
159.000	      0.248979	      0.253265	
159.500	      0.249133	      0.253236	
160.000	      0.249281	      0.253205	
160.500	      0.249281	      0.253205	
161.000	      0.249424	      0.253174	
161.500	      0.249563	      0.253142	
162.000	      0.249563	      0.253142	
162.500	      0.249696	      0.253109	
163.000	      0.249825	      0.253075	
163.500	       0.24995	      0.253041	
164.000	       0.24995	      0.253041	
164.500	      0.250071	      0.253006	
165.000	      0.250188	       0.25297	
165.500	      0.250188	       0.25297	
166.000	      0.250301	      0.252933	
166.500	      0.250411	      0.252895	
167.000	      0.250517	      0.252857	
167.500	      0.250517	      0.252857	
168.000	      0.250619	      0.252817	
168.500	      0.250719	      0.252776	
169.000	      0.250719	      0.252776	
169.500	      0.250815	      0.252735	
170.000	      0.250909	      0.252692	
170.500	      0.250909	      0.252692	
171.000	         0.251	      0.252649	
171.500	      0.251088	      0.252604	
172.000	      0.251174	      0.252558	
172.500	      0.251174	      0.252558	
173.000	      0.251257	      0.252511	
173.500	      0.251337	      0.252463	
174.000	      0.251337	      0.252463	
174.500	      0.251416	      0.252414	
175.000	      0.251492	      0.252363	
175.500	      0.251566	      0.252311	
176.000	      0.251566	      0.252311	
176.500	      0.251638	      0.252257	
177.000	      0.251707	      0.252203	
177.500	      0.251707	      0.252203	
178.000	      0.251775	      0.252146	
178.500	      0.251842	      0.252089	
179.000	      0.251906	      0.252029	
179.500	      0.251906	      0.252029	
180.000	      0.251968	      0.251968	
