
TracePro Release: 3 2 0 
Polar Candela Distribution Data for 
Data covers +/- 180.000 degrees from Normal
Data for Missed Rays
Data generated at 15:07:18 June 22, 2025

	   0.0	 180.0
0.000	      0.193655	      0.193655	
0.500	      0.195274	      0.192179	
1.000	      0.195274	      0.192179	
1.500	      0.197091	      0.190799	
2.000	      0.199172	      0.189473	
2.500	      0.201597	      0.188163	
3.000	      0.201597	      0.188163	
3.500	      0.204473	      0.186828	
4.000	      0.207936	      0.185426	
4.500	      0.207936	      0.185426	
5.000	      0.212169	       0.18391	
5.500	      0.217424	      0.182226	
6.000	       0.22405	      0.180302	
6.500	       0.22405	      0.180302	
7.000	      0.232554	      0.178051	
7.500	       0.24368	      0.175354	
8.000	       0.24368	      0.175354	
8.500	      0.258568	      0.172047	
9.000	      0.279034	      0.167896	
9.500	      0.308102	      0.162556	
10.000	      0.308102	      0.162556	
10.500	      0.351132	      0.155502	
11.000	      0.418354	      0.145897	
11.500	      0.418354	      0.145897	
12.000	      0.531348	       0.13234	
12.500	      0.742423	      0.112349	
13.000	      0.742423	      0.112349	
13.500	       1.20784	     0.0811722	
14.000	       2.59808	     0.0287621	
14.500	        12.813	     0.0692779	
15.000	        12.813	     0.0692779	
15.500	       129.173	      0.285929	
16.000	       12.8035	      0.934614	
16.500	       12.8035	      0.934614	
17.000	       2.57709	       5.70964	
17.500	       1.16655	       60.6964	
18.000	       0.58837	       5.69729	
18.500	       0.58837	       5.69729	
19.000	       1.99391	      0.907936	
19.500	       0.48836	      0.240116	
20.000	       0.48836	      0.240116	
20.500	      0.341013	     0.0058204	
21.000	      0.246167	      0.155768	
21.500	      0.203344	       0.31955	
22.000	      0.203344	       0.31955	
22.500	      0.170356	      0.679214	
23.000	      0.142412	        3.1015	
23.500	      0.142412	        3.1015	
24.000	      0.119977	       30.2545	
24.500	      0.143628	       3.12349	
25.000	      0.776449	      0.713181	
25.500	      0.776449	      0.713181	
26.000	      0.855111	      0.641401	
26.500	     0.0689484	      0.182646	
27.000	     0.0689484	      0.182646	
27.500	    0.00534476	      0.264887	
28.000	       0.89732	       0.23512	
28.500	      0.136638	      0.221052	
29.000	      0.136638	      0.221052	
29.500	      0.300141	      0.212906	
30.000	      0.452093	       0.21149	
30.500	      0.452093	       0.21149	
31.000	      0.663843	      0.136238	
31.500	      0.986805	      0.263977	
32.000	         1.522	      0.189324	
32.500	         1.522	      0.189324	
33.000	        2.5122	      0.246545	
33.500	       4.68157	      0.191391	
34.000	       4.68157	      0.191391	
34.500	       11.1363	      0.194704	
35.000	       58.4693	      0.194737	
35.500	       58.4693	      0.194737	
36.000	       599.199	      0.194524	
36.500	       58.4709	      0.194303	
37.000	       11.1396	      0.194116	
37.500	       11.1396	      0.194116	
38.000	       4.68665	      0.193966	
38.500	       2.51918	       0.19385	
39.000	       2.51918	       0.19385	
39.500	        1.5311	      0.193763	
40.000	      0.998397	      0.193698	
40.500	      0.678632	      0.193653	
41.000	      0.678632	      0.193653	
41.500	      0.471722	      0.193623	
42.000	      0.330189	      0.193605	
42.500	      0.330189	      0.193605	
43.000	       0.22914	      0.193597	
43.500	      0.154497	      0.193597	
44.000	     0.0978103	      0.193603	
44.500	     0.0978103	      0.193603	
45.000	     0.0537571	      0.193614	
45.500	     0.0188503	       0.19363	
46.000	     0.0188503	       0.19363	
46.500	    0.00927258	      0.193648	
47.000	     0.0322581	       0.19367	
47.500	     0.0512824	      0.193693	
48.000	     0.0512824	      0.193693	
48.500	     0.0672034	      0.193718	
49.000	     0.0806591	      0.193744	
49.500	     0.0806591	      0.193744	
50.000	     0.0921318	      0.193771	
50.500	      0.101991	      0.193798	
51.000	      0.110525	      0.193826	
51.500	      0.110525	      0.193826	
52.000	      0.117961	      0.193854	
52.500	      0.124477	      0.193883	
53.000	      0.124477	      0.193883	
53.500	      0.130219	      0.193911	
54.000	      0.135304	      0.193939	
54.500	      0.139828	      0.193968	
55.000	      0.139828	      0.193968	
55.500	      0.143871	      0.193995	
56.000	      0.147498	      0.194023	
56.500	      0.147498	      0.194023	
57.000	      0.150764	       0.19405	
57.500	      0.153714	      0.194077	
58.000	      0.153714	      0.194077	
58.500	      0.156389	      0.194104	
59.000	      0.158821	       0.19413	
59.500	      0.161039	      0.194155	
60.000	      0.161039	      0.194155	
60.500	      0.163066	      0.194181	
61.000	      0.164925	      0.194205	
61.500	      0.164925	      0.194205	
62.000	      0.166632	       0.19423	
62.500	      0.168204	      0.194254	
63.000	      0.169655	      0.194277	
63.500	      0.169655	      0.194277	
64.000	      0.170997	        0.1943	
64.500	      0.172241	      0.194322	
65.000	      0.172241	      0.194322	
65.500	      0.173395	      0.194345	
66.000	      0.174468	      0.194366	
66.500	      0.175467	      0.194387	
67.000	      0.175467	      0.194387	
67.500	        0.1764	      0.194408	
68.000	      0.177271	      0.194428	
68.500	      0.177271	      0.194428	
69.000	      0.178086	      0.194448	
69.500	       0.17885	      0.194468	
70.000	      0.179567	      0.194487	
70.500	      0.179567	      0.194487	
71.000	       0.18024	      0.194506	
71.500	      0.180873	      0.194524	
72.000	      0.180873	      0.194524	
72.500	       0.18147	      0.194542	
73.000	      0.182032	      0.194559	
73.500	      0.182563	      0.194576	
74.000	      0.182563	      0.194576	
74.500	      0.183065	      0.194593	
75.000	      0.183539	       0.19461	
75.500	      0.183539	       0.19461	
76.000	      0.183988	      0.194626	
76.500	      0.184414	      0.194642	
77.000	      0.184818	      0.194657	
77.500	      0.184818	      0.194657	
78.000	      0.185201	      0.194672	
78.500	      0.185565	      0.194687	
79.000	      0.185565	      0.194687	
79.500	      0.185911	      0.194701	
80.000	      0.186241	      0.194715	
80.500	      0.186241	      0.194715	
81.000	      0.186555	      0.194729	
81.500	      0.186854	      0.194743	
82.000	       0.18714	      0.194756	
82.500	       0.18714	      0.194756	
83.000	      0.187412	      0.194769	
83.500	      0.187673	      0.194782	
84.000	      0.187673	      0.194782	
84.500	      0.187921	      0.194794	
85.000	      0.188159	      0.194806	
85.500	      0.188387	      0.194818	
86.000	      0.188387	      0.194818	
86.500	      0.188605	       0.19483	
87.000	      0.188814	      0.194841	
87.500	      0.188814	      0.194841	
88.000	      0.189015	      0.194852	
88.500	      0.189207	      0.194863	
89.000	      0.189392	      0.194874	
89.500	      0.189392	      0.194874	
90.000	      0.189569	      0.194885	
90.500	      0.189739	      0.194895	
91.000	      0.189739	      0.194895	
91.500	      0.189903	      0.194905	
92.000	       0.19006	      0.194915	
92.500	      0.190212	      0.194924	
93.000	      0.190212	      0.194924	
93.500	      0.190358	      0.194933	
94.000	      0.190498	      0.194943	
94.500	      0.190498	      0.194943	
95.000	      0.190634	      0.194952	
95.500	      0.190764	       0.19496	
96.000	       0.19089	      0.194969	
96.500	       0.19089	      0.194969	
97.000	      0.191011	      0.194977	
97.500	      0.191128	      0.194985	
98.000	      0.191128	      0.194985	
98.500	      0.191242	      0.194993	
99.000	      0.191351	      0.195001	
99.500	      0.191457	      0.195009	
100.000	      0.191457	      0.195009	
100.500	      0.191559	      0.195016	
101.000	      0.191657	      0.195024	
101.500	      0.191657	      0.195024	
102.000	      0.191753	      0.195031	
102.500	      0.191845	      0.195038	
103.000	      0.191845	      0.195038	
103.500	      0.191935	      0.195044	
104.000	      0.192021	      0.195051	
104.500	      0.192105	      0.195058	
105.000	      0.192105	      0.195058	
105.500	      0.192186	      0.195064	
106.000	      0.192265	       0.19507	
106.500	      0.192265	       0.19507	
107.000	      0.192341	      0.195076	
107.500	      0.192415	      0.195082	
108.000	      0.192487	      0.195088	
108.500	      0.192487	      0.195088	
109.000	      0.192557	      0.195093	
109.500	      0.192625	      0.195099	
110.000	      0.192625	      0.195099	
110.500	       0.19269	      0.195104	
111.000	      0.192754	      0.195109	
111.500	      0.192816	      0.195114	
112.000	      0.192816	      0.195114	
112.500	      0.192876	      0.195119	
113.000	      0.192935	      0.195123	
113.500	      0.192935	      0.195123	
114.000	      0.192991	      0.195128	
114.500	      0.193047	      0.195132	
115.000	        0.1931	      0.195137	
115.500	        0.1931	      0.195137	
116.000	      0.193153	      0.195141	
116.500	      0.193204	      0.195145	
117.000	      0.193204	      0.195145	
117.500	      0.193253	      0.195149	
118.000	      0.193301	      0.195153	
118.500	      0.193348	      0.195156	
119.000	      0.193348	      0.195156	
119.500	      0.193394	       0.19516	
120.000	      0.193438	      0.195163	
120.500	      0.193438	      0.195163	
121.000	      0.193481	      0.195167	
121.500	      0.193524	       0.19517	
122.000	      0.193565	      0.195173	
122.500	      0.193565	      0.195173	
123.000	      0.193605	      0.195176	
123.500	      0.193644	      0.195179	
124.000	      0.193644	      0.195179	
124.500	      0.193682	      0.195182	
125.000	      0.193719	      0.195184	
125.500	      0.193719	      0.195184	
126.000	      0.193755	      0.195187	
126.500	      0.193791	      0.195189	
127.000	      0.193825	      0.195191	
127.500	      0.193825	      0.195191	
128.000	      0.193859	      0.195194	
128.500	      0.193892	      0.195196	
129.000	      0.193892	      0.195196	
129.500	      0.193924	      0.195198	
130.000	      0.193955	        0.1952	
130.500	      0.193985	      0.195201	
131.000	      0.193985	      0.195201	
131.500	      0.194015	      0.195203	
132.000	      0.194044	      0.195204	
132.500	      0.194044	      0.195204	
133.000	      0.194073	      0.195206	
133.500	        0.1941	      0.195207	
134.000	      0.194128	      0.195208	
134.500	      0.194128	      0.195208	
135.000	      0.194154	      0.195209	
135.500	       0.19418	       0.19521	
136.000	       0.19418	       0.19521	
136.500	      0.194205	      0.195211	
137.000	       0.19423	      0.195212	
137.500	      0.194254	      0.195213	
138.000	      0.194254	      0.195213	
138.500	      0.194278	      0.195213	
139.000	      0.194301	      0.195214	
139.500	      0.194301	      0.195214	
140.000	      0.194324	      0.195214	
140.500	      0.194346	      0.195215	
141.000	      0.194367	      0.195215	
141.500	      0.194367	      0.195215	
142.000	      0.194388	      0.195215	
142.500	      0.194409	      0.195215	
143.000	      0.194409	      0.195215	
143.500	      0.194429	      0.195215	
144.000	      0.194449	      0.195214	
144.500	      0.194468	      0.195214	
145.000	      0.194468	      0.195214	
145.500	      0.194487	      0.195214	
146.000	      0.194506	      0.195213	
146.500	      0.194506	      0.195213	
147.000	      0.194524	      0.195212	
147.500	      0.194542	      0.195212	
148.000	      0.194542	      0.195212	
148.500	      0.194559	      0.195211	
149.000	      0.194576	       0.19521	
149.500	      0.194593	      0.195209	
150.000	      0.194593	      0.195209	
150.500	      0.194609	      0.195207	
151.000	      0.194625	      0.195206	
151.500	      0.194625	      0.195206	
152.000	       0.19464	      0.195205	
152.500	      0.194656	      0.195203	
153.000	       0.19467	      0.195202	
153.500	       0.19467	      0.195202	
154.000	      0.194685	        0.1952	
154.500	      0.194699	      0.195198	
155.000	      0.194699	      0.195198	
155.500	      0.194713	      0.195196	
156.000	      0.194727	      0.195194	
156.500	      0.194741	      0.195192	
157.000	      0.194741	      0.195192	
157.500	      0.194754	       0.19519	
158.000	      0.194767	      0.195188	
158.500	      0.194767	      0.195188	
159.000	      0.194779	      0.195185	
159.500	      0.194792	      0.195182	
160.000	      0.194804	       0.19518	
160.500	      0.194804	       0.19518	
161.000	      0.194815	      0.195177	
161.500	      0.194827	      0.195174	
162.000	      0.194827	      0.195174	
162.500	      0.194838	      0.195171	
163.000	      0.194849	      0.195168	
163.500	       0.19486	      0.195165	
164.000	       0.19486	      0.195165	
164.500	      0.194871	      0.195161	
165.000	      0.194881	      0.195158	
165.500	      0.194881	      0.195158	
166.000	      0.194891	      0.195154	
166.500	      0.194901	       0.19515	
167.000	      0.194911	      0.195146	
167.500	      0.194911	      0.195146	
168.000	      0.194921	      0.195142	
168.500	       0.19493	      0.195138	
169.000	       0.19493	      0.195138	
169.500	      0.194939	      0.195134	
170.000	      0.194948	       0.19513	
170.500	      0.194948	       0.19513	
171.000	      0.194957	      0.195125	
171.500	      0.194965	      0.195121	
172.000	      0.194974	      0.195116	
172.500	      0.194974	      0.195116	
173.000	      0.194982	      0.195111	
173.500	       0.19499	      0.195106	
174.000	       0.19499	      0.195106	
174.500	      0.194998	      0.195101	
175.000	      0.195005	      0.195095	
175.500	      0.195013	       0.19509	
176.000	      0.195013	       0.19509	
176.500	       0.19502	      0.195084	
177.000	      0.195027	      0.195079	
177.500	      0.195027	      0.195079	
178.000	      0.195034	      0.195073	
178.500	      0.195041	      0.195067	
179.000	      0.195048	      0.195061	
179.500	      0.195048	      0.195061	
180.000	      0.195054	      0.195054	
