
TracePro Release: 3 2 0 
Polar Candela Distribution Data for 
Data covers +/- 180.000 degrees from Normal
Data for Missed Rays
Data generated at 09:35:18 June 25, 2025

	   0.0	 180.0
0.000	      0.205255	      0.205255	
0.500	      0.325198	      0.324659	
1.000	      0.325198	      0.324659	
1.500	      0.286966	       0.28548	
2.000	      0.281455	      0.277171	
2.500	      0.278895	      0.252583	
3.000	      0.278895	      0.252583	
3.500	      0.275516	      0.569004	
4.000	      0.254014	      0.251335	
4.500	      0.254014	      0.251335	
5.000	      0.599572	      0.273956	
5.500	       0.11961	      0.277115	
6.000	      0.677653	       0.27878	
6.500	      0.677653	       0.27878	
7.000	      0.245831	      0.282024	
7.500	      0.272111	       0.30634	
8.000	      0.272111	       0.30634	
8.500	       0.27419	     0.0398669	
9.000	      0.271422	      0.304055	
9.500	      0.237692	      0.277112	
10.000	      0.237692	      0.277112	
10.500	      0.822733	      0.270498	
11.000	      0.278726	      0.264582	
11.500	      0.278726	      0.264582	
12.000	      0.314556	      0.269189	
12.500	       0.27718	      0.136098	
13.000	       0.27718	      0.136098	
13.500	       0.26616	      0.952081	
14.000	      0.217933	          0.45	
14.500	      0.829374	       7.64549	
15.000	      0.829374	       7.64549	
15.500	       0.16252	       2.55588	
16.000	      0.830329	      0.350998	
16.500	      0.830329	      0.350998	
17.000	      0.159981	      0.260939	
17.500	      0.847579	      0.264433	
18.000	      0.212205	      0.268724	
18.500	      0.212205	      0.268724	
19.000	      0.256042	      0.271024	
19.500	      0.221893	      0.263017	
20.000	      0.221893	      0.263017	
20.500	      0.917843	      0.477117	
21.000	      0.407227	      0.121157	
21.500	      0.649749	      0.532928	
22.000	      0.649749	      0.532928	
22.500	      0.250413	      0.178841	
23.000	      0.271899	       0.29607	
23.500	      0.271899	       0.29607	
24.000	      0.273721	      0.125296	
24.500	      0.273155	      0.430916	
25.000	      0.270252	      0.268687	
25.500	      0.270252	      0.268687	
26.000	      0.259951	      0.278043	
26.500	      0.175946	      0.278814	
27.000	      0.175946	      0.278814	
27.500	        1.4344	      0.278091	
28.000	      0.189635	      0.269644	
28.500	      0.330304	      0.391612	
29.000	      0.330304	      0.391612	
29.500	      0.342473	      0.270155	
30.000	       1.41398	      0.279147	
30.500	       1.41398	      0.279147	
31.000	      0.316375	      0.280508	
31.500	      0.359957	      0.280671	
32.000	      0.198784	      0.275161	
32.500	      0.198784	      0.275161	
33.000	      0.329324	      0.382903	
33.500	        0.2966	      0.185836	
34.000	        0.2966	      0.185836	
34.500	      0.334277	      0.292877	
35.000	      0.265661	       0.28965	
35.500	      0.265661	       0.28965	
36.000	      0.331566	      0.298643	
36.500	      0.288006	      0.217142	
37.000	      0.281773	      0.449823	
37.500	      0.281773	      0.449823	
38.000	        0.2795	      0.504681	
38.500	      0.278311	       1.40938	
39.000	      0.278311	       1.40938	
39.500	      0.277504	       2.92799	
40.000	      0.276802	       1.40602	
40.500	      0.276011	      0.475122	
41.000	      0.276011	      0.475122	
41.500	      0.274837	      0.424066	
42.000	      0.272483	      0.323118	
42.500	      0.272483	      0.323118	
43.000	      0.265419	      0.418889	
43.500	      0.208803	      0.237499	
44.000	       1.07994	      0.301597	
44.500	       1.07994	      0.301597	
45.000	      0.179004	      0.235009	
45.500	      0.298934	      0.305305	
46.000	      0.298934	      0.305305	
46.500	      0.276989	      0.123011	
47.000	      0.275516	      0.349501	
47.500	      0.275254	      0.281326	
48.000	      0.275254	      0.281326	
48.500	      0.275157	      0.285685	
49.000	      0.275074	       0.22399	
49.500	      0.275074	       0.22399	
50.000	      0.274979	      0.420901	
50.500	      0.274869	      0.191241	
51.000	      0.274745	      0.330926	
51.500	      0.274745	      0.330926	
52.000	      0.274609	      0.278077	
52.500	      0.274463	      0.280984	
53.000	      0.274463	      0.280984	
53.500	      0.274309	      0.281254	
54.000	      0.274147	      0.281297	
54.500	       0.27398	      0.281287	
55.000	       0.27398	      0.281287	
55.500	      0.273807	      0.281262	
56.000	      0.273631	      0.281234	
56.500	      0.273631	      0.281234	
57.000	      0.273454	      0.281206	
57.500	      0.273279	       0.28118	
58.000	      0.273279	       0.28118	
58.500	      0.273109	      0.281156	
59.000	      0.272951	      0.281134	
59.500	      0.272816	      0.281114	
60.000	      0.272816	      0.281114	
60.500	      0.272721	      0.281096	
61.000	      0.272697	       0.28108	
61.500	      0.272697	       0.28108	
62.000	      0.272806	      0.281066	
62.500	      0.273176	      0.281052	
63.000	      0.274117	       0.28104	
63.500	      0.274117	       0.28104	
64.000	      0.276564	      0.281029	
64.500	      0.284517	      0.281019	
65.000	      0.284517	      0.281019	
65.500	      0.345144	      0.281009	
66.000	      0.502966	         0.281	
66.500	      0.344322	      0.280992	
67.000	      0.344322	      0.280992	
67.500	      0.282871	      0.280984	
68.000	      0.274088	      0.280976	
68.500	      0.274088	      0.280976	
69.000	      0.270804	      0.280969	
69.500	      0.269016	      0.280962	
70.000	      0.267787	      0.280955	
70.500	      0.267787	      0.280955	
71.000	      0.266803	      0.280949	
71.500	      0.265933	      0.280942	
72.000	      0.265933	      0.280942	
72.500	      0.265113	      0.280935	
73.000	      0.264309	      0.280928	
73.500	        0.2635	       0.28092	
74.000	        0.2635	       0.28092	
74.500	      0.262672	      0.280913	
75.000	      0.261815	      0.280904	
75.500	      0.261815	      0.280904	
76.000	      0.260921	      0.280895	
76.500	      0.259982	      0.280885	
77.000	      0.258993	      0.280874	
77.500	      0.258993	      0.280874	
78.000	      0.257948	      0.280861	
78.500	      0.256841	      0.280846	
79.000	      0.256841	      0.280846	
79.500	      0.255666	      0.280828	
80.000	      0.254417	      0.280806	
80.500	      0.254417	      0.280806	
81.000	      0.253092	      0.280778	
81.500	      0.251688	      0.280745	
82.000	      0.250208	      0.280718	
82.500	      0.250208	      0.280718	
83.000	      0.248668	      0.280804	
83.500	      0.247112	      0.283217	
84.000	      0.247112	      0.283217	
84.500	      0.245669	      0.225546	
85.000	      0.244754	         0.388	
85.500	      0.246222	      0.271146	
86.000	      0.246222	      0.271146	
86.500	      0.272209	      0.278195	
87.000	      0.129282	      0.274821	
87.500	      0.129282	      0.274821	
88.000	      0.265848	      0.334754	
88.500	      0.233299	      0.275153	
89.000	      0.224756	      0.279413	
89.500	      0.224756	      0.279413	
90.000	      0.217353	      0.279825	
90.500	      0.206395	      0.279453	
91.000	      0.206395	      0.279453	
91.500	      0.159065	      0.275589	
92.000	       0.73331	      0.327477	
92.500	      0.146035	      0.268744	
93.000	      0.146035	      0.268744	
93.500	      0.179849	      0.379437	
94.000	      0.176131	      0.184604	
94.500	      0.176131	      0.184604	
95.000	      0.166379	      0.287309	
95.500	      0.151307	      0.281513	
96.000	      0.123634	      0.280951	
96.500	      0.123634	      0.280951	
97.000	    0.00554622	      0.280813	
97.500	       1.55917	      0.280765	
98.000	       1.55917	      0.280765	
98.500	     0.0930829	      0.280745	
99.000	      0.822582	      0.280735	
99.500	      0.722659	      0.280728	
100.000	      0.722659	      0.280728	
100.500	      0.129067	      0.280722	
101.000	      0.766304	      0.280717	
101.500	      0.766304	      0.280717	
102.000	     0.0432888	      0.280712	
102.500	      0.297719	      0.280706	
103.000	      0.297719	      0.280706	
103.500	       1.21945	        0.2807	
104.000	      0.781979	      0.280694	
104.500	       2.63582	      0.280687	
105.000	       2.63582	      0.280687	
105.500	       2.88055	       0.28068	
106.000	       2.31663	      0.280672	
106.500	       2.31663	      0.280672	
107.000	       5.45112	      0.280665	
107.500	      0.790772	      0.280656	
108.000	       11.0485	      0.280648	
108.500	       11.0485	      0.280648	
109.000	       6.12569	      0.280639	
109.500	       73.9063	       0.28063	
110.000	       73.9063	       0.28063	
110.500	       712.236	      0.280621	
111.000	        69.416	      0.280611	
111.500	       12.6496	      0.280601	
112.000	       12.6496	      0.280601	
112.500	       6.94792	      0.280591	
113.000	       2.41175	       0.28058	
113.500	       2.41175	       0.28058	
114.000	       1.80889	       0.28057	
114.500	      0.979496	      0.280559	
115.000	       1.06009	      0.280547	
115.500	       1.06009	      0.280547	
116.000	      0.256128	      0.280536	
116.500	      0.589664	      0.280524	
117.000	      0.589664	      0.280524	
117.500	     0.0418957	      0.280511	
118.000	      0.189992	      0.280499	
118.500	      0.212308	      0.280486	
119.000	      0.212308	      0.280486	
119.500	        0.1176	      0.280473	
120.000	     0.0988173	      0.280459	
120.500	     0.0988173	      0.280459	
121.000	      0.177389	      0.280446	
121.500	      0.206388	      0.280432	
122.000	     0.0468658	      0.280417	
122.500	     0.0468658	      0.280417	
123.000	      0.170673	      0.280402	
123.500	       0.13656	      0.280387	
124.000	       0.13656	      0.280387	
124.500	      0.153426	      0.280372	
125.000	      0.165686	      0.280356	
125.500	      0.165686	      0.280356	
126.000	      0.176118	       0.28034	
126.500	      0.185173	      0.280324	
127.000	      0.193103	      0.280307	
127.500	      0.193103	      0.280307	
128.000	      0.200094	       0.28029	
128.500	       0.20629	      0.280272	
129.000	       0.20629	      0.280272	
129.500	      0.211809	      0.280255	
130.000	      0.216746	      0.280236	
130.500	       0.22118	      0.280218	
131.000	       0.22118	      0.280218	
131.500	      0.225178	      0.280198	
132.000	      0.228795	      0.280179	
132.500	      0.228795	      0.280179	
133.000	      0.232078	      0.280159	
133.500	      0.235067	      0.280139	
134.000	      0.237796	      0.280118	
134.500	      0.237796	      0.280118	
135.000	      0.240294	      0.280097	
135.500	      0.242587	      0.280075	
136.000	      0.242587	      0.280075	
136.500	      0.244697	      0.280053	
137.000	      0.246642	       0.28003	
137.500	       0.24844	      0.280007	
138.000	       0.24844	      0.280007	
138.500	      0.250104	      0.279983	
139.000	      0.251648	      0.279959	
139.500	      0.251648	      0.279959	
140.000	      0.253084	      0.279934	
140.500	       0.25442	      0.279909	
141.000	      0.255666	      0.279883	
141.500	      0.255666	      0.279883	
142.000	       0.25683	      0.279857	
142.500	      0.257919	       0.27983	
143.000	      0.257919	       0.27983	
143.500	      0.258939	      0.279802	
144.000	      0.259896	      0.279774	
144.500	      0.260794	      0.279745	
145.000	      0.260794	      0.279745	
145.500	       0.26164	      0.279716	
146.000	      0.262436	      0.279686	
146.500	      0.262436	      0.279686	
147.000	      0.263187	      0.279655	
147.500	      0.263896	      0.279623	
148.000	      0.263896	      0.279623	
148.500	      0.264565	      0.279591	
149.000	      0.265199	      0.279558	
149.500	      0.265798	      0.279524	
150.000	      0.265798	      0.279524	
150.500	      0.266367	       0.27949	
151.000	      0.266906	      0.279455	
151.500	      0.266906	      0.279455	
152.000	      0.267418	      0.279419	
152.500	      0.267905	      0.279382	
153.000	      0.268368	      0.279344	
153.500	      0.268368	      0.279344	
154.000	      0.268808	      0.279305	
154.500	      0.269228	      0.279265	
155.000	      0.269228	      0.279265	
155.500	      0.269628	      0.279225	
156.000	       0.27001	      0.279183	
156.500	      0.270375	      0.279141	
157.000	      0.270375	      0.279141	
157.500	      0.270723	      0.279097	
158.000	      0.271056	      0.279053	
158.500	      0.271056	      0.279053	
159.000	      0.271375	      0.279007	
159.500	       0.27168	       0.27896	
160.000	      0.271972	      0.278912	
160.500	      0.271972	      0.278912	
161.000	      0.272252	      0.278863	
161.500	      0.272521	      0.278812	
162.000	      0.272521	      0.278812	
162.500	      0.272778	       0.27876	
163.000	      0.273026	      0.278707	
163.500	      0.273264	      0.278653	
164.000	      0.273264	      0.278653	
164.500	      0.273492	      0.278597	
165.000	      0.273712	       0.27854	
165.500	      0.273712	       0.27854	
166.000	      0.273923	      0.278481	
166.500	      0.274127	       0.27842	
167.000	      0.274323	      0.278359	
167.500	      0.274323	      0.278359	
168.000	      0.274512	      0.278295	
168.500	      0.274694	       0.27823	
169.000	      0.274694	       0.27823	
169.500	      0.274869	      0.278162	
170.000	      0.275038	      0.278093	
170.500	      0.275038	      0.278093	
171.000	      0.275202	      0.278023	
171.500	       0.27536	       0.27795	
172.000	      0.275512	      0.277875	
172.500	      0.275512	      0.277875	
173.000	      0.275659	      0.277798	
173.500	      0.275801	      0.277719	
174.000	      0.275801	      0.277719	
174.500	      0.275939	      0.277637	
175.000	      0.276072	      0.277553	
175.500	      0.276201	      0.277467	
176.000	      0.276201	      0.277467	
176.500	      0.276325	      0.277378	
177.000	      0.276446	      0.277287	
177.500	      0.276446	      0.277287	
178.000	      0.276563	      0.277193	
178.500	      0.276676	      0.277095	
179.000	      0.276786	      0.276995	
179.500	      0.276786	      0.276995	
180.000	      0.276892	      0.276892	
