
TracePro Release: 3 2 0 
Polar Candela Distribution Data for 
Data covers +/- 180.000 degrees from Normal
Data for Missed Rays
Data generated at 09:46:56 June 30, 2025

	   0.0	 180.0
0.000	      0.171874	      0.171874	
0.500	      0.159374	      0.182541	
1.000	      0.159374	      0.182541	
1.500	      0.144599	      0.191717	
2.000	       0.12696	      0.199667	
2.500	      0.105668	      0.206599	
3.000	      0.105668	      0.206599	
3.500	      0.079643	      0.212679	
4.000	     0.0473693	       0.21804	
4.500	     0.0473693	       0.21804	
5.000	    0.00667526	      0.222792	
5.500	     0.0456447	      0.227022	
6.000	      0.114482	      0.230803	
6.500	      0.114482	      0.230803	
7.000	      0.207603	      0.234197	
7.500	      0.337943	      0.237254	
8.000	      0.337943	      0.237254	
8.500	      0.528376	      0.240017	
9.000	      0.822524	      0.242521	
9.500	       1.31233	      0.244798	
10.000	       1.31233	      0.244798	
10.500	       2.22056	      0.246873	
11.000	       4.21235	       0.24877	
11.500	       4.21235	       0.24877	
12.000	       10.1413	      0.250507	
12.500	       53.6261	      0.252102	
13.000	       53.6261	      0.252102	
13.500	       550.586	      0.253569	
14.000	        53.626	      0.254921	
14.500	       10.1413	       0.25617	
15.000	       10.1413	       0.25617	
15.500	       4.21229	      0.257324	
16.000	       2.22047	      0.258393	
16.500	       2.22047	      0.258393	
17.000	       1.31222	      0.259384	
17.500	      0.822388	      0.260304	
18.000	      0.528218	       0.26116	
18.500	      0.528218	       0.26116	
19.000	      0.337762	      0.261956	
19.500	      0.207398	      0.262697	
20.000	      0.207398	      0.262697	
20.500	      0.114254	      0.263388	
21.000	     0.0453932	      0.264032	
21.500	    0.00695045	      0.264634	
22.000	    0.00695045	      0.264634	
22.500	     0.0476683	      0.265195	
23.000	     0.0799662	       0.26572	
23.500	     0.0799662	       0.26572	
24.000	      0.106016	      0.266209	
24.500	      0.127332	      0.266666	
25.000	      0.144996	      0.267093	
25.500	      0.144996	      0.267093	
26.000	      0.159797	      0.267492	
26.500	      0.172322	      0.267863	
27.000	      0.172322	      0.267863	
27.500	      0.183015	      0.268209	
28.000	      0.192218	      0.268531	
28.500	      0.200194	       0.26883	
29.000	      0.200194	       0.26883	
29.500	      0.207153	      0.269108	
30.000	       0.21326	      0.269365	
30.500	       0.21326	      0.269365	
31.000	       0.21865	      0.269601	
31.500	       0.22343	      0.269819	
32.000	      0.227689	      0.270018	
32.500	      0.227689	      0.270018	
33.000	      0.231501	      0.270199	
33.500	      0.234925	      0.270363	
34.000	      0.234925	      0.270363	
34.500	      0.238013	       0.27051	
35.000	      0.240807	       0.27064	
35.500	      0.240807	       0.27064	
36.000	      0.243344	      0.270753	
36.500	      0.245654	       0.27085	
37.000	      0.247763	      0.270931	
37.500	      0.247763	      0.270931	
38.000	      0.249695	      0.270995	
38.500	      0.251468	      0.271043	
39.000	      0.251468	      0.271043	
39.500	      0.253099	      0.271075	
40.000	      0.254604	      0.271089	
40.500	      0.255994	      0.271087	
41.000	      0.255994	      0.271087	
41.500	      0.257282	      0.271067	
42.000	      0.258477	      0.271029	
42.500	      0.258477	      0.271029	
43.000	      0.259587	      0.270972	
43.500	      0.260622	      0.270896	
44.000	      0.261586	      0.270799	
44.500	      0.261586	      0.270799	
45.000	      0.262488	       0.27068	
45.500	      0.263331	      0.270539	
46.000	      0.263331	      0.270539	
46.500	      0.264121	      0.270373	
47.000	      0.264863	      0.270181	
47.500	      0.265559	      0.269962	
48.000	      0.265559	      0.269962	
48.500	      0.266215	      0.269712	
49.000	      0.266832	       0.26943	
49.500	      0.266832	       0.26943	
50.000	      0.267414	      0.269112	
50.500	      0.267964	      0.268756	
51.000	      0.268483	      0.268357	
51.500	      0.268483	      0.268357	
52.000	      0.268974	      0.267911	
52.500	       0.26944	      0.267413	
53.000	       0.26944	      0.267413	
53.500	      0.269881	      0.266857	
54.000	        0.2703	      0.266237	
54.500	      0.270697	      0.265543	
55.000	      0.270697	      0.265543	
55.500	      0.271075	      0.264768	
56.000	      0.271435	        0.2639	
56.500	      0.271435	        0.2639	
57.000	      0.271777	      0.262926	
57.500	      0.272103	      0.261829	
58.000	      0.272103	      0.261829	
58.500	      0.272414	      0.260593	
59.000	      0.272711	      0.259194	
59.500	      0.272995	      0.257605	
60.000	      0.272995	      0.257605	
60.500	      0.273266	      0.255792	
61.000	      0.273525	      0.253716	
61.500	      0.273525	      0.253716	
62.000	      0.273773	      0.251323	
62.500	       0.27401	      0.248551	
63.000	      0.274237	      0.245318	
63.500	      0.274237	      0.245318	
64.000	      0.274455	      0.241518	
64.500	      0.274665	      0.237015	
65.000	      0.274665	      0.237015	
65.500	      0.274865	      0.231628	
66.000	      0.275058	      0.225114	
66.500	      0.275243	      0.217138	
67.000	      0.275243	      0.217138	
67.500	      0.275421	      0.207236	
68.000	      0.275593	      0.194736	
68.500	      0.275593	      0.194736	
69.000	      0.275757	      0.178651	
69.500	      0.275916	      0.157473	
70.000	      0.276069	      0.128807	
70.500	      0.276069	      0.128807	
71.000	      0.276216	     0.0886666	
71.500	      0.276358	     0.0299994	
72.000	      0.276358	     0.0299994	
72.500	      0.276494	     0.0606421	
73.000	      0.276626	      0.211604	
73.500	      0.276754	      0.491556	
74.000	      0.276754	      0.491556	
74.500	      0.276877	       1.10556	
75.000	      0.276996	       2.93332	
75.500	      0.276996	       2.93332	
76.000	      0.277111	       16.3389	
76.500	      0.277221	       169.929	
77.000	      0.277329	       16.3388	
77.500	      0.277329	       16.3388	
78.000	      0.277433	       2.93317	
78.500	      0.277533	       1.10534	
79.000	      0.277533	       1.10534	
79.500	       0.27763	      0.491263	
80.000	      0.277724	      0.211238	
80.500	      0.277724	      0.211238	
81.000	      0.277815	     0.0602018	
81.500	      0.277904	     0.0305139	
82.000	      0.277989	     0.0892557	
82.500	      0.277989	     0.0892557	
83.000	      0.278072	      0.129472	
83.500	      0.278153	      0.158213	
84.000	      0.278153	      0.158213	
84.500	      0.278231	      0.179467	
85.000	      0.278307	      0.195629	
85.500	       0.27838	      0.208206	
86.000	       0.27838	      0.208206	
86.500	      0.278451	      0.218187	
87.000	       0.27852	      0.226241	
87.500	       0.27852	      0.226241	
88.000	      0.278588	      0.232835	
88.500	      0.278653	      0.238303	
89.000	      0.278716	      0.242888	
89.500	      0.278716	      0.242888	
90.000	      0.278778	      0.246771	
90.500	      0.278838	      0.250088	
91.000	      0.278838	      0.250088	
91.500	      0.278896	      0.252946	
92.000	      0.278953	      0.255425	
92.500	      0.279008	       0.25759	
93.000	      0.279008	       0.25759	
93.500	      0.279062	      0.259492	
94.000	      0.279114	      0.261172	
94.500	      0.279114	      0.261172	
95.000	      0.279164	      0.262664	
95.500	      0.279214	      0.263995	
96.000	      0.279262	      0.265188	
96.500	      0.279262	      0.265188	
97.000	      0.279309	      0.266261	
97.500	      0.279354	      0.267229	
98.000	      0.279354	      0.267229	
98.500	      0.279399	      0.268107	
99.000	      0.279442	      0.268905	
99.500	      0.279484	      0.269633	
100.000	      0.279484	      0.269633	
100.500	      0.279525	      0.270299	
101.000	      0.279565	       0.27091	
101.500	      0.279565	       0.27091	
102.000	      0.279604	      0.271471	
102.500	      0.279642	      0.271988	
103.000	      0.279642	      0.271988	
103.500	      0.279679	      0.272467	
104.000	      0.279715	      0.272909	
104.500	       0.27975	       0.27332	
105.000	       0.27975	       0.27332	
105.500	      0.279784	      0.273701	
106.000	      0.279818	      0.274057	
106.500	      0.279818	      0.274057	
107.000	       0.27985	      0.274388	
107.500	      0.279882	      0.274698	
108.000	      0.279913	      0.274988	
108.500	      0.279913	      0.274988	
109.000	      0.279943	       0.27526	
109.500	      0.279973	      0.275516	
110.000	      0.279973	      0.275516	
110.500	      0.280002	      0.275756	
111.000	       0.28003	      0.275982	
111.500	      0.280057	      0.276195	
112.000	      0.280057	      0.276195	
112.500	      0.280084	      0.276396	
113.000	       0.28011	      0.276586	
113.500	       0.28011	      0.276586	
114.000	      0.280135	      0.276766	
114.500	       0.28016	      0.276936	
115.000	      0.280184	      0.277097	
115.500	      0.280184	      0.277097	
116.000	      0.280208	       0.27725	
116.500	      0.280231	      0.277396	
117.000	      0.280231	      0.277396	
117.500	      0.280254	      0.277534	
118.000	      0.280275	      0.277666	
118.500	      0.280297	      0.277791	
119.000	      0.280297	      0.277791	
119.500	      0.280318	      0.277911	
120.000	      0.280338	      0.278025	
120.500	      0.280338	      0.278025	
121.000	      0.280358	      0.278134	
121.500	      0.280378	      0.278238	
122.000	      0.280396	      0.278337	
122.500	      0.280396	      0.278337	
123.000	      0.280415	      0.278432	
123.500	      0.280433	      0.278523	
124.000	      0.280433	      0.278523	
124.500	       0.28045	      0.278611	
125.000	      0.280468	      0.278694	
125.500	      0.280468	      0.278694	
126.000	      0.280484	      0.278774	
126.500	      0.280501	      0.278851	
127.000	      0.280516	      0.278925	
127.500	      0.280516	      0.278925	
128.000	      0.280532	      0.278996	
128.500	      0.280547	      0.279065	
129.000	      0.280547	      0.279065	
129.500	      0.280562	      0.279131	
130.000	      0.280576	      0.279194	
130.500	       0.28059	      0.279255	
131.000	       0.28059	      0.279255	
131.500	      0.280603	      0.279313	
132.000	      0.280617	       0.27937	
132.500	      0.280617	       0.27937	
133.000	      0.280629	      0.279424	
133.500	      0.280642	      0.279477	
134.000	      0.280654	      0.279527	
134.500	      0.280654	      0.279527	
135.000	      0.280666	      0.279576	
135.500	      0.280677	      0.279623	
136.000	      0.280677	      0.279623	
136.500	      0.280689	      0.279669	
137.000	      0.280699	      0.279713	
137.500	       0.28071	      0.279755	
138.000	       0.28071	      0.279755	
138.500	       0.28072	      0.279796	
139.000	       0.28073	      0.279836	
139.500	       0.28073	      0.279836	
140.000	       0.28074	      0.279875	
140.500	      0.280749	      0.279912	
141.000	      0.280758	      0.279948	
141.500	      0.280758	      0.279948	
142.000	      0.280767	      0.279983	
142.500	      0.280775	      0.280016	
143.000	      0.280775	      0.280016	
143.500	      0.280783	      0.280049	
144.000	      0.280791	       0.28008	
144.500	      0.280799	      0.280111	
145.000	      0.280799	      0.280111	
145.500	      0.280806	      0.280141	
146.000	      0.280813	      0.280169	
146.500	      0.280813	      0.280169	
147.000	       0.28082	      0.280197	
147.500	      0.280827	      0.280224	
148.000	      0.280827	      0.280224	
148.500	      0.280833	       0.28025	
149.000	      0.280839	      0.280275	
149.500	      0.280845	        0.2803	
150.000	      0.280845	        0.2803	
150.500	       0.28085	      0.280324	
151.000	      0.280855	      0.280347	
151.500	      0.280855	      0.280347	
152.000	       0.28086	      0.280369	
152.500	      0.280865	      0.280391	
153.000	      0.280869	      0.280412	
153.500	      0.280869	      0.280412	
154.000	      0.280874	      0.280432	
154.500	      0.280878	      0.280452	
155.000	      0.280878	      0.280452	
155.500	      0.280881	      0.280471	
156.000	      0.280885	       0.28049	
156.500	      0.280888	      0.280508	
157.000	      0.280888	      0.280508	
157.500	      0.280891	      0.280525	
158.000	      0.280894	      0.280542	
158.500	      0.280894	      0.280542	
159.000	      0.280897	      0.280559	
159.500	      0.280899	      0.280574	
160.000	      0.280901	       0.28059	
160.500	      0.280901	       0.28059	
161.000	      0.280903	      0.280605	
161.500	      0.280904	      0.280619	
162.000	      0.280904	      0.280619	
162.500	      0.280906	      0.280633	
163.000	      0.280907	      0.280647	
163.500	      0.280908	       0.28066	
164.000	      0.280908	       0.28066	
164.500	      0.280908	      0.280673	
165.000	      0.280909	      0.280685	
165.500	      0.280909	      0.280685	
166.000	      0.280909	      0.280697	
166.500	      0.280909	      0.280708	
167.000	      0.280908	      0.280719	
167.500	      0.280908	      0.280719	
168.000	      0.280908	       0.28073	
168.500	      0.280907	       0.28074	
169.000	      0.280907	       0.28074	
169.500	      0.280906	       0.28075	
170.000	      0.280905	       0.28076	
170.500	      0.280905	       0.28076	
171.000	      0.280903	      0.280769	
171.500	      0.280901	      0.280778	
172.000	      0.280899	      0.280786	
172.500	      0.280899	      0.280786	
173.000	      0.280897	      0.280795	
173.500	      0.280894	      0.280803	
174.000	      0.280894	      0.280803	
174.500	      0.280892	       0.28081	
175.000	      0.280889	      0.280817	
175.500	      0.280885	      0.280824	
176.000	      0.280885	      0.280824	
176.500	      0.280882	      0.280831	
177.000	      0.280878	      0.280837	
177.500	      0.280878	      0.280837	
178.000	      0.280874	      0.280843	
178.500	      0.280869	      0.280849	
179.000	      0.280865	      0.280855	
179.500	      0.280865	      0.280855	
180.000	       0.28086	       0.28086	
