
TracePro Release: 3 2 0 
Polar Candela Distribution Data for 
Data covers +/- 180.000 degrees from Normal
Data for Missed Rays
Data generated at 09:48:05 June 25, 2025

	   0.0	 180.0
0.000	        0.2668	        0.2668	
0.500	      0.266765	      0.266835	
1.000	      0.266765	      0.266835	
1.500	      0.266729	      0.266868	
2.000	      0.266693	      0.266901	
2.500	      0.266655	      0.266933	
3.000	      0.266655	      0.266933	
3.500	      0.266616	      0.266965	
4.000	      0.266577	      0.266995	
4.500	      0.266577	      0.266995	
5.000	      0.266536	      0.267025	
5.500	      0.266495	      0.267055	
6.000	      0.266452	      0.267083	
6.500	      0.266452	      0.267083	
7.000	      0.266409	      0.267111	
7.500	      0.266364	      0.267139	
8.000	      0.266364	      0.267139	
8.500	      0.266319	      0.267166	
9.000	      0.266272	      0.267192	
9.500	      0.266224	      0.267218	
10.000	      0.266224	      0.267218	
10.500	      0.266175	      0.267243	
11.000	      0.266125	      0.267267	
11.500	      0.266125	      0.267267	
12.000	      0.266073	      0.267291	
12.500	       0.26602	      0.267315	
13.000	       0.26602	      0.267315	
13.500	      0.265965	      0.267338	
14.000	       0.26591	       0.26736	
14.500	      0.265852	      0.267383	
15.000	      0.265852	      0.267383	
15.500	      0.265794	      0.267404	
16.000	      0.265733	      0.267425	
16.500	      0.265733	      0.267425	
17.000	      0.265671	      0.267446	
17.500	      0.265608	      0.267466	
18.000	      0.265542	      0.267486	
18.500	      0.265542	      0.267486	
19.000	      0.265475	      0.267506	
19.500	      0.265406	      0.267525	
20.000	      0.265406	      0.267525	
20.500	      0.265335	      0.267543	
21.000	      0.265262	      0.267561	
21.500	      0.265187	      0.267579	
22.000	      0.265187	      0.267579	
22.500	       0.26511	      0.267597	
23.000	      0.265031	      0.267614	
23.500	      0.265031	      0.267614	
24.000	      0.264949	       0.26763	
24.500	      0.264865	      0.267647	
25.000	      0.264778	      0.267663	
25.500	      0.264778	      0.267663	
26.000	      0.264689	      0.267679	
26.500	      0.264597	      0.267694	
27.000	      0.264597	      0.267694	
27.500	      0.264503	      0.267709	
28.000	      0.264405	      0.267724	
28.500	      0.264305	      0.267738	
29.000	      0.264305	      0.267738	
29.500	      0.264201	      0.267752	
30.000	      0.264094	      0.267766	
30.500	      0.264094	      0.267766	
31.000	      0.263984	       0.26778	
31.500	       0.26387	      0.267793	
32.000	      0.263752	      0.267806	
32.500	      0.263752	      0.267806	
33.000	      0.263631	      0.267818	
33.500	      0.263505	      0.267831	
34.000	      0.263505	      0.267831	
34.500	      0.263376	      0.267843	
35.000	      0.263242	      0.267855	
35.500	      0.263242	      0.267855	
36.000	      0.263103	      0.267866	
36.500	       0.26296	      0.267878	
37.000	      0.262811	      0.267889	
37.500	      0.262811	      0.267889	
38.000	      0.262657	        0.2679	
38.500	      0.262498	       0.26791	
39.000	      0.262498	       0.26791	
39.500	      0.262333	      0.267921	
40.000	      0.262163	      0.267931	
40.500	      0.261985	      0.267941	
41.000	      0.261985	      0.267941	
41.500	      0.261802	       0.26795	
42.000	      0.261611	       0.26796	
42.500	      0.261611	       0.26796	
43.000	      0.261413	      0.267969	
43.500	      0.261207	      0.267978	
44.000	      0.260993	      0.267987	
44.500	      0.260993	      0.267987	
45.000	      0.260771	      0.267995	
45.500	       0.26054	      0.268004	
46.000	       0.26054	      0.268004	
46.500	        0.2603	      0.268012	
47.000	      0.260049	       0.26802	
47.500	      0.259788	      0.268028	
48.000	      0.259788	      0.268028	
48.500	      0.259517	      0.268035	
49.000	      0.259233	      0.268043	
49.500	      0.259233	      0.268043	
50.000	      0.258937	       0.26805	
50.500	      0.258629	      0.268057	
51.000	      0.258306	      0.268064	
51.500	      0.258306	      0.268064	
52.000	       0.25797	       0.26807	
52.500	      0.257617	      0.268077	
53.000	      0.257617	      0.268077	
53.500	      0.257249	      0.268083	
54.000	      0.256863	      0.268089	
54.500	      0.256459	      0.268095	
55.000	      0.256459	      0.268095	
55.500	      0.256036	      0.268101	
56.000	      0.255592	      0.268106	
56.500	      0.255592	      0.268106	
57.000	      0.255126	      0.268112	
57.500	      0.254637	      0.268117	
58.000	      0.254637	      0.268117	
58.500	      0.254123	      0.268122	
59.000	      0.253583	      0.268127	
59.500	      0.253016	      0.268132	
60.000	      0.253016	      0.268132	
60.500	      0.252419	      0.268136	
61.000	       0.25179	      0.268141	
61.500	       0.25179	      0.268141	
62.000	      0.251129	      0.268145	
62.500	      0.250433	      0.268149	
63.000	        0.2497	      0.268153	
63.500	        0.2497	      0.268153	
64.000	      0.248929	      0.268157	
64.500	      0.248118	      0.268161	
65.000	      0.248118	      0.268161	
65.500	      0.247267	      0.268164	
66.000	      0.246374	      0.268167	
66.500	      0.245441	      0.268171	
67.000	      0.245441	      0.268171	
67.500	      0.244471	      0.268174	
68.000	      0.243469	      0.268176	
68.500	      0.243469	      0.268176	
69.000	      0.242445	      0.268179	
69.500	      0.241419	      0.268182	
70.000	      0.240423	      0.268184	
70.500	      0.240423	      0.268184	
71.000	      0.239514	      0.268186	
71.500	      0.238795	      0.268189	
72.000	      0.238795	      0.268189	
72.500	      0.238458	      0.268191	
73.000	      0.238889	      0.268193	
73.500	      0.240929	      0.268194	
74.000	      0.240929	      0.268194	
74.500	      0.246696	      0.268196	
75.000	      0.262762	      0.268197	
75.500	      0.262762	      0.268197	
76.000	      0.318783	      0.268199	
76.500	      0.795326	        0.2682	
77.000	       6.82495	      0.268201	
77.500	       6.82495	      0.268201	
78.000	         7.368	      0.268202	
78.500	       10.0901	      0.268202	
79.000	       10.0901	      0.268202	
79.500	       10.6934	      0.268203	
80.000	       8.67044	      0.268203	
80.500	       8.67044	      0.268203	
81.000	       9.58886	      0.268204	
81.500	        7.7397	      0.268204	
82.000	       8.64066	      0.268204	
82.500	       8.64066	      0.268204	
83.000	       6.55739	      0.268204	
83.500	       5.19902	      0.268203	
84.000	       5.19902	      0.268203	
84.500	       5.24373	      0.268203	
85.000	       2.50435	      0.268203	
85.500	       3.44021	      0.268202	
86.000	       3.44021	      0.268202	
86.500	       3.31961	      0.268201	
87.000	       5.30101	        0.2682	
87.500	       5.30101	        0.2682	
88.000	       4.23669	      0.268199	
88.500	       5.26353	      0.268198	
89.000	       1.26716	      0.268196	
89.500	       1.26716	      0.268196	
90.000	       1.03149	      0.268195	
90.500	      0.795712	      0.268193	
91.000	      0.795712	      0.268193	
91.500	       2.34014	      0.268191	
92.000	       3.09518	      0.268189	
92.500	       3.82523	      0.268187	
93.000	       3.82523	      0.268187	
93.500	       2.29934	      0.268185	
94.000	       2.25624	      0.268183	
94.500	       2.25624	      0.268183	
95.000	      0.427868	       0.26818	
95.500	       6.59103	      0.268178	
96.000	       11.0602	      0.268175	
96.500	       11.0602	      0.268175	
97.000	       69.4377	      0.268172	
97.500	       693.765	      0.268169	
98.000	       693.765	      0.268169	
98.500	       67.6412	      0.268165	
99.000	        12.861	      0.268162	
99.500	       5.39276	      0.268158	
100.000	       5.39276	      0.268158	
100.500	       2.88366	      0.268155	
101.000	       1.73939	      0.268151	
101.500	       1.73939	      0.268151	
102.000	       1.12219	      0.268147	
102.500	      0.751478	      0.268143	
103.000	      0.751478	      0.268143	
103.500	      0.511443	      0.268138	
104.000	      0.347131	      0.268134	
104.500	      0.229724	      0.268129	
105.000	      0.229724	      0.268129	
105.500	      0.142924	      0.268124	
106.000	     0.0769436	      0.268119	
106.500	     0.0769436	      0.268119	
107.000	     0.0256185	      0.268114	
107.500	     0.0150916	      0.268109	
108.000	     0.0479245	      0.268103	
108.500	     0.0479245	      0.268103	
109.000	      0.074789	      0.268098	
109.500	     0.0970486	      0.268092	
110.000	     0.0970486	      0.268092	
110.500	      0.115699	      0.268086	
111.000	      0.131479	      0.268079	
111.500	      0.144951	      0.268073	
112.000	      0.144951	      0.268073	
112.500	      0.156542	      0.268067	
113.000	      0.166587	       0.26806	
113.500	      0.166587	       0.26806	
114.000	      0.175349	      0.268053	
114.500	      0.183038	      0.268046	
115.000	      0.189823	      0.268038	
115.500	      0.189823	      0.268038	
116.000	      0.195838	      0.268031	
116.500	      0.201198	      0.268023	
117.000	      0.201198	      0.268023	
117.500	      0.205992	      0.268015	
118.000	      0.210299	      0.268007	
118.500	      0.214182	      0.267999	
119.000	      0.214182	      0.267999	
119.500	      0.217695	       0.26799	
120.000	      0.220883	      0.267982	
120.500	      0.220883	      0.267982	
121.000	      0.223786	      0.267973	
121.500	      0.226436	      0.267964	
122.000	      0.228862	      0.267954	
122.500	      0.228862	      0.267954	
123.000	      0.231088	      0.267945	
123.500	      0.233136	      0.267935	
124.000	      0.233136	      0.267935	
124.500	      0.235024	      0.267925	
125.000	      0.236769	      0.267915	
125.500	      0.236769	      0.267915	
126.000	      0.238384	      0.267904	
126.500	      0.239882	      0.267893	
127.000	      0.241275	      0.267882	
127.500	      0.241275	      0.267882	
128.000	      0.242571	      0.267871	
128.500	       0.24378	       0.26786	
129.000	       0.24378	       0.26786	
129.500	      0.244909	      0.267848	
130.000	      0.245965	      0.267836	
130.500	      0.246954	      0.267824	
131.000	      0.246954	      0.267824	
131.500	      0.247882	      0.267811	
132.000	      0.248753	      0.267798	
132.500	      0.248753	      0.267798	
133.000	      0.249573	      0.267785	
133.500	      0.250345	      0.267772	
134.000	      0.251073	      0.267758	
134.500	      0.251073	      0.267758	
135.000	       0.25176	      0.267744	
135.500	      0.252409	       0.26773	
136.000	      0.252409	       0.26773	
136.500	      0.253022	      0.267715	
137.000	      0.253603	        0.2677	
137.500	      0.254154	      0.267685	
138.000	      0.254154	      0.267685	
138.500	      0.254677	      0.267669	
139.000	      0.255173	      0.267653	
139.500	      0.255173	      0.267653	
140.000	      0.255644	      0.267637	
140.500	      0.256092	      0.267621	
141.000	      0.256519	      0.267604	
141.500	      0.256519	      0.267604	
142.000	      0.256925	      0.267586	
142.500	      0.257313	      0.267569	
143.000	      0.257313	      0.267569	
143.500	      0.257683	      0.267551	
144.000	      0.258036	      0.267532	
144.500	      0.258373	      0.267513	
145.000	      0.258373	      0.267513	
145.500	      0.258695	      0.267494	
146.000	      0.259004	      0.267474	
146.500	      0.259004	      0.267474	
147.000	      0.259299	      0.267454	
147.500	      0.259582	      0.267434	
148.000	      0.259582	      0.267434	
148.500	      0.259853	      0.267413	
149.000	      0.260113	      0.267391	
149.500	      0.260362	      0.267369	
150.000	      0.260362	      0.267369	
150.500	      0.260602	      0.267347	
151.000	      0.260832	      0.267324	
151.500	      0.260832	      0.267324	
152.000	      0.261053	      0.267301	
152.500	      0.261265	      0.267277	
153.000	       0.26147	      0.267253	
153.500	       0.26147	      0.267253	
154.000	      0.261667	      0.267228	
154.500	      0.261856	      0.267202	
155.000	      0.261856	      0.267202	
155.500	      0.262039	      0.267176	
156.000	      0.262215	      0.267149	
156.500	      0.262384	      0.267122	
157.000	      0.262384	      0.267122	
157.500	      0.262548	      0.267094	
158.000	      0.262706	      0.267066	
158.500	      0.262706	      0.267066	
159.000	      0.262858	      0.267037	
159.500	      0.263006	      0.267007	
160.000	      0.263148	      0.266977	
160.500	      0.263148	      0.266977	
161.000	      0.263285	      0.266946	
161.500	      0.263418	      0.266914	
162.000	      0.263418	      0.266914	
162.500	      0.263547	      0.266881	
163.000	      0.263671	      0.266848	
163.500	      0.263792	      0.266814	
164.000	      0.263792	      0.266814	
164.500	      0.263909	      0.266779	
165.000	      0.264021	      0.266743	
165.500	      0.264021	      0.266743	
166.000	      0.264131	      0.266707	
166.500	      0.264237	       0.26667	
167.000	       0.26434	      0.266631	
167.500	       0.26434	      0.266631	
168.000	      0.264439	      0.266592	
168.500	      0.264536	      0.266552	
169.000	      0.264536	      0.266552	
169.500	       0.26463	      0.266511	
170.000	      0.264721	      0.266469	
170.500	      0.264721	      0.266469	
171.000	      0.264809	      0.266426	
171.500	      0.264895	      0.266382	
172.000	      0.264978	      0.266336	
172.500	      0.264978	      0.266336	
173.000	      0.265059	       0.26629	
173.500	      0.265138	      0.266243	
174.000	      0.265138	      0.266243	
174.500	      0.265215	      0.266194	
175.000	      0.265289	      0.266144	
175.500	      0.265361	      0.266093	
176.000	      0.265361	      0.266093	
176.500	      0.265432	       0.26604	
177.000	        0.2655	      0.265986	
177.500	        0.2655	      0.265986	
178.000	      0.265567	      0.265931	
178.500	      0.265631	      0.265874	
179.000	      0.265694	      0.265816	
179.500	      0.265694	      0.265816	
180.000	      0.265756	      0.265756	
