
TracePro Release: 3 2 0 
Polar Candela Distribution Data for 
Data covers +/- 180.000 degrees from Normal
Data for Missed Rays
Data generated at 09:48:06 June 25, 2025

	   0.0	 180.0
0.000	      0.263956	      0.263956	
0.500	      0.263916	      0.263995	
1.000	      0.263916	      0.263995	
1.500	      0.263876	      0.264033	
2.000	      0.263834	      0.264069	
2.500	      0.263791	      0.264105	
3.000	      0.263791	      0.264105	
3.500	      0.263747	      0.264139	
4.000	      0.263703	      0.264172	
4.500	      0.263703	      0.264172	
5.000	      0.263657	      0.264204	
5.500	      0.263611	      0.264234	
6.000	      0.263565	      0.264264	
6.500	      0.263565	      0.264264	
7.000	      0.263519	      0.264291	
7.500	      0.263472	      0.264318	
8.000	      0.263472	      0.264318	
8.500	      0.263427	      0.264342	
9.000	      0.263382	      0.264366	
9.500	      0.263341	      0.264387	
10.000	      0.263341	      0.264387	
10.500	      0.263304	      0.264406	
11.000	      0.263274	      0.264423	
11.500	      0.263274	      0.264423	
12.000	      0.263257	      0.264437	
12.500	      0.263262	      0.264449	
13.000	      0.263262	      0.264449	
13.500	       0.26331	      0.264457	
14.000	      0.263449	      0.264461	
14.500	      0.263816	       0.26446	
15.000	      0.263816	       0.26446	
15.500	      0.264991	      0.264454	
16.000	      0.273634	       0.26444	
16.500	      0.273634	       0.26444	
17.000	      0.155375	      0.264417	
17.500	      0.277508	      0.264381	
18.000	      0.220386	      0.264329	
18.500	      0.220386	      0.264329	
19.000	      0.267795	      0.264255	
19.500	      0.264011	       0.26415	
20.000	      0.264011	       0.26415	
20.500	      0.263688	      0.263997	
21.000	      0.264602	      0.263772	
21.500	      0.273665	      0.263427	
22.000	      0.273665	      0.263427	
22.500	      0.144362	      0.262864	
23.000	      0.273332	      0.261862	
23.500	      0.273332	      0.261862	
24.000	      0.263898	       0.25983	
24.500	        0.2625	       0.25588	
25.000	       0.26195	      0.148142	
25.500	       0.26195	      0.148142	
26.000	      0.261642	        1.1108	
26.500	      0.261447	      0.549555	
27.000	      0.261447	      0.549555	
27.500	      0.261368	         1.094	
28.000	      0.261627	     0.0485326	
28.500	      0.265667	         0.616	
29.000	      0.265667	         0.616	
29.500	      0.192858	      0.161893	
30.000	      0.328288	      0.461049	
30.500	      0.328288	      0.461049	
31.000	      0.255413	      0.102938	
31.500	      0.259469	      0.465454	
32.000	      0.259755	    0.00149499	
32.500	      0.259755	    0.00149499	
33.000	      0.259733	      0.462987	
33.500	       0.25967	      0.246254	
34.000	       0.25967	      0.246254	
34.500	      0.259686	      0.336218	
35.000	      0.260098	       0.15009	
35.500	      0.260098	       0.15009	
36.000	       0.26454	      0.285493	
36.500	      0.198869	      0.147194	
37.000	       0.26386	      0.276983	
37.500	       0.26386	      0.276983	
38.000	      0.258753	      0.267414	
38.500	      0.260275	        0.2661	
39.000	      0.260275	        0.2661	
39.500	      0.170954	      0.265679	
40.000	      0.511275	      0.265506	
40.500	      0.235669	      0.265428	
41.000	      0.235669	      0.265428	
41.500	      0.259208	      0.265392	
42.000	      0.191581	      0.265379	
42.500	      0.191581	      0.265379	
43.000	      0.261829	      0.265377	
43.500	      0.256862	      0.265381	
44.000	      0.256077	      0.265389	
44.500	      0.256077	      0.265389	
45.000	      0.255702	        0.2654	
45.500	      0.255519	      0.265411	
46.000	      0.255519	      0.265411	
46.500	      0.255782	      0.265423	
47.000	      0.260205	      0.265436	
47.500	      0.192741	      0.265448	
48.000	      0.192741	      0.265448	
48.500	      0.259355	       0.26546	
49.000	      0.254081	      0.265473	
49.500	      0.254081	      0.265473	
50.000	      0.252964	      0.265484	
50.500	       0.25229	      0.265496	
51.000	      0.251792	      0.265507	
51.500	      0.251792	      0.265507	
52.000	      0.251623	      0.265518	
52.500	      0.254444	      0.265529	
53.000	      0.254444	      0.265529	
53.500	      0.205436	      0.265539	
54.000	      0.253039	      0.265549	
54.500	      0.248798	      0.265559	
55.000	      0.248798	      0.265559	
55.500	      0.247512	      0.265568	
56.000	      0.246486	      0.265577	
56.500	      0.246486	      0.265577	
57.000	      0.245483	      0.265586	
57.500	       0.24444	      0.265595	
58.000	       0.24444	      0.265595	
58.500	      0.243327	      0.265603	
59.000	      0.242119	      0.265611	
59.500	      0.240779	      0.265619	
60.000	      0.240779	      0.265619	
60.500	      0.239228	      0.265626	
61.000	      0.237176	      0.265633	
61.500	      0.237176	      0.265633	
62.000	      0.231077	       0.26564	
62.500	      0.299599	      0.265647	
63.000	      0.181726	      0.265654	
63.500	      0.181726	      0.265654	
64.000	      0.231774	       0.26566	
64.500	      0.221262	      0.265666	
65.000	      0.221262	      0.265666	
65.500	      0.287964	      0.265672	
66.000	      0.147443	      0.265678	
66.500	      0.253935	      0.265683	
67.000	      0.253935	      0.265683	
67.500	      0.181115	      0.265689	
68.000	      0.132699	      0.265694	
68.500	      0.132699	      0.265694	
69.000	      0.638511	      0.265699	
69.500	       8.40012	      0.265703	
70.000	       8.02447	      0.265708	
70.500	       8.02447	      0.265708	
71.000	       8.58003	      0.265712	
71.500	       8.34231	      0.265717	
72.000	       8.34231	      0.265717	
72.500	       10.6472	      0.265721	
73.000	       8.31639	      0.265724	
73.500	       7.35479	      0.265728	
74.000	       7.35479	      0.265728	
74.500	       9.16552	      0.265732	
75.000	       5.85125	      0.265735	
75.500	       5.85125	      0.265735	
76.000	       7.90304	      0.265738	
76.500	       4.00283	      0.265741	
77.000	       5.33736	      0.265744	
77.500	       5.33736	      0.265744	
78.000	       4.98668	      0.265747	
78.500	       3.18097	      0.265749	
79.000	       3.18097	      0.265749	
79.500	       4.73791	      0.265751	
80.000	       2.05812	      0.265754	
80.500	       2.05812	      0.265754	
81.000	       1.08418	      0.265756	
81.500	       1.83563	      0.265758	
82.000	       1.93748	      0.265759	
82.500	       1.93748	      0.265759	
83.000	       2.69946	      0.265761	
83.500	     0.0944409	      0.265762	
84.000	     0.0944409	      0.265762	
84.500	       2.22152	      0.265764	
85.000	       2.94779	      0.265765	
85.500	       1.95387	      0.265766	
86.000	       1.95387	      0.265766	
86.500	      0.603186	      0.265767	
87.000	       2.75709	      0.265767	
87.500	       2.75709	      0.265767	
88.000	      0.895568	      0.265768	
88.500	         8.612	      0.265768	
89.000	       12.3889	      0.265769	
89.500	       12.3889	      0.265769	
90.000	       66.5812	      0.265769	
90.500	       683.159	      0.265769	
91.000	       683.159	      0.265769	
91.500	       66.6179	      0.265769	
92.000	       12.6611	      0.265768	
92.500	       5.30573	      0.265768	
93.000	       5.30573	      0.265768	
93.500	       2.83516	      0.265767	
94.000	        1.7088	      0.265767	
94.500	        1.7088	      0.265767	
95.000	       1.10143	      0.265766	
95.500	      0.736722	      0.265765	
96.000	      0.500627	      0.265763	
96.500	      0.500627	      0.265763	
97.000	      0.339045	      0.265762	
97.500	      0.223609	      0.265761	
98.000	      0.223609	      0.265761	
98.500	      0.138278	      0.265759	
99.000	     0.0734225	      0.265757	
99.500	     0.0229777	      0.265755	
100.000	     0.0229777	      0.265755	
100.500	     0.0170308	      0.265753	
101.000	     0.0492955	      0.265751	
101.500	     0.0492955	      0.265751	
102.000	     0.0756936	      0.265749	
102.500	     0.0975659	      0.265746	
103.000	     0.0975659	      0.265746	
103.500	      0.115891	      0.265744	
104.000	      0.131396	      0.265741	
104.500	      0.144632	      0.265738	
105.000	      0.144632	      0.265738	
105.500	       0.15602	      0.265735	
106.000	      0.165889	      0.265732	
106.500	      0.165889	      0.265732	
107.000	      0.174499	      0.265728	
107.500	      0.182053	      0.265725	
108.000	      0.188719	      0.265721	
108.500	      0.188719	      0.265721	
109.000	       0.19463	      0.265717	
109.500	      0.199896	      0.265713	
110.000	      0.199896	      0.265713	
110.500	      0.204607	      0.265709	
111.000	      0.208839	      0.265705	
111.500	      0.212654	        0.2657	
112.000	      0.212654	        0.2657	
112.500	      0.216106	      0.265695	
113.000	      0.219239	       0.26569	
113.500	      0.219239	       0.26569	
114.000	      0.222092	      0.265685	
114.500	      0.224696	       0.26568	
115.000	       0.22708	      0.265675	
115.500	       0.22708	      0.265675	
116.000	      0.229268	      0.265669	
116.500	      0.231281	      0.265664	
117.000	      0.231281	      0.265664	
117.500	      0.233137	      0.265658	
118.000	      0.234852	      0.265652	
118.500	      0.236439	      0.265646	
119.000	      0.236439	      0.265646	
119.500	      0.237912	      0.265639	
120.000	      0.239281	      0.265633	
120.500	      0.239281	      0.265633	
121.000	      0.240556	      0.265626	
121.500	      0.241744	      0.265619	
122.000	      0.242854	      0.265612	
122.500	      0.242854	      0.265612	
123.000	      0.243892	      0.265605	
123.500	      0.244865	      0.265597	
124.000	      0.244865	      0.265597	
124.500	      0.245777	      0.265589	
125.000	      0.246634	      0.265581	
125.500	      0.246634	      0.265581	
126.000	       0.24744	      0.265573	
126.500	      0.248199	      0.265565	
127.000	      0.248915	      0.265556	
127.500	      0.248915	      0.265556	
128.000	      0.249591	      0.265548	
128.500	      0.250229	      0.265539	
129.000	      0.250229	      0.265539	
129.500	      0.250832	       0.26553	
130.000	      0.251404	       0.26552	
130.500	      0.251946	      0.265511	
131.000	      0.251946	      0.265511	
131.500	       0.25246	      0.265501	
132.000	      0.252948	      0.265491	
132.500	      0.252948	      0.265491	
133.000	      0.253411	       0.26548	
133.500	      0.253852	       0.26547	
134.000	      0.254272	      0.265459	
134.500	      0.254272	      0.265459	
135.000	      0.254672	      0.265448	
135.500	      0.255053	      0.265437	
136.000	      0.255053	      0.265437	
136.500	      0.255417	      0.265425	
137.000	      0.255764	      0.265413	
137.500	      0.256096	      0.265401	
138.000	      0.256096	      0.265401	
138.500	      0.256413	      0.265389	
139.000	      0.256717	      0.265376	
139.500	      0.256717	      0.265376	
140.000	      0.257007	      0.265363	
140.500	      0.257286	       0.26535	
141.000	      0.257553	      0.265337	
141.500	      0.257553	      0.265337	
142.000	      0.257808	      0.265323	
142.500	      0.258054	      0.265309	
143.000	      0.258054	      0.265309	
143.500	       0.25829	      0.265295	
144.000	      0.258516	       0.26528	
144.500	      0.258734	      0.265265	
145.000	      0.258734	      0.265265	
145.500	      0.258943	       0.26525	
146.000	      0.259144	      0.265234	
146.500	      0.259144	      0.265234	
147.000	      0.259338	      0.265218	
147.500	      0.259524	      0.265202	
148.000	      0.259524	      0.265202	
148.500	      0.259704	      0.265185	
149.000	      0.259877	      0.265168	
149.500	      0.260044	      0.265151	
150.000	      0.260044	      0.265151	
150.500	      0.260206	      0.265133	
151.000	      0.260361	      0.265115	
151.500	      0.260361	      0.265115	
152.000	      0.260511	      0.265096	
152.500	      0.260656	      0.265077	
153.000	      0.260796	      0.265058	
153.500	      0.260796	      0.265058	
154.000	      0.260932	      0.265038	
154.500	      0.261063	      0.265018	
155.000	      0.261063	      0.265018	
155.500	      0.261189	      0.264997	
156.000	      0.261312	      0.264976	
156.500	       0.26143	      0.264954	
157.000	       0.26143	      0.264954	
157.500	      0.261545	      0.264932	
158.000	      0.261656	       0.26491	
158.500	      0.261656	       0.26491	
159.000	      0.261764	      0.264887	
159.500	      0.261869	      0.264863	
160.000	       0.26197	      0.264839	
160.500	       0.26197	      0.264839	
161.000	      0.262068	      0.264815	
161.500	      0.262163	       0.26479	
162.000	      0.262163	       0.26479	
162.500	      0.262256	      0.264764	
163.000	      0.262345	      0.264738	
163.500	      0.262432	      0.264711	
164.000	      0.262432	      0.264711	
164.500	      0.262517	      0.264684	
165.000	      0.262599	      0.264656	
165.500	      0.262599	      0.264656	
166.000	      0.262679	      0.264627	
166.500	      0.262756	      0.264598	
167.000	      0.262832	      0.264568	
167.500	      0.262832	      0.264568	
168.000	      0.262905	      0.264537	
168.500	      0.262976	      0.264506	
169.000	      0.262976	      0.264506	
169.500	      0.263045	      0.264474	
170.000	      0.263113	      0.264441	
170.500	      0.263113	      0.264441	
171.000	      0.263178	      0.264407	
171.500	      0.263242	      0.264373	
172.000	      0.263304	      0.264338	
172.500	      0.263304	      0.264338	
173.000	      0.263365	      0.264302	
173.500	      0.263424	      0.264265	
174.000	      0.263424	      0.264265	
174.500	      0.263481	      0.264227	
175.000	      0.263537	      0.264189	
175.500	      0.263592	      0.264149	
176.000	      0.263592	      0.264149	
176.500	      0.263645	      0.264109	
177.000	      0.263697	      0.264067	
177.500	      0.263697	      0.264067	
178.000	      0.263747	      0.264025	
178.500	      0.263796	      0.263981	
179.000	      0.263844	      0.263937	
179.500	      0.263844	      0.263937	
180.000	      0.263891	      0.263891	
