
TracePro Release: 3 2 0 
Polar Candela Distribution Data for 
Data covers +/- 180.000 degrees from Normal
Data for Missed Rays
Data generated at 09:48:09 June 25, 2025

	   0.0	 180.0
0.000	      0.299035	      0.299035	
0.500	      0.298853	      0.299213	
1.000	      0.298853	      0.299213	
1.500	      0.298667	      0.299388	
2.000	      0.298475	      0.299563	
2.500	      0.298276	      0.299742	
3.000	      0.298276	      0.299742	
3.500	       0.29807	       0.29993	
4.000	      0.297857	      0.300141	
4.500	      0.297857	      0.300141	
5.000	      0.297635	      0.300402	
5.500	      0.297404	       0.30078	
6.000	      0.297164	      0.301488	
6.500	      0.297164	      0.301488	
7.000	      0.296914	       0.30346	
7.500	      0.296653	      0.317981	
8.000	      0.296653	      0.317981	
8.500	       0.29638	      0.113436	
9.000	      0.296094	      0.315765	
9.500	      0.295795	      0.287829	
10.000	      0.295795	      0.287829	
10.500	       0.29548	      0.471418	
11.000	       0.29515	       0.28533	
11.500	       0.29515	       0.28533	
12.000	      0.294801	      0.298447	
12.500	      0.294432	      0.300158	
13.000	      0.294432	      0.300158	
13.500	      0.294041	      0.300703	
14.000	      0.293623	      0.300905	
14.500	      0.293176	      0.300907	
15.000	      0.293176	      0.300907	
15.500	      0.292692	      0.300627	
16.000	      0.292165	      0.299479	
16.500	      0.292165	      0.299479	
17.000	      0.291581	       0.29028	
17.500	      0.290922	       0.41965	
18.000	      0.290156	      0.290464	
18.500	      0.290156	      0.290464	
19.000	      0.289223	      0.299851	
19.500	      0.288006	        0.3012	
20.000	      0.288006	        0.3012	
20.500	      0.286222	      0.301702	
21.000	      0.283049	       0.30197	
21.500	         0.275	      0.302147	
22.000	         0.275	      0.302147	
22.500	      0.221245	      0.302279	
23.000	      0.953133	      0.302388	
23.500	      0.953133	      0.302388	
24.000	      0.218471	      0.302482	
24.500	      0.268982	      0.302566	
25.000	      0.272334	      0.302645	
25.500	      0.272334	      0.302645	
26.000	      0.265693	      0.302718	
26.500	      0.212625	      0.302789	
27.000	      0.212625	      0.302789	
27.500	      0.905508	      0.302857	
28.000	      0.151607	      0.302925	
28.500	      0.881699	      0.302993	
29.000	      0.881699	      0.302993	
29.500	       0.13684	      0.303062	
30.000	       1.05966	      0.303136	
30.500	       1.05966	      0.303136	
31.000	       0.19668	      0.303219	
31.500	      0.264109	      0.303319	
32.000	      0.281525	      0.303461	
32.500	      0.281525	      0.303461	
33.000	      0.345115	       0.30371	
33.500	      0.490886	      0.304353	
34.000	      0.490886	      0.304353	
34.500	      0.351305	      0.308762	
35.000	       0.30369	      0.248223	
35.500	       0.30369	      0.248223	
36.000	      0.397278	      0.308856	
36.500	       1.05219	      0.304543	
37.000	      0.382609	      0.303996	
37.500	      0.382609	      0.303996	
38.000	      0.222291	      0.303845	
38.500	       1.13889	      0.303805	
39.000	       1.13889	      0.303805	
39.500	      0.608255	      0.303811	
40.000	      0.326691	      0.303844	
40.500	      0.285558	      0.303899	
41.000	      0.285558	      0.303899	
41.500	      0.404308	      0.303983	
42.000	       1.36101	      0.304122	
42.500	       1.36101	      0.304122	
43.000	      0.461803	      0.304393	
43.500	      0.560359	      0.305138	
44.000	      0.295013	       0.31037	
44.500	      0.295013	       0.31037	
45.000	      0.160772	      0.238325	
45.500	       1.10188	      0.310487	
46.000	       1.10188	      0.310487	
46.500	       0.70758	      0.305398	
47.000	      0.226252	      0.304876	
47.500	      0.047358	      0.305134	
48.000	      0.047358	      0.305134	
48.500	       1.95596	      0.308494	
49.000	       1.63103	      0.260642	
49.500	       1.63103	      0.260642	
50.000	      0.467176	      0.308452	
50.500	       2.36457	      0.305013	
51.000	      0.349347	      0.304553	
51.500	      0.349347	      0.304553	
52.000	      0.795215	      0.304409	
52.500	     0.0146227	      0.304353	
53.000	     0.0146227	      0.304353	
53.500	      0.191292	      0.304331	
54.000	      0.617263	      0.304326	
54.500	      0.370033	      0.304329	
55.000	      0.370033	      0.304329	
55.500	      0.105489	      0.304338	
56.000	       5.82517	       0.30435	
56.500	       5.82517	       0.30435	
57.000	      0.267688	      0.304363	
57.500	       4.43147	      0.304378	
58.000	       4.43147	      0.304378	
58.500	       2.96092	      0.304394	
59.000	       6.99503	       0.30441	
59.500	       13.7012	      0.304426	
60.000	       13.7012	      0.304426	
60.500	       78.2615	      0.304442	
61.000	       793.573	      0.304459	
61.500	       793.573	      0.304459	
62.000	       77.3708	      0.304475	
62.500	       14.7035	      0.304491	
63.000	       6.16164	      0.304508	
63.500	       6.16164	      0.304508	
64.000	       3.29292	      0.304524	
64.500	       1.98524	      0.304539	
65.000	       1.98524	      0.304539	
65.500	       1.28021	      0.304555	
66.000	      0.856946	       0.30457	
66.500	      0.582998	      0.304585	
67.000	      0.582998	      0.304585	
67.500	      0.395545	        0.3046	
68.000	       0.26165	      0.304614	
68.500	       0.26165	      0.304614	
69.000	      0.162688	      0.304629	
69.500	     0.0874807	      0.304643	
70.000	     0.0289867	      0.304656	
70.500	     0.0289867	      0.304656	
71.000	     0.0174083	       0.30467	
71.500	     0.0548321	      0.304683	
72.000	     0.0548321	      0.304683	
72.500	      0.085467	      0.304696	
73.000	      0.110876	      0.304708	
73.500	      0.132207	      0.304721	
74.000	      0.132207	      0.304721	
74.500	       0.15033	      0.304733	
75.000	      0.165936	      0.304745	
75.500	      0.165936	      0.304745	
76.000	      0.179642	      0.304757	
76.500	      0.192212	      0.304768	
77.000	      0.205589	      0.304779	
77.500	      0.205589	      0.304779	
78.000	      0.239372	       0.30479	
78.500	       0.10086	      0.304801	
79.000	       0.10086	      0.304801	
79.500	      0.253922	      0.304811	
80.000	      0.234972	      0.304821	
80.500	      0.234972	      0.304821	
81.000	      0.237007	      0.304831	
81.500	      0.240754	      0.304841	
82.000	      0.244643	       0.30485	
82.500	      0.244643	       0.30485	
83.000	      0.248352	      0.304859	
83.500	      0.251805	      0.304868	
84.000	      0.251805	      0.304868	
84.500	      0.254993	      0.304877	
85.000	      0.257928	      0.304886	
85.500	       0.26063	      0.304894	
86.000	       0.26063	      0.304894	
86.500	      0.263119	      0.304902	
87.000	      0.265415	       0.30491	
87.500	      0.265415	       0.30491	
88.000	      0.267536	      0.304918	
88.500	      0.269499	      0.304926	
89.000	      0.271319	      0.304933	
89.500	      0.271319	      0.304933	
90.000	      0.273008	       0.30494	
90.500	      0.274579	      0.304947	
91.000	      0.274579	      0.304947	
91.500	      0.276043	      0.304954	
92.000	      0.277408	       0.30496	
92.500	      0.278684	      0.304966	
93.000	      0.278684	      0.304966	
93.500	      0.279878	      0.304973	
94.000	      0.280997	      0.304979	
94.500	      0.280997	      0.304979	
95.000	      0.282047	      0.304984	
95.500	      0.283033	       0.30499	
96.000	       0.28396	      0.304995	
96.500	       0.28396	      0.304995	
97.000	      0.284834	      0.305001	
97.500	      0.285658	      0.305006	
98.000	      0.285658	      0.305006	
98.500	      0.286436	       0.30501	
99.000	       0.28717	      0.305015	
99.500	      0.287866	       0.30502	
100.000	      0.287866	       0.30502	
100.500	      0.288524	      0.305024	
101.000	      0.289148	      0.305028	
101.500	      0.289148	      0.305028	
102.000	      0.289739	      0.305032	
102.500	      0.290301	      0.305036	
103.000	      0.290301	      0.305036	
103.500	      0.290835	      0.305039	
104.000	      0.291343	      0.305043	
104.500	      0.291827	      0.305046	
105.000	      0.291827	      0.305046	
105.500	      0.292287	      0.305049	
106.000	      0.292727	      0.305052	
106.500	      0.292727	      0.305052	
107.000	      0.293146	      0.305055	
107.500	      0.293546	      0.305058	
108.000	      0.293928	       0.30506	
108.500	      0.293928	       0.30506	
109.000	      0.294293	      0.305062	
109.500	      0.294643	      0.305065	
110.000	      0.294643	      0.305065	
110.500	      0.294978	      0.305066	
111.000	      0.295298	      0.305068	
111.500	      0.295606	       0.30507	
112.000	      0.295606	       0.30507	
112.500	        0.2959	      0.305071	
113.000	      0.296183	      0.305073	
113.500	      0.296183	      0.305073	
114.000	      0.296455	      0.305074	
114.500	      0.296715	      0.305075	
115.000	      0.296966	      0.305076	
115.500	      0.296966	      0.305076	
116.000	      0.297207	      0.305076	
116.500	      0.297439	      0.305077	
117.000	      0.297439	      0.305077	
117.500	      0.297662	      0.305077	
118.000	      0.297877	      0.305078	
118.500	      0.298084	      0.305078	
119.000	      0.298084	      0.305078	
119.500	      0.298284	      0.305078	
120.000	      0.298476	      0.305077	
120.500	      0.298476	      0.305077	
121.000	      0.298662	      0.305077	
121.500	      0.298841	      0.305076	
122.000	      0.299014	      0.305075	
122.500	      0.299014	      0.305075	
123.000	      0.299181	      0.305075	
123.500	      0.299342	      0.305074	
124.000	      0.299342	      0.305074	
124.500	      0.299498	      0.305072	
125.000	      0.299649	      0.305071	
125.500	      0.299649	      0.305071	
126.000	      0.299795	      0.305069	
126.500	      0.299936	      0.305068	
127.000	      0.300073	      0.305066	
127.500	      0.300073	      0.305066	
128.000	      0.300205	      0.305064	
128.500	      0.300333	      0.305062	
129.000	      0.300333	      0.305062	
129.500	      0.300457	      0.305059	
130.000	      0.300577	      0.305057	
130.500	      0.300694	      0.305054	
131.000	      0.300694	      0.305054	
131.500	      0.300807	      0.305051	
132.000	      0.300917	      0.305048	
132.500	      0.300917	      0.305048	
133.000	      0.301023	      0.305045	
133.500	      0.301126	      0.305042	
134.000	      0.301227	      0.305038	
134.500	      0.301227	      0.305038	
135.000	      0.301324	      0.305034	
135.500	      0.301419	      0.305031	
136.000	      0.301419	      0.305031	
136.500	       0.30151	      0.305026	
137.000	        0.3016	      0.305022	
137.500	      0.301686	      0.305018	
138.000	      0.301686	      0.305018	
138.500	      0.301771	      0.305013	
139.000	      0.301853	      0.305009	
139.500	      0.301853	      0.305009	
140.000	      0.301933	      0.305004	
140.500	       0.30201	      0.304999	
141.000	      0.302086	      0.304993	
141.500	      0.302086	      0.304993	
142.000	      0.302159	      0.304988	
142.500	      0.302231	      0.304982	
143.000	      0.302231	      0.304982	
143.500	      0.302301	      0.304976	
144.000	      0.302368	       0.30497	
144.500	      0.302435	      0.304964	
145.000	      0.302435	      0.304964	
145.500	      0.302499	      0.304958	
146.000	      0.302562	      0.304951	
146.500	      0.302562	      0.304951	
147.000	      0.302623	      0.304944	
147.500	      0.302683	      0.304937	
148.000	      0.302683	      0.304937	
148.500	      0.302741	       0.30493	
149.000	      0.302797	      0.304922	
149.500	      0.302853	      0.304915	
150.000	      0.302853	      0.304915	
150.500	      0.302907	      0.304907	
151.000	      0.302959	      0.304899	
151.500	      0.302959	      0.304899	
152.000	      0.303011	      0.304891	
152.500	      0.303061	      0.304882	
153.000	       0.30311	      0.304873	
153.500	       0.30311	      0.304873	
154.000	      0.303157	      0.304864	
154.500	      0.303204	      0.304855	
155.000	      0.303204	      0.304855	
155.500	       0.30325	      0.304846	
156.000	      0.303294	      0.304836	
156.500	      0.303337	      0.304826	
157.000	      0.303337	      0.304826	
157.500	       0.30338	      0.304816	
158.000	      0.303421	      0.304806	
158.500	      0.303421	      0.304806	
159.000	      0.303462	      0.304795	
159.500	      0.303501	      0.304784	
160.000	       0.30354	      0.304773	
160.500	       0.30354	      0.304773	
161.000	      0.303578	      0.304762	
161.500	      0.303615	       0.30475	
162.000	      0.303615	       0.30475	
162.500	      0.303651	      0.304738	
163.000	      0.303686	      0.304726	
163.500	       0.30372	      0.304713	
164.000	       0.30372	      0.304713	
164.500	      0.303754	      0.304701	
165.000	      0.303787	      0.304688	
165.500	      0.303787	      0.304688	
166.000	      0.303819	      0.304674	
166.500	      0.303851	      0.304661	
167.000	      0.303882	      0.304647	
167.500	      0.303882	      0.304647	
168.000	      0.303912	      0.304633	
168.500	      0.303942	      0.304618	
169.000	      0.303942	      0.304618	
169.500	      0.303971	      0.304603	
170.000	      0.303999	      0.304588	
170.500	      0.303999	      0.304588	
171.000	      0.304027	      0.304572	
171.500	      0.304054	      0.304556	
172.000	       0.30408	       0.30454	
172.500	       0.30408	       0.30454	
173.000	      0.304106	      0.304524	
173.500	      0.304131	      0.304507	
174.000	      0.304131	      0.304507	
174.500	      0.304156	      0.304489	
175.000	      0.304181	      0.304472	
175.500	      0.304204	      0.304454	
176.000	      0.304204	      0.304454	
176.500	      0.304228	      0.304435	
177.000	       0.30425	      0.304416	
177.500	       0.30425	      0.304416	
178.000	      0.304273	      0.304397	
178.500	      0.304295	      0.304378	
179.000	      0.304316	      0.304358	
179.500	      0.304316	      0.304358	
180.000	      0.304337	      0.304337	
