
TracePro Release: 3 2 0 
Polar Candela Distribution Data for 
Data covers +/- 180.000 degrees from Normal
Data for Missed Rays
Data generated at 09:48:08 June 25, 2025

	   0.0	 180.0
0.000	       0.08789	       0.08789	
0.500	      0.088862	     0.0876838	
1.000	      0.088862	     0.0876838	
1.500	     0.0969139	     0.0877012	
2.000	     0.0163967	     0.0878133	
2.500	      0.096932	      0.087976	
3.000	      0.096932	      0.087976	
3.500	      0.089009	     0.0881707	
4.000	     0.0884546	     0.0883888	
4.500	     0.0884546	     0.0883888	
5.000	       0.08935	     0.0886258	
5.500	     0.0923157	     0.0888799	
6.000	      0.102208	     0.0891504	
6.500	      0.102208	     0.0891504	
7.000	      0.177821	     0.0894374	
7.500	       0.88077	     0.0897418	
8.000	       0.88077	     0.0897418	
8.500	      0.176314	     0.0900647	
9.000	      0.098825	     0.0904078	
9.500	     0.0883124	      0.090773	
10.000	     0.0883124	      0.090773	
10.500	     0.0315979	     0.0911627	
11.000	      0.588989	     0.0915796	
11.500	      0.588989	     0.0915796	
12.000	     0.0363708	     0.0920269	
12.500	     0.0727346	     0.0925079	
13.000	     0.0727346	     0.0925079	
13.500	     0.0578757	     0.0930266	
14.000	      0.475858	     0.0935871	
14.500	      0.615785	     0.0941937	
15.000	      0.615785	     0.0941937	
15.500	      0.136568	     0.0948506	
16.000	     0.0864177	     0.0955609	
16.500	     0.0864177	     0.0955609	
17.000	     0.0764379	      0.096325	
17.500	     0.0418004	      0.097137	
18.000	      0.578118	     0.0979752	
18.500	      0.578118	     0.0979752	
19.000	      0.362782	     0.0987787	
19.500	      0.104854	      0.099374	
20.000	      0.104854	      0.099374	
20.500	     0.0610832	     0.0991984	
21.000	      0.456696	     0.0957451	
21.500	      0.801163	     0.0591352	
22.000	      0.801163	     0.0591352	
22.500	       0.52862	      0.598878	
23.000	      0.383047	      0.063658	
23.500	      0.383047	      0.063658	
24.000	      0.333843	      0.102268	
24.500	     0.0481959	     0.0636973	
25.000	     0.0594054	         1.111	
25.500	     0.0594054	         1.111	
26.000	     0.0580458	       1.83445	
26.500	     0.0723669	       1.26656	
27.000	     0.0723669	       1.26656	
27.500	      0.354803	       2.37843	
28.000	      0.811526	        3.6992	
28.500	     0.0536872	      0.378953	
29.000	     0.0536872	      0.378953	
29.500	      0.303499	       3.50689	
30.000	     0.0576157	       1.51948	
30.500	     0.0576157	       1.51948	
31.000	    0.00233842	       1.93199	
31.500	      0.024058	       1.34755	
32.000	     0.0782695	       1.69004	
32.500	     0.0782695	       1.69004	
33.000	     0.0790588	       1.48321	
33.500	     0.0902684	       11.1281	
34.000	     0.0902684	       11.1281	
34.500	      0.737332	       104.066	
35.000	     0.0425878	        11.168	
35.500	     0.0425878	        11.168	
36.000	       1.63513	       1.13797	
36.500	       1.88078	       1.48215	
37.000	       10.9729	       1.48494	
37.500	       10.9729	       1.48494	
38.000	        109.62	       2.27516	
38.500	       10.7108	      0.535389	
39.000	       10.7108	      0.535389	
39.500	       1.98071	      0.284911	
40.000	      0.810241	      0.183854	
40.500	      0.419379	      0.446612	
41.000	      0.419379	      0.446612	
41.500	       0.26955	      0.129865	
42.000	      0.306573	      0.228862	
42.500	      0.306573	      0.228862	
43.000	      0.390843	     0.0676687	
43.500	     0.0159492	      0.134401	
44.000	     0.0685549	      0.124693	
44.500	     0.0685549	      0.124693	
45.000	      0.112856	      0.119617	
45.500	      0.602542	      0.115643	
46.000	      0.602542	      0.115643	
46.500	      0.305672	      0.112382	
47.000	     0.0167362	      0.109658	
47.500	     0.0893461	      0.107359	
48.000	     0.0893461	      0.107359	
48.500	    0.00366648	      0.105399	
49.000	      0.076034	      0.103718	
49.500	      0.076034	      0.103718	
50.000	      0.256504	      0.102264	
50.500	      0.153114	         0.101	
51.000	     0.0492652	     0.0998952	
51.500	     0.0492652	     0.0998952	
52.000	     0.0530385	     0.0989243	
52.500	     0.0535375	     0.0980676	
53.000	     0.0535375	     0.0980676	
53.500	     0.0538283	     0.0973085	
54.000	     0.0540153	     0.0966336	
54.500	     0.0542028	     0.0960317	
55.000	     0.0542028	     0.0960317	
55.500	     0.0546744	     0.0954935	
56.000	     0.0563124	     0.0950111	
56.500	     0.0563124	     0.0950111	
57.000	     0.0629552	      0.094578	
57.500	      0.119996	     0.0941887	
58.000	      0.119996	     0.0941887	
58.500	      0.697948	     0.0938384	
59.000	      0.116015	     0.0935234	
59.500	     0.0567936	     0.0932405	
60.000	     0.0567936	     0.0932405	
60.500	     0.0741483	     0.0929872	
61.000	      0.458715	     0.0927622	
61.500	      0.458715	     0.0927622	
62.000	      0.517707	     0.0925652	
62.500	     0.0833401	     0.0923986	
63.000	      0.707232	     0.0922709	
63.500	      0.707232	     0.0922709	
64.000	     0.0747293	     0.0922081	
64.500	     0.0525271	     0.0923026	
65.000	     0.0525271	     0.0923026	
65.500	      0.158821	     0.0930175	
66.000	      0.698472	      0.100891	
66.500	      0.140425	     0.0368786	
67.000	      0.140425	     0.0368786	
67.500	     0.0521329	      0.219403	
68.000	       0.36701	     0.0819808	
68.500	       0.36701	     0.0819808	
69.000	       2.94787	     0.0893701	
69.500	       2.53277	     0.0860109	
70.000	       1.75632	      0.145897	
70.500	       1.75632	      0.145897	
71.000	       1.93581	     0.0871842	
71.500	       1.34671	     0.0957276	
72.000	       1.34671	     0.0957276	
72.500	       2.56573	     0.0410059	
73.000	      0.185935	      0.101001	
73.500	       5.64205	     0.0441445	
74.000	       5.64205	     0.0441445	
74.500	       4.67603	     0.0968808	
75.000	       32.1728	     0.0933571	
75.500	       32.1728	     0.0933571	
76.000	       315.337	     0.0959751	
76.500	       33.2904	     0.0435275	
77.000	       1.00595	      0.140882	
77.500	       1.00595	      0.140882	
78.000	        8.1653	     0.0892879	
78.500	       2.10223	     0.0925618	
79.000	       2.10223	     0.0925618	
79.500	       5.84215	      0.093224	
80.000	       4.51456	      0.093737	
80.500	       4.51456	      0.093737	
81.000	       6.34516	     0.0942879	
81.500	       7.34879	     0.0949306	
82.000	       7.17934	     0.0957016	
82.500	       7.17934	     0.0957016	
83.000	       6.51182	     0.0966402	
83.500	       2.59006	     0.0977974	
84.000	       2.59006	     0.0977974	
84.500	       3.57846	     0.0992432	
85.000	       1.31853	      0.101078	
85.500	       9.02332	      0.103448	
86.000	       9.02332	      0.103448	
86.500	       73.0479	       0.10658	
87.000	       7.38257	      0.110831	
87.500	       7.38257	      0.110831	
88.000	       1.06905	      0.116795	
88.500	       1.12061	      0.125527	
89.000	      0.128621	      0.139036	
89.500	      0.128621	      0.139036	
90.000	      0.476497	      0.161559	
90.500	      0.323783	      0.203368	
91.000	      0.323783	      0.203368	
91.500	      0.509884	      0.295154	
92.000	     0.0566227	      0.568702	
92.500	      0.230424	       2.57855	
93.000	      0.230424	       2.57855	
93.500	     0.0438423	       25.3978	
94.000	      0.151679	       2.79926	
94.500	      0.151679	       2.79926	
95.000	     0.0893769	       0.54916	
95.500	     0.0885265	      0.291904	
96.000	     0.0863931	       0.20205	
96.500	     0.0863931	       0.20205	
97.000	     0.0847842	      0.160788	
97.500	     0.0836171	      0.138462	
98.000	     0.0836171	      0.138462	
98.500	     0.0827804	      0.125025	
99.000	     0.0821887	      0.116312	
99.500	     0.0817799	      0.110339	
100.000	     0.0817799	      0.110339	
100.500	     0.0815084	      0.106064	
101.000	     0.0813404	        0.1029	
101.500	     0.0813404	        0.1029	
102.000	      0.081251	       0.10049	
102.500	     0.0812212	     0.0986128	
103.000	     0.0812212	     0.0986128	
103.500	     0.0812367	     0.0971207	
104.000	     0.0812864	     0.0959148	
104.500	     0.0813618	     0.0949259	
105.000	     0.0813618	     0.0949259	
105.500	     0.0814566	     0.0941045	
106.000	     0.0815654	     0.0934145	
106.500	     0.0815654	     0.0934145	
107.000	     0.0816845	     0.0928289	
107.500	     0.0818106	     0.0923276	
108.000	     0.0819414	     0.0918948	
108.500	     0.0819414	     0.0918948	
109.000	      0.082075	     0.0915184	
109.500	     0.0822098	     0.0911889	
110.000	     0.0822098	     0.0911889	
110.500	     0.0823448	     0.0908986	
111.000	      0.082479	     0.0906415	
111.500	     0.0826117	     0.0904125	
112.000	     0.0826117	     0.0904125	
112.500	     0.0827424	     0.0902076	
113.000	     0.0828707	     0.0900234	
113.500	     0.0828707	     0.0900234	
114.000	     0.0829964	     0.0898572	
114.500	     0.0831191	     0.0897066	
115.000	     0.0832388	     0.0895696	
115.500	     0.0832388	     0.0895696	
116.000	     0.0833554	     0.0894446	
116.500	     0.0834688	     0.0893301	
117.000	     0.0834688	     0.0893301	
117.500	     0.0835789	      0.089225	
118.000	     0.0836859	     0.0891282	
118.500	     0.0837897	     0.0890387	
119.000	     0.0837897	     0.0890387	
119.500	     0.0838904	      0.088956	
120.000	      0.083988	     0.0888791	
120.500	      0.083988	     0.0888791	
121.000	     0.0840826	     0.0888076	
121.500	     0.0841742	     0.0887409	
122.000	      0.084263	     0.0886786	
122.500	      0.084263	     0.0886786	
123.000	     0.0843491	     0.0886202	
123.500	     0.0844324	     0.0885655	
124.000	     0.0844324	     0.0885655	
124.500	     0.0845132	      0.088514	
125.000	     0.0845914	     0.0884655	
125.500	     0.0845914	     0.0884655	
126.000	     0.0846672	     0.0884198	
126.500	     0.0847406	     0.0883765	
127.000	     0.0848118	     0.0883356	
127.500	     0.0848118	     0.0883356	
128.000	     0.0848808	     0.0882968	
128.500	     0.0849476	     0.0882599	
129.000	     0.0849476	     0.0882599	
129.500	     0.0850124	     0.0882248	
130.000	     0.0850753	     0.0881914	
130.500	     0.0851362	     0.0881596	
131.000	     0.0851362	     0.0881596	
131.500	     0.0851953	     0.0881291	
132.000	     0.0852527	        0.0881	
132.500	     0.0852527	        0.0881	
133.000	     0.0853084	     0.0880721	
133.500	     0.0853624	     0.0880454	
134.000	     0.0854149	     0.0880197	
134.500	     0.0854149	     0.0880197	
135.000	     0.0854659	      0.087995	
135.500	     0.0855153	     0.0879713	
136.000	     0.0855153	     0.0879713	
136.500	     0.0855634	     0.0879484	
137.000	     0.0856102	     0.0879263	
137.500	     0.0856556	     0.0879049	
138.000	     0.0856556	     0.0879049	
138.500	     0.0856997	     0.0878843	
139.000	     0.0857427	     0.0878643	
139.500	     0.0857427	     0.0878643	
140.000	     0.0857845	     0.0878449	
140.500	     0.0858251	     0.0878261	
141.000	     0.0858647	     0.0878079	
141.500	     0.0858647	     0.0878079	
142.000	     0.0859032	     0.0877901	
142.500	     0.0859407	     0.0877728	
143.000	     0.0859407	     0.0877728	
143.500	     0.0859772	      0.087756	
144.000	     0.0860128	     0.0877396	
144.500	     0.0860475	     0.0877235	
145.000	     0.0860475	     0.0877235	
145.500	     0.0860813	     0.0877079	
146.000	     0.0861142	     0.0876925	
146.500	     0.0861142	     0.0876925	
147.000	     0.0861463	     0.0876775	
147.500	     0.0861777	     0.0876628	
148.000	     0.0861777	     0.0876628	
148.500	     0.0862083	     0.0876484	
149.000	     0.0862381	     0.0876342	
149.500	     0.0862672	     0.0876203	
150.000	     0.0862672	     0.0876203	
150.500	     0.0862957	     0.0876066	
151.000	     0.0863235	     0.0875931	
151.500	     0.0863235	     0.0875931	
152.000	     0.0863506	     0.0875798	
152.500	     0.0863771	     0.0875667	
153.000	      0.086403	     0.0875537	
153.500	      0.086403	     0.0875537	
154.000	     0.0864284	     0.0875409	
154.500	     0.0864531	     0.0875283	
155.000	     0.0864531	     0.0875283	
155.500	     0.0864774	     0.0875158	
156.000	     0.0865011	     0.0875034	
156.500	     0.0865243	     0.0874911	
157.000	     0.0865243	     0.0874911	
157.500	      0.086547	     0.0874789	
158.000	     0.0865692	     0.0874668	
158.500	     0.0865692	     0.0874668	
159.000	      0.086591	     0.0874548	
159.500	     0.0866124	     0.0874429	
160.000	     0.0866333	      0.087431	
160.500	     0.0866333	      0.087431	
161.000	     0.0866538	     0.0874191	
161.500	     0.0866738	     0.0874074	
162.000	     0.0866738	     0.0874074	
162.500	     0.0866935	     0.0873956	
163.000	     0.0867129	     0.0873839	
163.500	     0.0867318	     0.0873722	
164.000	     0.0867318	     0.0873722	
164.500	     0.0867505	     0.0873605	
165.000	     0.0867687	     0.0873488	
165.500	     0.0867687	     0.0873488	
166.000	     0.0867867	     0.0873371	
166.500	     0.0868043	     0.0873254	
167.000	     0.0868216	     0.0873136	
167.500	     0.0868216	     0.0873136	
168.000	     0.0868387	     0.0873019	
168.500	     0.0868554	     0.0872901	
169.000	     0.0868554	     0.0872901	
169.500	     0.0868719	     0.0872783	
170.000	     0.0868881	     0.0872664	
170.500	     0.0868881	     0.0872664	
171.000	      0.086904	     0.0872545	
171.500	     0.0869197	     0.0872425	
172.000	     0.0869352	     0.0872305	
172.500	     0.0869352	     0.0872305	
173.000	     0.0869504	     0.0872183	
173.500	     0.0869654	     0.0872061	
174.000	     0.0869654	     0.0872061	
174.500	     0.0869802	     0.0871939	
175.000	     0.0869948	     0.0871815	
175.500	     0.0870091	      0.087169	
176.000	     0.0870091	      0.087169	
176.500	     0.0870233	     0.0871564	
177.000	     0.0870373	     0.0871437	
177.500	     0.0870373	     0.0871437	
178.000	     0.0870512	     0.0871309	
178.500	     0.0870649	      0.087118	
179.000	     0.0870784	     0.0871049	
179.500	     0.0870784	     0.0871049	
180.000	     0.0870917	     0.0870917	
