
TracePro Release: 3 2 0 
Polar Candela Distribution Data for 
Data covers +/- 180.000 degrees from Normal
Data for Missed Rays
Data generated at 09:42:52 June 25, 2025

	   0.0	 180.0
0.000	       0.16208	       0.16208	
0.500	      0.161857	      0.162486	
1.000	      0.161857	      0.162486	
1.500	       0.16172	      0.163367	
2.000	      0.161628	      0.165982	
2.500	      0.161562	       0.18514	
3.000	      0.161562	       0.18514	
3.500	      0.161512	     0.0810585	
4.000	      0.161473	      0.185128	
4.500	      0.161473	      0.185128	
5.000	       0.16144	      0.165954	
5.500	      0.161413	      0.163315	
6.000	      0.161389	      0.162393	
6.500	      0.161389	      0.162393	
7.000	      0.161368	      0.161917	
7.500	       0.16135	      0.161567	
8.000	       0.16135	      0.161567	
8.500	      0.161333	      0.161178	
9.000	      0.161318	      0.160514	
9.500	      0.161304	      0.158715	
10.000	      0.161304	      0.158715	
10.500	      0.161291	      0.145926	
11.000	       0.16128	      0.322541	
11.500	       0.16128	      0.322541	
12.000	       0.16127	      0.145541	
12.500	      0.161261	      0.157262	
13.000	      0.161261	      0.157262	
13.500	      0.161253	      0.149349	
14.000	      0.161247	      0.316078	
14.500	      0.161242	     0.0114988	
15.000	      0.161242	     0.0114988	
15.500	      0.161239	      0.173019	
16.000	      0.161238	      0.165124	
16.500	      0.161238	      0.165124	
17.000	      0.161239	      0.173564	
17.500	      0.161242	     0.0435741	
18.000	      0.161248	      0.173275	
18.500	      0.161248	      0.173275	
19.000	      0.161257	      0.163913	
19.500	      0.161269	      0.162634	
20.000	      0.161269	      0.162634	
20.500	      0.161285	      0.162207	
21.000	      0.161307	      0.162015	
21.500	      0.161333	      0.161914	
22.000	      0.161333	      0.161914	
22.500	      0.161366	      0.161855	
23.000	      0.161405	      0.161816	
23.500	      0.161405	      0.161816	
24.000	      0.161454	      0.161788	
24.500	      0.161512	      0.161766	
25.000	      0.161582	      0.161744	
25.500	      0.161582	      0.161744	
26.000	      0.161665	      0.161718	
26.500	      0.161765	      0.161682	
27.000	      0.161765	      0.161682	
27.500	      0.161885	      0.161625	
28.000	      0.162029	       0.16152	
28.500	      0.162202	      0.161288	
29.000	      0.162202	      0.161288	
29.500	      0.162411	      0.160593	
30.000	      0.162664	      0.155478	
30.500	      0.162664	      0.155478	
31.000	      0.162972	      0.226617	
31.500	      0.163352	      0.155487	
32.000	      0.163822	      0.160611	
32.500	      0.163822	      0.160611	
33.000	      0.164414	      0.161315	
33.500	      0.165169	      0.161556	
34.000	      0.165169	      0.161556	
34.500	      0.166153	       0.16167	
35.000	      0.167471	      0.161737	
35.500	      0.167471	      0.161737	
36.000	      0.169309	      0.161785	
36.500	      0.172046	      0.161828	
37.000	      0.176611	      0.161883	
37.500	      0.176611	      0.161883	
38.000	      0.186082	      0.161988	
38.500	      0.216802	      0.162325	
39.000	      0.216802	      0.162325	
39.500	      0.542843	      0.165416	
40.000	       6.40088	      0.112465	
40.500	       16.1565	      0.210657	
41.000	       16.1565	      0.210657	
41.500	       16.7983	      0.158374	
42.000	       22.4809	      0.161402	
42.500	       22.4809	      0.161402	
43.000	       40.3854	      0.161723	
43.500	       28.4701	      0.161815	
44.000	       27.5124	      0.161853	
44.500	       27.5124	      0.161853	
45.000	       28.5608	      0.161874	
45.500	       30.2466	      0.161886	
46.000	       30.2466	      0.161886	
46.500	       30.9109	      0.161895	
47.000	       30.9748	      0.161902	
47.500	       31.8462	      0.161908	
48.000	       31.8462	      0.161908	
48.500	       28.1249	      0.161913	
49.000	       26.6045	      0.161918	
49.500	       26.6045	      0.161918	
50.000	       23.1076	      0.161922	
50.500	       11.3488	      0.161926	
51.000	      0.501294	       0.16193	
51.500	      0.501294	       0.16193	
52.000	     0.0844968	      0.161933	
52.500	      0.136392	      0.161936	
53.000	      0.136392	      0.161936	
53.500	      0.148841	       0.16194	
54.000	      0.152867	      0.161942	
54.500	      0.154225	      0.161945	
55.000	      0.154225	      0.161945	
55.500	      0.154485	      0.161948	
56.000	      0.154153	      0.161951	
56.500	      0.154153	      0.161951	
57.000	       0.15335	      0.161953	
57.500	      0.151924	      0.161955	
58.000	      0.151924	      0.161955	
58.500	      0.149182	      0.161958	
59.000	      0.142013	       0.16196	
59.500	     0.0937922	      0.161962	
60.000	     0.0937922	      0.161962	
60.500	      0.750173	      0.161964	
61.000	     0.0910178	      0.161966	
61.500	     0.0910178	      0.161966	
62.000	      0.135884	      0.161967	
62.500	      0.137945	      0.161969	
63.000	      0.129642	      0.161971	
63.500	      0.129642	      0.161971	
64.000	     0.0707667	      0.161972	
64.500	      0.800229	      0.161974	
65.000	      0.800229	      0.161974	
65.500	     0.0591107	      0.161975	
66.000	       1.52557	      0.161976	
66.500	     0.0639302	      0.161977	
67.000	     0.0639302	      0.161977	
67.500	      0.840087	      0.161978	
68.000	     0.0574763	      0.161979	
68.500	     0.0574763	      0.161979	
69.000	      0.210777	       0.16198	
69.500	      0.130829	      0.161981	
70.000	      0.143155	      0.161982	
70.500	      0.143155	      0.161982	
71.000	      0.153149	      0.161983	
71.500	      0.214144	      0.161983	
72.000	      0.214144	      0.161983	
72.500	      0.637063	      0.161984	
73.000	      0.209698	      0.161984	
73.500	      0.142066	      0.161984	
74.000	      0.142066	      0.161984	
74.500	      0.115596	      0.161985	
75.000	     0.0140519	      0.161985	
75.500	     0.0140519	      0.161985	
76.000	       1.72564	      0.161985	
76.500	     0.0216139	      0.161985	
77.000	     0.0943786	      0.161985	
77.500	     0.0943786	      0.161985	
78.000	     0.0479859	      0.161985	
78.500	      0.940776	      0.161984	
79.000	      0.940776	      0.161984	
79.500	     0.0710281	      0.161984	
80.000	      0.250473	      0.161984	
80.500	      0.250473	      0.161984	
81.000	        1.6383	      0.161983	
81.500	       2.06298	      0.161983	
82.000	       1.64449	      0.161982	
82.500	       1.64449	      0.161982	
83.000	      0.255887	      0.161981	
83.500	       0.14095	      0.161981	
84.000	       0.14095	      0.161981	
84.500	      0.179578	       0.16198	
85.000	      0.784784	      0.161979	
85.500	       1.15595	      0.161978	
86.000	       1.15595	      0.161978	
86.500	       2.84845	      0.161977	
87.000	       4.43983	      0.161975	
87.500	       4.43983	      0.161975	
88.000	       1.43002	      0.161974	
88.500	       3.40655	      0.161973	
89.000	       1.39466	      0.161971	
89.500	       1.39466	      0.161971	
90.000	       3.48855	       0.16197	
90.500	       2.04809	      0.161968	
91.000	       2.04809	      0.161968	
91.500	      0.884072	      0.161966	
92.000	      0.322104	      0.161964	
92.500	       2.48005	      0.161963	
93.000	       2.48005	      0.161963	
93.500	       1.25912	      0.161961	
94.000	       1.86333	      0.161958	
94.500	       1.86333	      0.161958	
95.000	       3.65943	      0.161956	
95.500	     0.0521409	      0.161954	
96.000	       1.28334	      0.161952	
96.500	       1.28334	      0.161952	
97.000	      0.407023	      0.161949	
97.500	       2.73753	      0.161947	
98.000	       2.73753	      0.161947	
98.500	       1.44659	      0.161944	
99.000	       4.95572	      0.161941	
99.500	        6.6433	      0.161939	
100.000	        6.6433	      0.161939	
100.500	       43.8302	      0.161936	
101.000	       424.713	      0.161933	
101.500	       424.713	      0.161933	
102.000	       41.3546	       0.16193	
102.500	       7.85173	      0.161926	
103.000	       7.85173	      0.161926	
103.500	       3.28943	      0.161923	
104.000	       1.75807	       0.16192	
104.500	       1.06026	      0.161916	
105.000	       1.06026	      0.161916	
105.500	      0.684131	      0.161913	
106.000	      0.458349	      0.161909	
106.500	      0.458349	      0.161909	
107.000	      0.312227	      0.161905	
107.500	      0.212241	      0.161901	
108.000	      0.140822	      0.161897	
108.500	      0.140822	      0.161897	
109.000	     0.0880343	      0.161893	
109.500	     0.0479168	      0.161889	
110.000	     0.0479168	      0.161889	
110.500	     0.0167151	      0.161884	
111.000	    0.00803055	       0.16188	
111.500	     0.0279864	      0.161875	
112.000	     0.0279864	      0.161875	
112.500	     0.0443139	      0.161871	
113.000	     0.0578423	      0.161866	
113.500	     0.0578423	      0.161866	
114.000	     0.0691769	      0.161861	
114.500	     0.0787679	      0.161856	
115.000	     0.0869555	      0.161851	
115.500	     0.0869555	      0.161851	
116.000	     0.0940007	      0.161845	
116.500	      0.100107	       0.16184	
117.000	      0.100107	       0.16184	
117.500	      0.105433	      0.161834	
118.000	      0.110108	      0.161829	
118.500	      0.114233	      0.161823	
119.000	      0.114233	      0.161823	
119.500	      0.117891	      0.161817	
120.000	       0.12115	      0.161811	
120.500	       0.12115	      0.161811	
121.000	      0.124066	      0.161805	
121.500	      0.126685	      0.161798	
122.000	      0.129047	      0.161792	
122.500	      0.129047	      0.161792	
123.000	      0.131185	      0.161785	
123.500	      0.133124	      0.161778	
124.000	      0.133124	      0.161778	
124.500	      0.134891	      0.161771	
125.000	      0.136503	      0.161764	
125.500	      0.136503	      0.161764	
126.000	       0.13798	      0.161757	
126.500	      0.139335	      0.161749	
127.000	      0.140582	      0.161742	
127.500	      0.140582	      0.161742	
128.000	      0.141732	      0.161734	
128.500	      0.142794	      0.161726	
129.000	      0.142794	      0.161726	
129.500	      0.143778	      0.161718	
130.000	       0.14469	       0.16171	
130.500	      0.145538	      0.161701	
131.000	      0.145538	      0.161701	
131.500	      0.146328	      0.161693	
132.000	      0.147064	      0.161684	
132.500	      0.147064	      0.161684	
133.000	      0.147752	      0.161675	
133.500	      0.148396	      0.161666	
134.000	      0.148999	      0.161656	
134.500	      0.148999	      0.161656	
135.000	      0.149564	      0.161647	
135.500	      0.150096	      0.161637	
136.000	      0.150096	      0.161637	
136.500	      0.150595	      0.161627	
137.000	      0.151066	      0.161617	
137.500	       0.15151	      0.161606	
138.000	       0.15151	      0.161606	
138.500	      0.151928	      0.161596	
139.000	      0.152324	      0.161585	
139.500	      0.152324	      0.161585	
140.000	      0.152699	      0.161574	
140.500	      0.153053	      0.161562	
141.000	      0.153389	      0.161551	
141.500	      0.153389	      0.161551	
142.000	      0.153708	      0.161539	
142.500	       0.15401	      0.161527	
143.000	       0.15401	      0.161527	
143.500	      0.154298	      0.161514	
144.000	      0.154571	      0.161502	
144.500	      0.154832	      0.161489	
145.000	      0.154832	      0.161489	
145.500	       0.15508	      0.161476	
146.000	      0.155316	      0.161462	
146.500	      0.155316	      0.161462	
147.000	      0.155542	      0.161449	
147.500	      0.155757	      0.161435	
148.000	      0.155757	      0.161435	
148.500	      0.155963	       0.16142	
149.000	       0.15616	      0.161406	
149.500	      0.156348	      0.161391	
150.000	      0.156348	      0.161391	
150.500	      0.156529	      0.161375	
151.000	      0.156701	       0.16136	
151.500	      0.156701	       0.16136	
152.000	      0.156867	      0.161344	
152.500	      0.157025	      0.161328	
153.000	      0.157178	      0.161311	
153.500	      0.157178	      0.161311	
154.000	      0.157324	      0.161294	
154.500	      0.157464	      0.161276	
155.000	      0.157464	      0.161276	
155.500	        0.1576	      0.161259	
156.000	      0.157729	       0.16124	
156.500	      0.157854	      0.161222	
157.000	      0.157854	      0.161222	
157.500	      0.157974	      0.161203	
158.000	       0.15809	      0.161183	
158.500	       0.15809	      0.161183	
159.000	      0.158202	      0.161163	
159.500	      0.158309	      0.161143	
160.000	      0.158413	      0.161122	
160.500	      0.158413	      0.161122	
161.000	      0.158513	      0.161101	
161.500	       0.15861	      0.161079	
162.000	       0.15861	      0.161079	
162.500	      0.158703	      0.161056	
163.000	      0.158793	      0.161033	
163.500	       0.15888	       0.16101	
164.000	       0.15888	       0.16101	
164.500	      0.158964	      0.160986	
165.000	      0.159045	      0.160961	
165.500	      0.159045	      0.160961	
166.000	      0.159124	      0.160936	
166.500	        0.1592	      0.160911	
167.000	      0.159273	      0.160884	
167.500	      0.159273	      0.160884	
168.000	      0.159344	      0.160857	
168.500	      0.159414	      0.160829	
169.000	      0.159414	      0.160829	
169.500	       0.15948	      0.160801	
170.000	      0.159545	      0.160772	
170.500	      0.159545	      0.160772	
171.000	      0.159608	      0.160742	
171.500	      0.159669	      0.160712	
172.000	      0.159728	       0.16068	
172.500	      0.159728	       0.16068	
173.000	      0.159785	      0.160648	
173.500	      0.159841	      0.160615	
174.000	      0.159841	      0.160615	
174.500	      0.159895	      0.160581	
175.000	      0.159948	      0.160546	
175.500	      0.159999	      0.160511	
176.000	      0.159999	      0.160511	
176.500	      0.160048	      0.160474	
177.000	      0.160096	      0.160437	
177.500	      0.160096	      0.160437	
178.000	      0.160143	      0.160398	
178.500	      0.160189	      0.160358	
179.000	      0.160233	      0.160318	
179.500	      0.160233	      0.160318	
180.000	      0.160276	      0.160276	
