
TracePro Release: 3 2 0 
Polar Candela Distribution Data for 
Data covers +/- 180.000 degrees from Normal
Data for Missed Rays
Data generated at 09:42:52 June 25, 2025

	   0.0	 180.0
0.000	      0.301594	      0.301594	
0.500	      0.301534	      0.301655	
1.000	      0.301534	      0.301655	
1.500	      0.301475	       0.30172	
2.000	      0.301417	      0.301792	
2.500	      0.301359	      0.301874	
3.000	      0.301359	      0.301874	
3.500	        0.3013	      0.301977	
4.000	       0.30124	      0.302119	
4.500	       0.30124	      0.302119	
5.000	       0.30118	      0.302347	
5.500	      0.301118	      0.302803	
6.000	      0.301055	      0.304091	
6.500	      0.301055	      0.304091	
7.000	      0.300991	      0.313352	
7.500	      0.300925	      0.184987	
8.000	      0.300925	      0.184987	
8.500	      0.300858	      0.313365	
9.000	      0.300789	      0.304097	
9.500	      0.300719	      0.302753	
10.000	      0.300719	      0.302753	
10.500	      0.300646	      0.302096	
11.000	      0.300572	      0.301106	
11.500	      0.300572	      0.301106	
12.000	      0.300496	      0.294264	
12.500	      0.300418	      0.403426	
13.000	      0.300418	      0.403426	
13.500	      0.300337	      0.195104	
14.000	      0.300255	      0.398304	
14.500	       0.30017	       0.29473	
15.000	       0.30017	       0.29473	
15.500	      0.300083	      0.301162	
16.000	      0.299993	      0.302001	
16.500	      0.299993	      0.302001	
17.000	      0.299901	      0.302334	
17.500	      0.299806	      0.302576	
18.000	      0.299708	      0.302894	
18.500	      0.299708	      0.302894	
19.000	      0.299607	      0.303656	
19.500	      0.299503	      0.308889	
20.000	      0.299503	      0.308889	
20.500	      0.299396	      0.236693	
21.000	      0.299286	       0.30892	
21.500	      0.299172	      0.303708	
22.000	      0.299172	      0.303708	
22.500	      0.299055	      0.302941	
23.000	      0.298934	      0.302535	
23.500	      0.298934	      0.302535	
24.000	      0.298809	      0.301866	
24.500	      0.298681	      0.297505	
25.000	      0.298548	      0.357711	
25.500	      0.298548	      0.357711	
26.000	       0.29841	      0.297512	
26.500	      0.298268	      0.301868	
27.000	      0.298268	      0.301868	
27.500	      0.298121	      0.302492	
28.000	      0.297969	      0.302742	
28.500	      0.297812	      0.302919	
29.000	      0.297812	      0.302919	
29.500	       0.29765	       0.30314	
30.000	      0.297481	      0.303651	
30.500	      0.297481	      0.303651	
31.000	      0.297307	      0.307108	
31.500	      0.297127	        0.2596	
32.000	      0.296939	      0.307162	
32.500	      0.296939	      0.307162	
33.000	      0.296745	      0.303764	
33.500	      0.296544	      0.303319	
34.000	      0.296544	      0.303319	
34.500	      0.296336	      0.303182	
35.000	      0.296119	      0.303129	
35.500	      0.296119	      0.303129	
36.000	      0.295895	      0.303109	
36.500	      0.295662	      0.303103	
37.000	       0.29542	      0.303104	
37.500	       0.29542	      0.303104	
38.000	      0.295169	       0.30311	
38.500	      0.294909	      0.303118	
39.000	      0.294909	      0.303118	
39.500	       0.29464	      0.303128	
40.000	      0.294362	      0.303139	
40.500	      0.294075	       0.30315	
41.000	      0.294075	       0.30315	
41.500	       0.29378	      0.303161	
42.000	       0.29348	      0.303173	
42.500	       0.29348	      0.303173	
43.000	      0.293178	      0.303185	
43.500	       0.29288	      0.303196	
44.000	      0.292599	      0.303208	
44.500	      0.292599	      0.303208	
45.000	      0.292357	      0.303219	
45.500	      0.292201	       0.30323	
46.000	      0.292201	       0.30323	
46.500	      0.292233	      0.303241	
47.000	      0.292709	      0.303252	
47.500	      0.294413	      0.303263	
48.000	      0.294413	      0.303263	
48.500	      0.300764	      0.303273	
49.000	      0.352397	      0.303283	
49.500	      0.352397	      0.303283	
50.000	      0.380373	      0.303293	
50.500	      0.349142	      0.303303	
51.000	      0.293069	      0.303313	
51.500	      0.293069	      0.303313	
52.000	      0.277217	      0.303322	
52.500	       0.21687	      0.303331	
53.000	       0.21687	      0.303331	
53.500	       1.00677	       0.30334	
54.000	      0.215921	      0.303349	
54.500	      0.313859	      0.303358	
55.000	      0.313859	      0.303358	
55.500	      0.615717	      0.303366	
56.000	       1.84565	      0.303374	
56.500	       1.84565	      0.303374	
57.000	      0.139175	      0.303382	
57.500	      0.239591	       0.30339	
58.000	      0.239591	       0.30339	
58.500	      0.188673	      0.303397	
59.000	       1.03178	      0.303404	
59.500	      0.123687	      0.303412	
60.000	      0.123687	      0.303412	
60.500	       1.04655	      0.303419	
61.000	      0.201783	      0.303425	
61.500	      0.201783	      0.303425	
62.000	      0.326346	      0.303432	
62.500	      0.541541	      0.303438	
63.000	      0.322741	      0.303444	
63.500	      0.322741	      0.303444	
64.000	      0.193084	       0.30345	
64.500	       1.05509	      0.303456	
65.000	       1.05509	      0.303456	
65.500	      0.102939	      0.303462	
66.000	       1.04171	      0.303467	
66.500	     0.0960244	      0.303472	
67.000	     0.0960244	      0.303472	
67.500	       1.04839	      0.303477	
68.000	       0.11607	      0.303482	
68.500	       0.11607	      0.303482	
69.000	       1.19847	      0.303487	
69.500	       1.53492	      0.303491	
70.000	       1.28698	      0.303496	
70.500	       1.28698	      0.303496	
71.000	      0.620709	        0.3035	
71.500	      0.391116	      0.303504	
72.000	      0.391116	      0.303504	
72.500	      0.565692	      0.303508	
73.000	      0.383923	      0.303511	
73.500	      0.595449	      0.303515	
74.000	      0.595449	      0.303515	
74.500	      0.273783	      0.303518	
75.000	     0.0751184	      0.303521	
75.500	     0.0751184	      0.303521	
76.000	        1.9208	      0.303524	
76.500	      0.858146	      0.303527	
77.000	       1.12528	       0.30353	
77.500	       1.12528	       0.30353	
78.000	      0.835024	      0.303532	
78.500	        2.1908	      0.303534	
79.000	        2.1908	      0.303534	
79.500	        3.2773	      0.303537	
80.000	      0.687004	      0.303539	
80.500	      0.687004	      0.303539	
81.000	        3.3102	       0.30354	
81.500	       2.23351	      0.303542	
82.000	       2.66469	      0.303544	
82.500	       2.66469	      0.303544	
83.000	       1.03234	      0.303545	
83.500	       1.16851	      0.303546	
84.000	       1.16851	      0.303546	
84.500	       1.53246	      0.303547	
85.000	       1.50372	      0.303548	
85.500	       1.19481	      0.303549	
86.000	       1.19481	      0.303549	
86.500	       1.95389	      0.303549	
87.000	      0.627368	       0.30355	
87.500	      0.627368	       0.30355	
88.000	       4.89555	       0.30355	
88.500	      0.272306	       0.30355	
89.000	       6.38932	       0.30355	
89.500	       6.38932	       0.30355	
90.000	       13.5468	       0.30355	
90.500	        76.684	      0.303549	
91.000	        76.684	      0.303549	
91.500	        776.85	      0.303549	
92.000	       75.7586	      0.303548	
92.500	        14.406	      0.303547	
93.000	        14.406	      0.303547	
93.500	       6.05213	      0.303546	
94.000	       3.07997	      0.303545	
94.500	       3.07997	      0.303545	
95.000	       1.95973	      0.303544	
95.500	       1.25675	      0.303542	
96.000	      0.839929	       0.30354	
96.500	      0.839929	       0.30354	
97.000	      0.570537	      0.303539	
97.500	      0.386254	      0.303537	
98.000	      0.386254	      0.303537	
98.500	      0.254621	      0.303534	
99.000	      0.157322	      0.303532	
99.500	     0.0833692	       0.30353	
100.000	     0.0833692	       0.30353	
100.500	     0.0258466	      0.303527	
101.000	     0.0197772	      0.303524	
101.500	     0.0197772	      0.303524	
102.000	     0.0565723	      0.303521	
102.500	     0.0866785	      0.303518	
103.000	     0.0866785	      0.303518	
103.500	      0.111624	      0.303515	
104.000	      0.132525	      0.303511	
104.500	      0.150211	      0.303508	
105.000	      0.150211	      0.303508	
105.500	      0.165309	      0.303504	
106.000	        0.1783	        0.3035	
106.500	        0.1783	        0.3035	
107.000	      0.189558	      0.303496	
107.500	       0.19938	      0.303491	
108.000	      0.207999	      0.303487	
108.500	      0.207999	      0.303487	
109.000	      0.215604	      0.303482	
109.500	      0.222348	      0.303477	
110.000	      0.222348	      0.303477	
110.500	      0.228356	      0.303472	
111.000	      0.233731	      0.303467	
111.500	       0.23856	      0.303462	
112.000	       0.23856	      0.303462	
112.500	      0.242914	      0.303456	
113.000	      0.246853	       0.30345	
113.500	      0.246853	       0.30345	
114.000	      0.250428	      0.303444	
114.500	      0.253683	      0.303438	
115.000	      0.256655	      0.303432	
115.500	      0.256655	      0.303432	
116.000	      0.259376	      0.303425	
116.500	      0.261873	      0.303418	
117.000	      0.261873	      0.303418	
117.500	       0.26417	      0.303411	
118.000	      0.266288	      0.303404	
118.500	      0.268245	      0.303397	
119.000	      0.268245	      0.303397	
119.500	      0.270057	      0.303389	
120.000	      0.271738	      0.303381	
120.500	      0.271738	      0.303381	
121.000	      0.273301	      0.303373	
121.500	      0.274755	      0.303365	
122.000	      0.276112	      0.303357	
122.500	      0.276112	      0.303357	
123.000	      0.277379	      0.303348	
123.500	      0.278564	      0.303339	
124.000	      0.278564	      0.303339	
124.500	      0.279674	       0.30333	
125.000	      0.280715	      0.303321	
125.500	      0.280715	      0.303321	
126.000	      0.281694	      0.303311	
126.500	      0.282614	      0.303302	
127.000	       0.28348	      0.303291	
127.500	       0.28348	      0.303291	
128.000	      0.284297	      0.303281	
128.500	      0.285068	      0.303271	
129.000	      0.285068	      0.303271	
129.500	      0.285797	       0.30326	
130.000	      0.286486	      0.303249	
130.500	      0.287139	      0.303238	
131.000	      0.287139	      0.303238	
131.500	      0.287757	      0.303226	
132.000	      0.288344	      0.303214	
132.500	      0.288344	      0.303214	
133.000	      0.288901	      0.303202	
133.500	       0.28943	       0.30319	
134.000	      0.289934	      0.303177	
134.500	      0.289934	      0.303177	
135.000	      0.290413	      0.303164	
135.500	       0.29087	      0.303151	
136.000	       0.29087	      0.303151	
136.500	      0.291305	      0.303137	
137.000	       0.29172	      0.303124	
137.500	      0.292117	      0.303109	
138.000	      0.292117	      0.303109	
138.500	      0.292496	      0.303095	
139.000	      0.292858	       0.30308	
139.500	      0.292858	       0.30308	
140.000	      0.293204	      0.303065	
140.500	      0.293536	       0.30305	
141.000	      0.293854	      0.303034	
141.500	      0.293854	      0.303034	
142.000	      0.294159	      0.303018	
142.500	      0.294451	      0.303002	
143.000	      0.294451	      0.303002	
143.500	      0.294731	      0.302985	
144.000	         0.295	      0.302968	
144.500	      0.295259	       0.30295	
145.000	      0.295259	       0.30295	
145.500	      0.295507	      0.302932	
146.000	      0.295746	      0.302914	
146.500	      0.295746	      0.302914	
147.000	      0.295976	      0.302895	
147.500	      0.296197	      0.302876	
148.000	      0.296197	      0.302876	
148.500	       0.29641	      0.302857	
149.000	      0.296615	      0.302837	
149.500	      0.296813	      0.302816	
150.000	      0.296813	      0.302816	
150.500	      0.297004	      0.302796	
151.000	      0.297188	      0.302774	
151.500	      0.297188	      0.302774	
152.000	      0.297366	      0.302753	
152.500	      0.297537	       0.30273	
153.000	      0.297703	      0.302708	
153.500	      0.297703	      0.302708	
154.000	      0.297863	      0.302685	
154.500	      0.298017	      0.302661	
155.000	      0.298017	      0.302661	
155.500	      0.298167	      0.302637	
156.000	      0.298311	      0.302612	
156.500	      0.298451	      0.302587	
157.000	      0.298451	      0.302587	
157.500	      0.298587	      0.302561	
158.000	      0.298718	      0.302535	
158.500	      0.298718	      0.302535	
159.000	      0.298845	      0.302508	
159.500	      0.298968	      0.302481	
160.000	      0.299087	      0.302453	
160.500	      0.299087	      0.302453	
161.000	      0.299203	      0.302424	
161.500	      0.299315	      0.302395	
162.000	      0.299315	      0.302395	
162.500	      0.299424	      0.302365	
163.000	      0.299529	      0.302334	
163.500	      0.299632	      0.302303	
164.000	      0.299632	      0.302303	
164.500	      0.299731	      0.302271	
165.000	      0.299828	      0.302238	
165.500	      0.299828	      0.302238	
166.000	      0.299921	      0.302205	
166.500	      0.300012	       0.30217	
167.000	      0.300101	      0.302135	
167.500	      0.300101	      0.302135	
168.000	      0.300187	        0.3021	
168.500	      0.300271	      0.302063	
169.000	      0.300271	      0.302063	
169.500	      0.300352	      0.302025	
170.000	      0.300431	      0.301987	
170.500	      0.300431	      0.301987	
171.000	      0.300508	      0.301948	
171.500	      0.300583	      0.301908	
172.000	      0.300656	      0.301867	
172.500	      0.300656	      0.301867	
173.000	      0.300727	      0.301825	
173.500	      0.300796	      0.301782	
174.000	      0.300796	      0.301782	
174.500	      0.300864	      0.301737	
175.000	      0.300929	      0.301692	
175.500	      0.300993	      0.301646	
176.000	      0.300993	      0.301646	
176.500	      0.301055	      0.301599	
177.000	      0.301116	       0.30155	
177.500	      0.301116	       0.30155	
178.000	      0.301175	        0.3015	
178.500	      0.301233	       0.30145	
179.000	      0.301289	      0.301397	
179.500	      0.301289	      0.301397	
180.000	      0.301344	      0.301344	
