
TracePro Release: 3 2 0 
Polar Candela Distribution Data for 
Data covers +/- 180.000 degrees from Normal
Data for Missed Rays
Data generated at 09:42:49 June 25, 2025

	   0.0	 180.0
0.000	      0.229831	      0.229831	
0.500	      0.215376	     0.0251287	
1.000	      0.215376	     0.0251287	
1.500	      0.217723	      0.450342	
2.000	      0.154231	      0.194685	
2.500	      0.212962	      0.208165	
3.000	      0.212962	      0.208165	
3.500	       0.18675	       0.20424	
4.000	      0.501908	      0.251727	
4.500	      0.501908	      0.251727	
5.000	     0.0664724	       0.17065	
5.500	      0.341833	      0.580062	
6.000	     0.0635276	      0.109689	
6.500	     0.0635276	      0.109689	
7.000	      0.355349	      0.900907	
7.500	     0.0993037	      0.756135	
8.000	     0.0993037	      0.756135	
8.500	      0.379251	       2.88898	
9.000	     0.0392375	     0.0307236	
9.500	      0.218352	      0.171948	
10.000	      0.218352	      0.171948	
10.500	      0.207123	      0.199369	
11.000	      0.222103	      0.208901	
11.500	      0.222103	      0.208901	
12.000	      0.251636	      0.213602	
12.500	       1.35405	      0.216496	
13.000	       1.35405	      0.216496	
13.500	      0.319123	      0.218597	
14.000	      0.809375	      0.220319	
14.500	     0.0719787	      0.221796	
15.000	     0.0719787	      0.221796	
15.500	      0.677516	       0.22272	
16.000	      0.768315	      0.217625	
16.500	      0.768315	      0.217625	
17.000	      0.926476	      0.319795	
17.500	      0.457863	       0.21739	
18.000	       1.13429	      0.319272	
18.500	       1.13429	      0.319272	
19.000	      0.538108	      0.239954	
19.500	      0.762673	      0.260989	
20.000	      0.762673	      0.260989	
20.500	      0.961099	      0.288434	
21.000	      0.757451	      0.346817	
21.500	      0.650316	      0.520716	
22.000	      0.650316	      0.520716	
22.500	       2.09087	       1.81312	
23.000	      0.902704	       16.4604	
23.500	      0.902704	       16.4604	
24.000	       1.10729	       3.50006	
24.500	       2.36758	      0.494585	
25.000	       1.53987	      0.913663	
25.500	       1.53987	      0.913663	
26.000	      0.782505	      0.142178	
26.500	       2.34435	      0.294037	
27.000	       2.34435	      0.294037	
27.500	       1.30904	      0.247248	
28.000	       1.44691	      0.319023	
28.500	      0.589551	      0.230213	
29.000	      0.589551	      0.230213	
29.500	       1.62021	      0.232735	
30.000	      0.597374	      0.232357	
30.500	      0.597374	      0.232357	
31.000	        1.0844	      0.241949	
31.500	       1.10044	     0.0837667	
32.000	       1.61939	      0.239557	
32.500	       1.61939	      0.239557	
33.000	       1.92552	      0.227441	
33.500	      0.788703	      0.225243	
34.000	      0.788703	      0.225243	
34.500	       1.43255	        0.2242	
35.000	       1.18654	      0.223543	
35.500	       1.18654	      0.223543	
36.000	       2.14981	      0.223081	
36.500	      0.844233	      0.222745	
37.000	         3.382	      0.222506	
37.500	         3.382	      0.222506	
38.000	       2.67609	      0.222363	
38.500	       31.2413	      0.222342	
39.000	       31.2413	      0.222342	
39.500	       304.442	      0.222551	
40.000	       30.6301	      0.223458	
40.500	       4.66861	      0.230379	
41.000	       4.66861	      0.230379	
41.500	       3.36938	      0.137175	
42.000	     0.0848699	      0.237124	
42.500	     0.0848699	      0.237124	
43.000	       1.87847	      0.145553	
43.500	       1.33588	      0.229316	
44.000	       1.31026	      0.222864	
44.500	       1.31026	      0.222864	
45.000	       3.72121	      0.221861	
45.500	       1.81464	      0.221493	
46.000	       1.81464	      0.221493	
46.500	        1.3497	      0.221332	
47.000	       1.55878	      0.221293	
47.500	      0.948951	      0.221402	
48.000	      0.948951	      0.221402	
48.500	       1.10221	      0.221925	
49.000	      0.706643	      0.226178	
49.500	      0.706643	      0.226178	
50.000	       1.50432	      0.166367	
50.500	       2.82475	      0.226112	
51.000	       1.17104	      0.221786	
51.500	       1.17104	      0.221786	
52.000	       0.37717	       0.22118	
52.500	        2.4769	      0.220968	
53.000	        2.4769	      0.220968	
53.500	       2.29892	      0.220866	
54.000	       6.78886	      0.220808	
54.500	       50.4531	      0.220771	
55.000	       50.4531	      0.220771	
55.500	       6.42792	      0.220747	
56.000	      0.533394	       0.22073	
56.500	      0.533394	       0.22073	
57.000	       1.31365	      0.220717	
57.500	       2.10815	      0.220709	
58.000	       2.10815	      0.220709	
58.500	       1.73822	      0.220703	
59.000	       1.62822	      0.220699	
59.500	        5.9342	      0.220696	
60.000	        5.9342	      0.220696	
60.500	      0.698522	      0.220695	
61.000	      0.143728	      0.220695	
61.500	      0.143728	      0.220695	
62.000	       1.86683	      0.220696	
62.500	       1.90469	      0.220697	
63.000	       1.49598	      0.220699	
63.500	       1.49598	      0.220699	
64.000	        1.2136	      0.220702	
64.500	       1.35138	      0.220705	
65.000	       1.35138	      0.220705	
65.500	       2.05892	      0.220708	
66.000	       1.15093	      0.220712	
66.500	      0.409615	      0.220716	
67.000	      0.409615	      0.220716	
67.500	       3.43504	       0.22072	
68.000	      0.520907	      0.220724	
68.500	      0.520907	      0.220724	
69.000	       4.59088	      0.220729	
69.500	       2.00708	      0.220734	
70.000	       1.53235	      0.220738	
70.500	       1.53235	      0.220738	
71.000	       1.10215	      0.220743	
71.500	       1.93711	      0.220748	
72.000	       1.93711	      0.220748	
72.500	       1.49318	      0.220753	
73.000	       7.65207	      0.220758	
73.500	       7.24468	      0.220763	
74.000	       7.24468	      0.220763	
74.500	       4.61847	      0.220767	
75.000	       6.91498	      0.220772	
75.500	       6.91498	      0.220772	
76.000	       5.57449	      0.220777	
76.500	       7.88526	      0.220782	
77.000	        6.2633	      0.220787	
77.500	        6.2633	      0.220787	
78.000	       5.30374	      0.220791	
78.500	       4.48612	      0.220796	
79.000	       4.48612	      0.220796	
79.500	       6.91798	      0.220801	
80.000	        4.1274	      0.220805	
80.500	        4.1274	      0.220805	
81.000	       2.30141	       0.22081	
81.500	        7.9205	      0.220814	
82.000	       2.99989	      0.220819	
82.500	       2.99989	      0.220819	
83.000	       2.39941	      0.220823	
83.500	       4.88617	      0.220827	
84.000	       4.88617	      0.220827	
84.500	         1.555	      0.220831	
85.000	       1.64817	      0.220835	
85.500	       2.82568	      0.220839	
86.000	       2.82568	      0.220839	
86.500	      0.985593	      0.220843	
87.000	        2.9271	      0.220846	
87.500	        2.9271	      0.220846	
88.000	       3.27084	       0.22085	
88.500	       1.43925	      0.220853	
89.000	       1.49767	      0.220857	
89.500	       1.49767	      0.220857	
90.000	      0.584207	       0.22086	
90.500	      0.612969	      0.220863	
91.000	      0.612969	      0.220863	
91.500	      0.209525	      0.220866	
92.000	     0.0147062	      0.220869	
92.500	       1.74834	      0.220872	
93.000	       1.74834	      0.220872	
93.500	      0.925518	      0.220875	
94.000	       1.62357	      0.220877	
94.500	       1.62357	      0.220877	
95.000	      0.126285	       0.22088	
95.500	      0.895099	      0.220882	
96.000	      0.863343	      0.220884	
96.500	      0.863343	      0.220884	
97.000	      0.975743	      0.220886	
97.500	      0.895077	      0.220888	
98.000	      0.895077	      0.220888	
98.500	      0.192632	       0.22089	
99.000	      0.488392	      0.220892	
99.500	      0.131564	      0.220894	
100.000	      0.131564	      0.220894	
100.500	       1.84157	      0.220895	
101.000	       3.93594	      0.220897	
101.500	       3.93594	      0.220897	
102.000	       21.7715	      0.220898	
102.500	       224.603	      0.220899	
103.000	       224.603	      0.220899	
103.500	       21.8583	        0.2209	
104.000	       4.02327	      0.220901	
104.500	       1.61283	      0.220902	
105.000	       1.61283	      0.220902	
105.500	      0.801399	      0.220903	
106.000	      0.431181	      0.220903	
106.500	      0.431181	      0.220903	
107.000	      0.231428	      0.220904	
107.500	      0.111416	      0.220904	
108.000	     0.0336815	      0.220904	
108.500	     0.0336815	      0.220904	
109.000	     0.0195519	      0.220904	
109.500	     0.0576065	      0.220904	
110.000	     0.0576065	      0.220904	
110.500	     0.0857562	      0.220904	
111.000	      0.107167	      0.220903	
111.500	      0.123834	      0.220903	
112.000	      0.123834	      0.220903	
112.500	      0.137064	      0.220902	
113.000	      0.147744	      0.220902	
113.500	      0.147744	      0.220902	
114.000	       0.15649	      0.220901	
114.500	      0.163744	        0.2209	
115.000	      0.169829	      0.220899	
115.500	      0.169829	      0.220899	
116.000	      0.174984	      0.220898	
116.500	      0.179389	      0.220896	
117.000	      0.179389	      0.220896	
117.500	      0.183185	      0.220895	
118.000	      0.186479	      0.220893	
118.500	      0.189357	      0.220891	
119.000	      0.189357	      0.220891	
119.500	      0.191886	      0.220889	
120.000	      0.194121	      0.220887	
120.500	      0.194121	      0.220887	
121.000	      0.196106	      0.220885	
121.500	      0.197878	      0.220883	
122.000	      0.199465	       0.22088	
122.500	      0.199465	       0.22088	
123.000	      0.200894	      0.220878	
123.500	      0.202185	      0.220875	
124.000	      0.202185	      0.220875	
124.500	      0.203355	      0.220872	
125.000	      0.204419	      0.220869	
125.500	      0.204419	      0.220869	
126.000	      0.205389	      0.220866	
126.500	      0.206277	      0.220862	
127.000	      0.207092	      0.220859	
127.500	      0.207092	      0.220859	
128.000	      0.207841	      0.220855	
128.500	      0.208532	      0.220851	
129.000	      0.208532	      0.220851	
129.500	       0.20917	      0.220847	
130.000	      0.209761	      0.220843	
130.500	       0.21031	      0.220839	
131.000	       0.21031	      0.220839	
131.500	       0.21082	      0.220834	
132.000	      0.211295	       0.22083	
132.500	      0.211295	       0.22083	
133.000	      0.211738	      0.220825	
133.500	      0.212153	       0.22082	
134.000	      0.212541	      0.220815	
134.500	      0.212541	      0.220815	
135.000	      0.212904	      0.220809	
135.500	      0.213246	      0.220804	
136.000	      0.213246	      0.220804	
136.500	      0.213568	      0.220798	
137.000	       0.21387	      0.220792	
137.500	      0.214156	      0.220786	
138.000	      0.214156	      0.220786	
138.500	      0.214425	       0.22078	
139.000	      0.214679	      0.220774	
139.500	      0.214679	      0.220774	
140.000	       0.21492	      0.220767	
140.500	      0.215149	       0.22076	
141.000	      0.215365	      0.220753	
141.500	      0.215365	      0.220753	
142.000	       0.21557	      0.220746	
142.500	      0.215766	      0.220739	
143.000	      0.215766	      0.220739	
143.500	      0.215951	      0.220731	
144.000	      0.216128	      0.220723	
144.500	      0.216296	      0.220715	
145.000	      0.216296	      0.220715	
145.500	      0.216457	      0.220707	
146.000	       0.21661	      0.220698	
146.500	       0.21661	      0.220698	
147.000	      0.216757	       0.22069	
147.500	      0.216896	      0.220681	
148.000	      0.216896	      0.220681	
148.500	       0.21703	      0.220671	
149.000	      0.217158	      0.220662	
149.500	      0.217281	      0.220652	
150.000	      0.217281	      0.220652	
150.500	      0.217398	      0.220642	
151.000	      0.217511	      0.220632	
151.500	      0.217511	      0.220632	
152.000	      0.217619	      0.220622	
152.500	      0.217723	      0.220611	
153.000	      0.217823	        0.2206	
153.500	      0.217823	        0.2206	
154.000	      0.217919	      0.220589	
154.500	      0.218011	      0.220577	
155.000	      0.218011	      0.220577	
155.500	        0.2181	      0.220565	
156.000	      0.218186	      0.220553	
156.500	      0.218268	      0.220541	
157.000	      0.218268	      0.220541	
157.500	      0.218348	      0.220528	
158.000	      0.218424	      0.220515	
158.500	      0.218424	      0.220515	
159.000	      0.218498	      0.220501	
159.500	       0.21857	      0.220487	
160.000	      0.218638	      0.220473	
160.500	      0.218638	      0.220473	
161.000	      0.218705	      0.220459	
161.500	      0.218769	      0.220444	
162.000	      0.218769	      0.220444	
162.500	      0.218831	      0.220429	
163.000	      0.218891	      0.220413	
163.500	       0.21895	      0.220397	
164.000	       0.21895	      0.220397	
164.500	      0.219006	      0.220381	
165.000	       0.21906	      0.220364	
165.500	       0.21906	      0.220364	
166.000	      0.219113	      0.220347	
166.500	      0.219164	      0.220329	
167.000	      0.219214	      0.220311	
167.500	      0.219214	      0.220311	
168.000	      0.219262	      0.220293	
168.500	      0.219308	      0.220274	
169.000	      0.219308	      0.220274	
169.500	      0.219353	      0.220254	
170.000	      0.219397	      0.220234	
170.500	      0.219397	      0.220234	
171.000	       0.21944	      0.220214	
171.500	      0.219481	      0.220193	
172.000	      0.219521	      0.220172	
172.500	      0.219521	      0.220172	
173.000	       0.21956	      0.220149	
173.500	      0.219598	      0.220127	
174.000	      0.219598	      0.220127	
174.500	      0.219635	      0.220104	
175.000	       0.21967	       0.22008	
175.500	      0.219705	      0.220055	
176.000	      0.219705	      0.220055	
176.500	      0.219739	       0.22003	
177.000	      0.219772	      0.220004	
177.500	      0.219772	      0.220004	
178.000	      0.219804	      0.219978	
178.500	      0.219835	      0.219951	
179.000	      0.219865	      0.219923	
179.500	      0.219865	      0.219923	
180.000	      0.219894	      0.219894	
