
TracePro Release: 3 2 0 
Polar Candela Distribution Data for 
Data covers +/- 180.000 degrees from Normal
Data for Missed Rays
Data generated at 09:47:55 June 25, 2025

	   0.0	 180.0
0.000	     0.0942857	     0.0942857	
0.500	      0.094082	     0.0944068	
1.000	      0.094082	     0.0944068	
1.500	     0.0938297	     0.0943394	
2.000	     0.0935419	     0.0936227	
2.500	     0.0932235	     0.0868129	
3.000	     0.0932235	     0.0868129	
3.500	     0.0928758	      0.184904	
4.000	     0.0924985	     0.0872485	
4.500	     0.0924985	     0.0872485	
5.000	     0.0920899	     0.0944775	
5.500	     0.0916477	     0.0955381	
6.000	      0.091169	      0.095554	
6.500	      0.091169	      0.095554	
7.000	       0.09065	     0.0906051	
7.500	     0.0900866	      0.173674	
8.000	     0.0900866	      0.173674	
8.500	     0.0894737	     0.0963963	
9.000	     0.0888057	       0.13198	
9.500	     0.0880757	      0.277785	
10.000	     0.0880757	      0.277785	
10.500	      0.087276	      0.133325	
11.000	     0.0863976	      0.104012	
11.500	     0.0863976	      0.104012	
12.000	     0.0854297	      0.100163	
12.500	     0.0843599	      0.098957	
13.000	     0.0843599	      0.098957	
13.500	     0.0831733	     0.0984675	
14.000	     0.0818525	      0.098249	
14.500	     0.0803763	     0.0981536	
15.000	     0.0803763	     0.0981536	
15.500	     0.0787194	      0.098121	
16.000	     0.0768511	     0.0981229	
16.500	     0.0768511	     0.0981229	
17.000	     0.0747338	     0.0981447	
17.500	     0.0723213	     0.0981784	
18.000	     0.0695561	     0.0982191	
18.500	     0.0695561	     0.0982191	
19.000	     0.0663659	      0.098264	
19.500	     0.0626589	     0.0983112	
20.000	     0.0626589	     0.0983112	
20.500	     0.0583171	     0.0983595	
21.000	     0.0531869	     0.0984082	
21.500	     0.0470649	     0.0984566	
22.000	     0.0470649	     0.0984566	
22.500	      0.039678	     0.0985045	
23.000	     0.0306517	     0.0985515	
23.500	     0.0306517	     0.0985515	
24.000	     0.0194623	     0.0985976	
24.500	    0.00535801	     0.0986427	
25.000	       0.01277	     0.0986865	
25.500	       0.01277	     0.0986865	
26.000	     0.0366139	     0.0987292	
26.500	     0.0688597	     0.0987708	
27.000	     0.0688597	     0.0987708	
27.500	      0.113982	     0.0988111	
28.000	      0.179892	     0.0988502	
28.500	      0.281677	     0.0988882	
29.000	      0.281677	     0.0988882	
29.500	      0.451144	     0.0989251	
30.000	      0.765351	     0.0989608	
30.500	      0.765351	     0.0989608	
31.000	       1.45446	     0.0989955	
31.500	       3.50623	     0.0990291	
32.000	       18.5656	     0.0990617	
32.500	       18.5656	     0.0990617	
33.000	       190.929	     0.0990933	
33.500	       20.3977	      0.099124	
34.000	       20.3977	      0.099124	
34.500	      0.195549	     0.0991537	
35.000	       6.81532	     0.0991825	
35.500	       6.81532	     0.0991825	
36.000	       3.51187	     0.0992105	
36.500	       3.14879	     0.0992376	
37.000	       4.09149	     0.0992639	
37.500	       4.09149	     0.0992639	
38.000	       6.79805	     0.0992895	
38.500	       5.57883	     0.0993143	
39.000	       5.57883	     0.0993143	
39.500	       6.56781	     0.0993383	
40.000	       9.44434	     0.0993617	
40.500	       7.34099	     0.0993844	
41.000	       7.34099	     0.0993844	
41.500	        8.3446	     0.0994064	
42.000	       6.10032	     0.0994278	
42.500	       6.10032	     0.0994278	
43.000	       8.65425	     0.0994486	
43.500	       9.89498	     0.0994688	
44.000	       8.95322	     0.0994884	
44.500	       8.95322	     0.0994884	
45.000	       8.66597	     0.0995075	
45.500	       7.75017	      0.099526	
46.000	       7.75017	      0.099526	
46.500	       8.15955	     0.0995441	
47.000	       9.43958	     0.0995616	
47.500	       7.73561	     0.0995786	
48.000	       7.73561	     0.0995786	
48.500	        2.0461	     0.0995952	
49.000	       6.67457	     0.0996113	
49.500	       6.67457	     0.0996113	
50.000	        17.615	      0.099627	
50.500	       17.5893	     0.0996422	
51.000	        14.538	     0.0996571	
51.500	        14.538	     0.0996571	
52.000	       10.1729	     0.0996715	
52.500	       8.63627	     0.0996856	
53.000	       8.63627	     0.0996856	
53.500	        11.064	     0.0996992	
54.000	       11.7352	     0.0997125	
54.500	       15.1828	     0.0997255	
55.000	       15.1828	     0.0997255	
55.500	        19.213	     0.0997381	
56.000	       15.6454	     0.0997504	
56.500	       15.6454	     0.0997504	
57.000	       13.1424	     0.0997623	
57.500	       16.4268	      0.099774	
58.000	       16.4268	      0.099774	
58.500	       19.7426	     0.0997853	
59.000	       13.1121	     0.0997963	
59.500	       4.22012	     0.0998071	
60.000	       4.22012	     0.0998071	
60.500	      0.106464	     0.0998175	
61.000	     0.0742572	     0.0998277	
61.500	     0.0742572	     0.0998277	
62.000	     0.0883021	     0.0998376	
62.500	     0.0919734	     0.0998473	
63.000	     0.0936129	     0.0998567	
63.500	     0.0936129	     0.0998567	
64.000	     0.0946103	     0.0998658	
64.500	     0.0953184	     0.0998747	
65.000	     0.0953184	     0.0998747	
65.500	     0.0958371	     0.0998834	
66.000	     0.0961609	     0.0998919	
66.500	     0.0961688	     0.0999001	
67.000	     0.0961688	     0.0999001	
67.500	     0.0954292	     0.0999081	
68.000	     0.0920261	     0.0999159	
68.500	     0.0920261	     0.0999159	
69.000	      0.063251	     0.0999235	
69.500	      0.472188	     0.0999309	
70.000	     0.0645288	      0.099938	
70.500	     0.0645288	      0.099938	
71.000	     0.0945987	      0.099945	
71.500	     0.0993319	     0.0999518	
72.000	     0.0993319	     0.0999518	
72.500	      0.101457	     0.0999584	
73.000	      0.102915	     0.0999649	
73.500	      0.104169	     0.0999711	
74.000	      0.104169	     0.0999711	
74.500	      0.105387	     0.0999772	
75.000	      0.106652	     0.0999831	
75.500	      0.106652	     0.0999831	
76.000	      0.108018	     0.0999889	
76.500	      0.109532	     0.0999944	
77.000	      0.111246	     0.0999998	
77.500	      0.111246	     0.0999998	
78.000	      0.113217	      0.100005	
78.500	      0.115522	       0.10001	
79.000	      0.115522	       0.10001	
79.500	      0.118265	      0.100015	
80.000	      0.121599	       0.10002	
80.500	      0.121599	       0.10002	
81.000	      0.125769	      0.100025	
81.500	      0.131238	      0.100029	
82.000	      0.139117	      0.100033	
82.500	      0.139117	      0.100033	
83.000	       0.15355	      0.100038	
83.500	      0.220615	      0.100042	
84.000	      0.220615	      0.100042	
84.500	      0.593809	      0.100046	
85.000	      0.237734	       0.10005	
85.500	      0.140753	      0.100053	
86.000	      0.140753	      0.100053	
86.500	       1.00566	      0.100057	
87.000	      0.214865	       0.10006	
87.500	      0.214865	       0.10006	
88.000	      0.360271	      0.100064	
88.500	      0.528206	      0.100067	
89.000	      0.883324	       0.10007	
89.500	      0.883324	       0.10007	
90.000	        1.9373	      0.100073	
90.500	       9.68221	      0.100076	
91.000	       9.68221	      0.100076	
91.500	       98.1685	      0.100078	
92.000	       11.1148	      0.100081	
92.500	      0.930745	      0.100083	
93.000	      0.930745	      0.100083	
93.500	       4.48365	      0.100086	
94.000	       1.74632	      0.100088	
94.500	       1.74632	      0.100088	
95.000	        3.7056	       0.10009	
95.500	      0.341316	      0.100092	
96.000	       3.54153	      0.100094	
96.500	       3.54153	      0.100094	
97.000	       2.16802	      0.100096	
97.500	       4.47491	      0.100097	
98.000	       4.47491	      0.100097	
98.500	        2.1377	      0.100099	
99.000	       3.46348	        0.1001	
99.500	       2.69462	      0.100102	
100.000	       2.69462	      0.100102	
100.500	       1.29763	      0.100103	
101.000	       2.36422	      0.100104	
101.500	       2.36422	      0.100104	
102.000	       2.89222	      0.100105	
102.500	       2.05691	      0.100106	
103.000	       2.05691	      0.100106	
103.500	       3.54108	      0.100107	
104.000	      0.170043	      0.100108	
104.500	      0.196959	      0.100108	
105.000	      0.196959	      0.100108	
105.500	       1.68434	      0.100109	
106.000	       2.12976	      0.100109	
106.500	       2.12976	      0.100109	
107.000	       2.56788	       0.10011	
107.500	       1.23645	       0.10011	
108.000	      0.717869	       0.10011	
108.500	      0.717869	       0.10011	
109.000	      0.532934	       0.10011	
109.500	       4.18388	       0.10011	
110.000	       4.18388	       0.10011	
110.500	       2.13086	       0.10011	
111.000	     0.0101926	      0.100109	
111.500	     0.0686456	      0.100109	
112.000	     0.0686456	      0.100109	
112.500	     0.0642584	      0.100108	
113.000	     0.0552398	      0.100108	
113.500	     0.0552398	      0.100108	
114.000	     0.0445755	      0.100107	
114.500	     0.0319054	      0.100106	
115.000	     0.0162689	      0.100105	
115.500	     0.0162689	      0.100105	
116.000	    0.00377892	      0.100104	
116.500	     0.0304666	      0.100103	
117.000	     0.0304666	      0.100103	
117.500	     0.0674512	      0.100102	
118.000	      0.121156	        0.1001	
118.500	      0.203798	      0.100099	
119.000	      0.203798	      0.100099	
119.500	      0.341103	      0.100097	
120.000	      0.595371	      0.100095	
120.500	      0.595371	      0.100095	
121.000	       1.15261	      0.100093	
121.500	        2.8108	      0.100091	
122.000	       14.9709	      0.100089	
122.500	       14.9709	      0.100089	
123.000	       153.988	      0.100087	
123.500	       14.9713	      0.100085	
124.000	       14.9713	      0.100085	
124.500	       2.81152	      0.100082	
125.000	        1.1537	       0.10008	
125.500	        1.1537	       0.10008	
126.000	      0.596848	      0.100077	
126.500	      0.342993	      0.100074	
127.000	      0.206131	      0.100071	
127.500	      0.206131	      0.100071	
128.000	      0.123976	      0.100068	
128.500	     0.0708153	      0.100065	
129.000	     0.0708153	      0.100065	
129.500	     0.0344522	      0.100062	
130.000	     0.0084911	      0.100058	
130.500	      0.010685	      0.100054	
131.000	      0.010685	      0.100054	
131.500	     0.0252474	      0.100051	
132.000	     0.0365633	      0.100047	
132.500	     0.0365633	      0.100047	
133.000	     0.0455289	      0.100043	
133.500	     0.0527511	      0.100038	
134.000	     0.0586532	      0.100034	
134.500	     0.0586532	      0.100034	
135.000	     0.0635373	      0.100029	
135.500	     0.0676239	      0.100025	
136.000	     0.0676239	      0.100025	
136.500	      0.071077	       0.10002	
137.000	     0.0740204	      0.100015	
137.500	     0.0765494	      0.100009	
138.000	     0.0765494	      0.100009	
138.500	     0.0787377	      0.100004	
139.000	     0.0806437	     0.0999985	
139.500	     0.0806437	     0.0999985	
140.000	     0.0823135	     0.0999928	
140.500	     0.0837845	     0.0999868	
141.000	     0.0850868	     0.0999807	
141.500	     0.0850868	     0.0999807	
142.000	     0.0862451	     0.0999744	
142.500	     0.0872796	     0.0999678	
143.000	     0.0872796	     0.0999678	
143.500	     0.0882073	     0.0999611	
144.000	     0.0890424	     0.0999541	
144.500	     0.0897965	      0.099947	
145.000	     0.0897965	      0.099947	
145.500	     0.0904799	     0.0999396	
146.000	      0.091101	     0.0999319	
146.500	      0.091101	     0.0999319	
147.000	      0.091667	     0.0999241	
147.500	     0.0921843	      0.099916	
148.000	     0.0921843	      0.099916	
148.500	     0.0926583	     0.0999076	
149.000	     0.0930935	      0.099899	
149.500	     0.0934942	     0.0998902	
150.000	     0.0934942	     0.0998902	
150.500	     0.0938637	      0.099881	
151.000	     0.0942053	     0.0998716	
151.500	     0.0942053	     0.0998716	
152.000	     0.0945217	     0.0998619	
152.500	     0.0948152	     0.0998519	
153.000	     0.0950879	     0.0998416	
153.500	     0.0950879	     0.0998416	
154.000	     0.0953419	     0.0998309	
154.500	     0.0955787	       0.09982	
155.000	     0.0955787	       0.09982	
155.500	     0.0957999	     0.0998087	
156.000	     0.0960067	     0.0997971	
156.500	     0.0962004	     0.0997851	
157.000	     0.0962004	     0.0997851	
157.500	     0.0963821	     0.0997727	
158.000	     0.0965527	     0.0997599	
158.500	     0.0965527	     0.0997599	
159.000	     0.0967131	     0.0997468	
159.500	     0.0968641	     0.0997332	
160.000	     0.0970064	     0.0997192	
160.500	     0.0970064	     0.0997192	
161.000	     0.0971407	     0.0997048	
161.500	     0.0972675	     0.0996899	
162.000	     0.0972675	     0.0996899	
162.500	     0.0973873	     0.0996746	
163.000	     0.0975007	     0.0996587	
163.500	     0.0976082	     0.0996424	
164.000	     0.0976082	     0.0996424	
164.500	       0.09771	     0.0996255	
165.000	     0.0978067	     0.0996081	
165.500	     0.0978067	     0.0996081	
166.000	     0.0978985	       0.09959	
166.500	     0.0979858	     0.0995714	
167.000	     0.0980688	     0.0995522	
167.500	     0.0980688	     0.0995522	
168.000	     0.0981478	     0.0995324	
168.500	     0.0982231	     0.0995118	
169.000	     0.0982231	     0.0995118	
169.500	     0.0982949	     0.0994906	
170.000	     0.0983634	     0.0994687	
170.500	     0.0983634	     0.0994687	
171.000	     0.0984288	      0.099446	
171.500	     0.0984912	     0.0994225	
172.000	      0.098551	     0.0993981	
172.500	      0.098551	     0.0993981	
173.000	     0.0986081	      0.099373	
173.500	     0.0986628	     0.0993469	
174.000	     0.0986628	     0.0993469	
174.500	     0.0987151	     0.0993199	
175.000	     0.0987653	     0.0992919	
175.500	     0.0988134	     0.0992629	
176.000	     0.0988134	     0.0992629	
176.500	     0.0988595	     0.0992327	
177.000	     0.0989038	     0.0992015	
177.500	     0.0989038	     0.0992015	
178.000	     0.0989463	     0.0991691	
178.500	     0.0989872	     0.0991355	
179.000	     0.0990264	     0.0991005	
179.500	     0.0990264	     0.0991005	
180.000	     0.0990642	     0.0990642	
