
TracePro Release: 3 2 0 
Polar Candela Distribution Data for 
Data covers +/- 180.000 degrees from Normal
Data for Missed Rays
Data generated at 09:47:57 June 25, 2025

	   0.0	 180.0
0.000	      0.388588	      0.388588	
0.500	     0.0794836	      0.575984	
1.000	     0.0794836	      0.575984	
1.500	      0.615081	      0.534495	
2.000	      0.270275	     0.0316316	
2.500	       1.15212	      0.574082	
3.000	       1.15212	      0.574082	
3.500	       2.01235	       1.03078	
4.000	       2.28312	      0.612321	
4.500	       2.28312	      0.612321	
5.000	       2.83376	      0.831009	
5.500	       2.46497	      0.804157	
6.000	       4.70138	      0.547628	
6.500	       4.70138	      0.547628	
7.000	       2.75955	      0.232292	
7.500	       3.86853	      0.755429	
8.000	       3.86853	      0.755429	
8.500	       6.44543	       1.29659	
9.000	       3.59853	       1.18402	
9.500	       6.25756	       2.38885	
10.000	       6.25756	       2.38885	
10.500	       7.77722	      0.208685	
11.000	       6.85677	       1.46344	
11.500	       6.85677	       1.46344	
12.000	       7.09085	      0.728781	
12.500	       12.4132	      0.545273	
13.000	       12.4132	      0.545273	
13.500	       7.65971	     0.0628314	
14.000	       9.11704	      0.478513	
14.500	       11.9181	        1.8746	
15.000	       11.9181	        1.8746	
15.500	       12.0508	       2.23775	
16.000	       12.3422	       1.50095	
16.500	       12.3422	       1.50095	
17.000	       8.48017	       1.00001	
17.500	       1.80965	        1.6845	
18.000	       2.75167	      0.813376	
18.500	       2.75167	      0.813376	
19.000	       1.98494	      0.148596	
19.500	       2.24898	       3.23895	
20.000	       2.24898	       3.23895	
20.500	       2.31362	       5.04951	
21.000	         1.992	      0.418807	
21.500	       4.31452	      0.151122	
22.000	       4.31452	      0.151122	
22.500	       2.61052	       1.94589	
23.000	       1.30049	       1.17099	
23.500	       1.30049	       1.17099	
24.000	       1.82899	       1.38843	
24.500	       1.05867	      0.561753	
25.000	       1.57809	      0.135783	
25.500	       1.57809	      0.135783	
26.000	      0.697618	      0.449001	
26.500	       3.06331	      0.464488	
27.000	       3.06331	      0.464488	
27.500	      0.176657	       1.03255	
28.000	      0.897038	      0.134944	
28.500	       2.37343	       3.65422	
29.000	       2.37343	       3.65422	
29.500	       1.94752	       5.36713	
30.000	       2.66344	       32.3913	
30.500	       2.66344	       32.3913	
31.000	       2.86581	       335.413	
31.500	       1.61861	       69.9072	
32.000	       2.43494	       1.04162	
32.500	       2.43494	       1.04162	
33.000	       1.10732	       4.33467	
33.500	       2.26765	     0.0398684	
34.000	       2.26765	     0.0398684	
34.500	          1.65	       1.73685	
35.000	      0.602288	      0.551077	
35.500	      0.602288	      0.551077	
36.000	      0.949194	      0.454128	
36.500	       1.01627	     0.0678516	
37.000	      0.762504	       0.49025	
37.500	      0.762504	       0.49025	
38.000	      0.897541	     0.0606122	
38.500	      0.891927	      0.613651	
39.000	      0.891927	      0.613651	
39.500	       1.67612	      0.149041	
40.000	      0.328935	     0.0657734	
40.500	       1.81629	       0.84302	
41.000	       1.81629	       0.84302	
41.500	       1.27393	     0.0328686	
42.000	        1.9471	     0.0458198	
42.500	        1.9471	     0.0458198	
43.000	       1.21603	     0.0082402	
43.500	       1.65082	      0.172119	
44.000	      0.809703	      0.045695	
44.500	      0.809703	      0.045695	
45.000	       1.61895	     0.0916747	
45.500	      0.126672	     0.0874108	
46.000	      0.126672	     0.0874108	
46.500	       1.30342	     0.0874082	
47.000	    0.00808619	     0.0659496	
47.500	      0.145398	      0.415521	
48.000	      0.145398	      0.415521	
48.500	       0.48158	     0.0718431	
49.000	      0.923722	      0.098984	
49.500	      0.923722	      0.098984	
50.000	       1.11083	      0.101612	
50.500	       1.63689	      0.156674	
51.000	       0.28766	     0.0632892	
51.500	       0.28766	     0.0632892	
52.000	      0.583258	      0.115888	
52.500	      0.175798	      0.114581	
53.000	      0.175798	      0.114581	
53.500	       1.41833	      0.115661	
54.000	       1.43127	      0.116714	
54.500	       1.71574	      0.117354	
55.000	       1.71574	      0.117354	
55.500	       1.84106	      0.114705	
56.000	       1.35923	      0.167127	
56.500	       1.35923	      0.167127	
57.000	      0.550055	      0.116559	
57.500	      0.941295	       0.12108	
58.000	      0.941295	       0.12108	
58.500	     0.0576455	      0.122338	
59.000	       0.51821	      0.123205	
59.500	      0.253464	      0.123927	
60.000	      0.253464	      0.123927	
60.500	      0.838731	      0.124568	
61.000	     0.0119261	      0.125151	
61.500	     0.0119261	      0.125151	
62.000	      0.770992	      0.125686	
62.500	      0.195096	      0.126182	
63.000	      0.302553	      0.126643	
63.500	      0.302553	      0.126643	
64.000	      0.565764	      0.127074	
64.500	       1.15922	      0.127476	
65.000	       1.15922	      0.127476	
65.500	      0.992772	      0.127853	
66.000	      0.769475	      0.128207	
66.500	       0.63102	       0.12854	
67.000	       0.63102	       0.12854	
67.500	       1.66053	      0.128853	
68.000	      0.577254	      0.129149	
68.500	      0.577254	      0.129149	
69.000	      0.252568	      0.129428	
69.500	      0.758588	      0.129692	
70.000	      0.603622	      0.129942	
70.500	      0.603622	      0.129942	
71.000	      0.293563	      0.130178	
71.500	      0.325331	      0.130402	
72.000	      0.325331	      0.130402	
72.500	     0.0542701	      0.130615	
73.000	      0.436844	      0.130817	
73.500	      0.510003	       0.13101	
74.000	      0.510003	       0.13101	
74.500	      0.188622	      0.131193	
75.000	      0.105209	      0.131367	
75.500	      0.105209	      0.131367	
76.000	      0.774881	      0.131533	
76.500	      0.651793	      0.131691	
77.000	      0.345634	      0.131842	
77.500	      0.345634	      0.131842	
78.000	      0.273422	      0.131987	
78.500	      0.179458	      0.132125	
79.000	      0.179458	      0.132125	
79.500	      0.151409	      0.132257	
80.000	      0.187129	      0.132383	
80.500	      0.187129	      0.132383	
81.000	      0.391917	      0.132504	
81.500	       0.19435	       0.13262	
82.000	       0.21221	      0.132731	
82.500	       0.21221	      0.132731	
83.000	       1.01575	      0.132838	
83.500	      0.146787	       0.13294	
84.000	      0.146787	       0.13294	
84.500	       1.12455	      0.133039	
85.000	      0.210588	      0.133133	
85.500	      0.466499	      0.133224	
86.000	      0.466499	      0.133224	
86.500	      0.192105	      0.133311	
87.000	      0.751446	      0.133395	
87.500	      0.751446	      0.133395	
88.000	       0.62233	      0.133476	
88.500	      0.667993	      0.133554	
89.000	      0.210137	      0.133629	
89.500	      0.210137	      0.133629	
90.000	      0.326696	      0.133701	
90.500	      0.163128	      0.133771	
91.000	      0.163128	      0.133771	
91.500	       1.16448	      0.133838	
92.000	       0.62541	      0.133903	
92.500	       1.02382	      0.133966	
93.000	       1.02382	      0.133966	
93.500	      0.869078	      0.134026	
94.000	       2.38773	      0.134085	
94.500	       2.38773	      0.134085	
95.000	     0.0668803	      0.134141	
95.500	      0.146708	      0.134196	
96.000	      0.615332	      0.134249	
96.500	      0.615332	      0.134249	
97.000	      0.896103	        0.1343	
97.500	      0.062233	      0.134349	
98.000	      0.062233	      0.134349	
98.500	      0.402265	      0.134397	
99.000	      0.106499	      0.134443	
99.500	      0.137352	      0.134488	
100.000	      0.137352	      0.134488	
100.500	       0.02177	      0.134531	
101.000	      0.143022	      0.134573	
101.500	      0.143022	      0.134573	
102.000	      0.136958	      0.134614	
102.500	      0.150382	      0.134654	
103.000	      0.150382	      0.134654	
103.500	     0.0497647	      0.134692	
104.000	      0.149612	      0.134729	
104.500	      0.134975	      0.134765	
105.000	      0.134975	      0.134765	
105.500	      0.138146	        0.1348	
106.000	     0.0161046	      0.134834	
106.500	     0.0161046	      0.134834	
107.000	      0.466852	      0.134867	
107.500	     0.0968427	      0.134899	
108.000	      0.112708	       0.13493	
108.500	      0.112708	       0.13493	
109.000	     0.0558393	       0.13496	
109.500	      0.877943	      0.134989	
110.000	      0.877943	      0.134989	
110.500	     0.0538216	      0.135017	
111.000	       0.11071	      0.135045	
111.500	     0.0218474	      0.135072	
112.000	     0.0218474	      0.135072	
112.500	      0.890235	      0.135098	
113.000	     0.0431668	      0.135123	
113.500	     0.0431668	      0.135123	
114.000	      0.104816	      0.135147	
114.500	    0.00163363	      0.135171	
115.000	       1.64125	      0.135194	
115.500	       1.64125	      0.135194	
116.000	      0.788352	      0.135217	
116.500	       1.04249	      0.135239	
117.000	       1.04249	      0.135239	
117.500	        1.4807	       0.13526	
118.000	       1.06421	      0.135281	
118.500	      0.731763	      0.135301	
119.000	      0.731763	      0.135301	
119.500	         1.012	       0.13532	
120.000	      0.723846	      0.135339	
120.500	      0.723846	      0.135339	
121.000	      0.478728	      0.135358	
121.500	     0.0362338	      0.135376	
122.000	      0.890914	      0.135393	
122.500	      0.890914	      0.135393	
123.000	       0.31835	       0.13541	
123.500	      0.827826	      0.135426	
124.000	      0.827826	      0.135426	
124.500	      0.557749	      0.135442	
125.000	       1.29886	      0.135458	
125.500	       1.29886	      0.135458	
126.000	        1.2133	      0.135473	
126.500	       1.23965	      0.135488	
127.000	      0.953323	      0.135502	
127.500	      0.953323	      0.135502	
128.000	         1.035	      0.135516	
128.500	      0.591465	      0.135529	
129.000	      0.591465	      0.135529	
129.500	      0.731739	      0.135542	
130.000	      0.654394	      0.135555	
130.500	      0.685425	      0.135567	
131.000	      0.685425	      0.135567	
131.500	      0.527057	      0.135579	
132.000	     0.0327565	      0.135591	
132.500	     0.0327565	      0.135591	
133.000	       3.86767	      0.135602	
133.500	       35.7781	      0.135612	
134.000	       3.34748	      0.135623	
134.500	       3.34748	      0.135623	
135.000	      0.537112	      0.135633	
135.500	      0.154316	      0.135643	
136.000	      0.154316	      0.135643	
136.500	     0.0257235	      0.135652	
137.000	     0.0329326	      0.135661	
137.500	     0.0645837	       0.13567	
138.000	     0.0645837	       0.13567	
138.500	     0.0836039	      0.135679	
139.000	      0.095927	      0.135687	
139.500	      0.095927	      0.135687	
140.000	      0.104368	      0.135695	
140.500	      0.110404	      0.135702	
141.000	       0.11487	       0.13571	
141.500	       0.11487	       0.13571	
142.000	      0.118268	      0.135717	
142.500	      0.120913	      0.135723	
143.000	      0.120913	      0.135723	
143.500	      0.123013	       0.13573	
144.000	      0.124708	      0.135736	
144.500	      0.126097	      0.135742	
145.000	      0.126097	      0.135742	
145.500	      0.127248	      0.135747	
146.000	      0.128214	      0.135752	
146.500	      0.128214	      0.135752	
147.000	      0.129032	      0.135757	
147.500	       0.12973	      0.135762	
148.000	       0.12973	      0.135762	
148.500	      0.130332	      0.135766	
149.000	      0.130854	       0.13577	
149.500	       0.13131	      0.135774	
150.000	       0.13131	      0.135774	
150.500	       0.13171	      0.135778	
151.000	      0.132063	      0.135781	
151.500	      0.132063	      0.135781	
152.000	      0.132377	      0.135784	
152.500	      0.132657	      0.135787	
153.000	      0.132907	      0.135789	
153.500	      0.132907	      0.135789	
154.000	      0.133132	      0.135791	
154.500	      0.133335	      0.135793	
155.000	      0.133335	      0.135793	
155.500	      0.133519	      0.135794	
156.000	      0.133685	      0.135796	
156.500	      0.133837	      0.135796	
157.000	      0.133837	      0.135796	
157.500	      0.133976	      0.135797	
158.000	      0.134103	      0.135797	
158.500	      0.134103	      0.135797	
159.000	      0.134219	      0.135797	
159.500	      0.134326	      0.135797	
160.000	      0.134425	      0.135796	
160.500	      0.134425	      0.135796	
161.000	      0.134516	      0.135795	
161.500	      0.134601	      0.135794	
162.000	      0.134601	      0.135794	
162.500	      0.134679	      0.135792	
163.000	      0.134752	       0.13579	
163.500	      0.134819	      0.135788	
164.000	      0.134819	      0.135788	
164.500	      0.134882	      0.135785	
165.000	      0.134941	      0.135782	
165.500	      0.134941	      0.135782	
166.000	      0.134996	      0.135778	
166.500	      0.135047	      0.135774	
167.000	      0.135095	       0.13577	
167.500	      0.135095	       0.13577	
168.000	      0.135139	      0.135765	
168.500	      0.135182	       0.13576	
169.000	      0.135182	       0.13576	
169.500	      0.135221	      0.135754	
170.000	      0.135258	      0.135748	
170.500	      0.135258	      0.135748	
171.000	      0.135293	      0.135741	
171.500	      0.135326	      0.135734	
172.000	      0.135357	      0.135726	
172.500	      0.135357	      0.135726	
173.000	      0.135386	      0.135718	
173.500	      0.135413	      0.135709	
174.000	      0.135413	      0.135709	
174.500	      0.135439	        0.1357	
175.000	      0.135463	       0.13569	
175.500	      0.135486	      0.135679	
176.000	      0.135486	      0.135679	
176.500	      0.135508	      0.135668	
177.000	      0.135529	      0.135656	
177.500	      0.135529	      0.135656	
178.000	      0.135548	      0.135643	
178.500	      0.135566	      0.135629	
179.000	      0.135583	      0.135615	
179.500	      0.135583	      0.135615	
180.000	        0.1356	        0.1356	
