
TracePro Release: 3 2 0 
Polar Candela Distribution Data for 
Data covers +/- 180.000 degrees from Normal
Data for Missed Rays
Data generated at 09:41:38 June 30, 2025

	   0.0	 180.0
0.000	      0.230057	      0.230057	
0.500	      0.229923	      0.230188	
1.000	      0.229923	      0.230188	
1.500	      0.229786	      0.230315	
2.000	      0.229645	      0.230439	
2.500	      0.229502	       0.23056	
3.000	      0.229502	       0.23056	
3.500	      0.229355	      0.230678	
4.000	      0.229205	      0.230792	
4.500	      0.229205	      0.230792	
5.000	      0.229053	      0.230903	
5.500	      0.228899	      0.231011	
6.000	      0.228743	      0.231116	
6.500	      0.228743	      0.231116	
7.000	      0.228586	      0.231218	
7.500	      0.228429	      0.231318	
8.000	      0.228429	      0.231318	
8.500	      0.228272	      0.231414	
9.000	      0.228118	      0.231508	
9.500	      0.227968	      0.231599	
10.000	      0.227968	      0.231599	
10.500	      0.227824	      0.231688	
11.000	      0.227689	      0.231774	
11.500	      0.227689	      0.231774	
12.000	      0.227567	      0.231858	
12.500	      0.227462	       0.23194	
13.000	      0.227462	       0.23194	
13.500	      0.227379	      0.232019	
14.000	      0.227328	      0.232096	
14.500	      0.227317	      0.232172	
15.000	      0.227317	      0.232172	
15.500	       0.22736	      0.232245	
16.000	      0.227474	      0.232316	
16.500	      0.227474	      0.232316	
17.000	      0.227682	      0.232385	
17.500	      0.228015	      0.232452	
18.000	      0.228515	      0.232518	
18.500	      0.228515	      0.232518	
19.000	      0.229241	      0.232582	
19.500	      0.230275	      0.232644	
20.000	      0.230275	      0.232644	
20.500	      0.231734	      0.232705	
21.000	       0.23379	      0.232764	
21.500	      0.236698	      0.232821	
22.000	      0.236698	      0.232821	
22.500	      0.240851	      0.232877	
23.000	      0.246874	      0.232932	
23.500	      0.246874	      0.232932	
24.000	      0.255792	      0.232985	
24.500	       0.26938	      0.233037	
25.000	      0.290884	      0.233087	
25.500	      0.290884	      0.233087	
26.000	      0.326695	      0.233137	
26.500	      0.390688	      0.233185	
27.000	      0.390688	      0.233185	
27.500	      0.517344	      0.233232	
28.000	      0.811824	      0.233277	
28.500	       1.73221	      0.233322	
29.000	       1.73221	      0.233322	
29.500	       8.72336	      0.233366	
30.000	       89.4064	      0.233408	
30.500	       89.4064	      0.233408	
31.000	       8.42381	       0.23345	
31.500	      0.944401	       0.23349	
32.000	        1.2789	       0.23353	
32.500	        1.2789	       0.23353	
33.000	       10.8443	      0.233568	
33.500	       117.403	      0.233606	
34.000	       117.403	      0.233606	
34.500	       11.0748	      0.233643	
35.000	        1.8839	      0.233679	
35.500	        1.8839	      0.233679	
36.000	      0.657128	      0.233714	
36.500	      0.257483	      0.233748	
37.000	     0.0823068	      0.233782	
37.500	     0.0823068	      0.233782	
38.000	    0.00761886	      0.233815	
38.500	     0.0583297	      0.233847	
39.000	     0.0583297	      0.233847	
39.500	      0.088526	      0.233878	
40.000	      0.106903	      0.233909	
40.500	      0.117903	      0.233938	
41.000	      0.117903	      0.233938	
41.500	      0.123951	      0.233968	
42.000	      0.126428	      0.233996	
42.500	      0.126428	      0.233996	
43.000	      0.126127	      0.234024	
43.500	      0.123492	      0.234052	
44.000	      0.118733	      0.234078	
44.500	      0.118733	      0.234078	
45.000	      0.111893	      0.234105	
45.500	      0.102873	       0.23413	
46.000	      0.102873	       0.23413	
46.500	     0.0914428	      0.234155	
47.000	     0.0772218	       0.23418	
47.500	     0.0596521	      0.234204	
48.000	     0.0596521	      0.234204	
48.500	     0.0379403	      0.234227	
49.000	      0.010966	       0.23425	
49.500	      0.010966	       0.23425	
50.000	     0.0228654	      0.234273	
50.500	     0.0658624	      0.234295	
51.000	       0.12145	      0.234316	
51.500	       0.12145	      0.234316	
52.000	      0.194867	      0.234337	
52.500	      0.294447	      0.234358	
53.000	      0.294447	      0.234358	
53.500	      0.434081	      0.234378	
54.000	      0.638337	      0.234398	
54.500	      0.954084	      0.234417	
55.000	      0.954084	      0.234417	
55.500	       1.48012	      0.234436	
56.000	       2.45581	      0.234454	
56.500	       2.45581	      0.234454	
57.000	       4.59591	      0.234473	
57.500	       10.9668	       0.23449	
58.000	       10.9668	       0.23449	
58.500	       57.6943	      0.234508	
59.000	       591.578	      0.234525	
59.500	        57.694	      0.234542	
60.000	        57.694	      0.234542	
60.500	       10.9661	      0.234558	
61.000	       4.59477	      0.234574	
61.500	       4.59477	      0.234574	
62.000	       2.45428	      0.234589	
62.500	       1.47818	      0.234605	
63.000	      0.951699	       0.23462	
63.500	      0.951699	       0.23462	
64.000	      0.635485	      0.234635	
64.500	      0.430726	      0.234649	
65.000	      0.430726	      0.234649	
65.500	      0.290546	      0.234663	
66.000	      0.190366	      0.234677	
66.500	      0.116285	       0.23469	
67.000	      0.116285	       0.23469	
67.500	     0.0599562	      0.234704	
68.000	     0.0161229	      0.234717	
68.500	     0.0161229	      0.234717	
69.000	     0.0186599	      0.234729	
69.500	     0.0467268	      0.234742	
70.000	     0.0697054	      0.234754	
70.500	     0.0697054	      0.234754	
71.000	     0.0887586	      0.234766	
71.500	      0.104735	      0.234777	
72.000	      0.104735	      0.234777	
72.500	      0.118266	      0.234789	
73.000	      0.129829	        0.2348	
73.500	      0.139791	      0.234811	
74.000	      0.139791	      0.234811	
74.500	      0.148437	      0.234821	
75.000	      0.155991	      0.234832	
75.500	      0.155991	      0.234832	
76.000	      0.162633	      0.234842	
76.500	      0.168507	      0.234852	
77.000	      0.173731	      0.234862	
77.500	      0.173731	      0.234862	
78.000	      0.178399	      0.234871	
78.500	      0.182592	      0.234881	
79.000	      0.182592	      0.234881	
79.500	      0.186375	       0.23489	
80.000	      0.189805	      0.234899	
80.500	      0.189805	      0.234899	
81.000	      0.192929	      0.234908	
81.500	      0.195787	      0.234916	
82.000	      0.198414	      0.234925	
82.500	      0.198414	      0.234925	
83.000	       0.20084	      0.234933	
83.500	      0.203094	      0.234941	
84.000	      0.203094	      0.234941	
84.500	      0.205199	      0.234948	
85.000	      0.207177	      0.234956	
85.500	      0.209049	      0.234963	
86.000	      0.209049	      0.234963	
86.500	      0.210836	      0.234971	
87.000	      0.212558	      0.234978	
87.500	      0.212558	      0.234978	
88.000	      0.214235	      0.234985	
88.500	      0.215892	      0.234991	
89.000	      0.217554	      0.234998	
89.500	      0.217554	      0.234998	
90.000	      0.219254	      0.235004	
90.500	       0.22103	      0.235011	
91.000	       0.22103	      0.235011	
91.500	      0.222935	      0.235017	
92.000	      0.225043	      0.235023	
92.500	      0.227454	      0.235028	
93.000	      0.227454	      0.235028	
93.500	      0.230325	      0.235034	
94.000	      0.233898	      0.235039	
94.500	      0.233898	      0.235039	
95.000	      0.238574	      0.235045	
95.500	      0.245059	       0.23505	
96.000	      0.254698	      0.235055	
96.500	      0.254698	      0.235055	
97.000	      0.270318	      0.235059	
97.500	      0.298771	      0.235064	
98.000	      0.298771	      0.235064	
98.500	      0.360507	      0.235069	
99.000	      0.543252	      0.235073	
99.500	        1.8805	      0.235077	
100.000	        1.8805	      0.235077	
100.500	       16.6936	      0.235081	
101.000	       1.88134	      0.235085	
101.500	       1.88134	      0.235085	
102.000	      0.544936	      0.235089	
102.500	       0.36304	      0.235093	
103.000	       0.36304	      0.235093	
103.500	      0.302161	      0.235096	
104.000	      0.274578	        0.2351	
104.500	      0.259841	      0.235103	
105.000	      0.259841	      0.235103	
105.500	      0.251106	      0.235106	
106.000	      0.245545	      0.235109	
106.500	      0.245545	      0.235109	
107.000	      0.241818	      0.235112	
107.500	      0.239223	      0.235115	
108.000	      0.237364	      0.235118	
108.500	      0.237364	      0.235118	
109.000	      0.236002	       0.23512	
109.500	      0.234987	      0.235122	
110.000	      0.234987	      0.235122	
110.500	      0.234221	      0.235125	
111.000	      0.233638	      0.235127	
111.500	      0.233191	      0.235129	
112.000	      0.233191	      0.235129	
112.500	      0.232849	      0.235131	
113.000	      0.232588	      0.235132	
113.500	      0.232588	      0.235132	
114.000	      0.232388	      0.235134	
114.500	      0.232238	      0.235136	
115.000	      0.232128	      0.235137	
115.500	      0.232128	      0.235137	
116.000	      0.232048	      0.235138	
116.500	      0.231994	      0.235139	
117.000	      0.231994	      0.235139	
117.500	       0.23196	       0.23514	
118.000	      0.231943	      0.235141	
118.500	       0.23194	      0.235142	
119.000	       0.23194	      0.235142	
119.500	      0.231947	      0.235143	
120.000	      0.231963	      0.235143	
120.500	      0.231963	      0.235143	
121.000	      0.231987	      0.235144	
121.500	      0.232017	      0.235144	
122.000	      0.232052	      0.235144	
122.500	      0.232052	      0.235144	
123.000	       0.23209	      0.235144	
123.500	      0.232132	      0.235144	
124.000	      0.232132	      0.235144	
124.500	      0.232176	      0.235144	
125.000	      0.232223	      0.235144	
125.500	      0.232223	      0.235144	
126.000	      0.232271	      0.235143	
126.500	      0.232319	      0.235143	
127.000	      0.232369	      0.235142	
127.500	      0.232369	      0.235142	
128.000	       0.23242	      0.235141	
128.500	       0.23247	       0.23514	
129.000	       0.23247	       0.23514	
129.500	      0.232521	      0.235139	
130.000	      0.232572	      0.235138	
130.500	      0.232623	      0.235137	
131.000	      0.232623	      0.235137	
131.500	      0.232673	      0.235135	
132.000	      0.232723	      0.235134	
132.500	      0.232723	      0.235134	
133.000	      0.232772	      0.235132	
133.500	      0.232821	       0.23513	
134.000	       0.23287	      0.235128	
134.500	       0.23287	      0.235128	
135.000	      0.232918	      0.235126	
135.500	      0.232965	      0.235124	
136.000	      0.232965	      0.235124	
136.500	      0.233011	      0.235122	
137.000	      0.233057	       0.23512	
137.500	      0.233102	      0.235117	
138.000	      0.233102	      0.235117	
138.500	      0.233146	      0.235114	
139.000	       0.23319	      0.235112	
139.500	       0.23319	      0.235112	
140.000	      0.233233	      0.235109	
140.500	      0.233275	      0.235106	
141.000	      0.233316	      0.235102	
141.500	      0.233316	      0.235102	
142.000	      0.233356	      0.235099	
142.500	      0.233396	      0.235096	
143.000	      0.233396	      0.235096	
143.500	      0.233435	      0.235092	
144.000	      0.233473	      0.235088	
144.500	      0.233511	      0.235085	
145.000	      0.233511	      0.235085	
145.500	      0.233547	      0.235081	
146.000	      0.233584	      0.235077	
146.500	      0.233584	      0.235077	
147.000	      0.233619	      0.235072	
147.500	      0.233654	      0.235068	
148.000	      0.233654	      0.235068	
148.500	      0.233687	      0.235063	
149.000	      0.233721	      0.235059	
149.500	      0.233753	      0.235054	
150.000	      0.233753	      0.235054	
150.500	      0.233785	      0.235049	
151.000	      0.233817	      0.235044	
151.500	      0.233817	      0.235044	
152.000	      0.233847	      0.235038	
152.500	      0.233877	      0.235033	
153.000	      0.233907	      0.235027	
153.500	      0.233907	      0.235027	
154.000	      0.233936	      0.235022	
154.500	      0.233964	      0.235016	
155.000	      0.233964	      0.235016	
155.500	      0.233992	       0.23501	
156.000	      0.234019	      0.235004	
156.500	      0.234046	      0.234997	
157.000	      0.234046	      0.234997	
157.500	      0.234072	      0.234991	
158.000	      0.234097	      0.234984	
158.500	      0.234097	      0.234984	
159.000	      0.234122	      0.234977	
159.500	      0.234147	       0.23497	
160.000	      0.234171	      0.234963	
160.500	      0.234171	      0.234963	
161.000	      0.234194	      0.234955	
161.500	      0.234217	      0.234948	
162.000	      0.234217	      0.234948	
162.500	       0.23424	       0.23494	
163.000	      0.234262	      0.234932	
163.500	      0.234284	      0.234924	
164.000	      0.234284	      0.234924	
164.500	      0.234305	      0.234916	
165.000	      0.234326	      0.234907	
165.500	      0.234326	      0.234907	
166.000	      0.234346	      0.234898	
166.500	      0.234366	       0.23489	
167.000	      0.234386	      0.234881	
167.500	      0.234386	      0.234881	
168.000	      0.234405	      0.234871	
168.500	      0.234424	      0.234862	
169.000	      0.234424	      0.234862	
169.500	      0.234442	      0.234852	
170.000	      0.234461	      0.234842	
170.500	      0.234461	      0.234842	
171.000	      0.234478	      0.234832	
171.500	      0.234496	      0.234822	
172.000	      0.234513	      0.234811	
172.500	      0.234513	      0.234811	
173.000	      0.234529	        0.2348	
173.500	      0.234546	      0.234789	
174.000	      0.234546	      0.234789	
174.500	      0.234562	      0.234778	
175.000	      0.234577	      0.234766	
175.500	      0.234593	      0.234755	
176.000	      0.234593	      0.234755	
176.500	      0.234608	      0.234743	
177.000	      0.234623	       0.23473	
177.500	      0.234623	       0.23473	
178.000	      0.234637	      0.234718	
178.500	      0.234651	      0.234705	
179.000	      0.234665	      0.234692	
179.500	      0.234665	      0.234692	
180.000	      0.234679	      0.234679	
