
TracePro Release: 3 2 0 
Polar Candela Distribution Data for 
Data covers +/- 180.000 degrees from Normal
Data for Missed Rays
Data generated at 09:19:10 June 20, 2025

	   0.0	 180.0
0.000	   0.000204099	   0.000204099	
3.000	   0.000204088	   0.000204107	
6.000	   0.000204068	   0.000204115	
9.000	   0.000204045	    0.00020412	
12.000	   0.000204011	   0.000204124	
15.000	   0.000203961	   0.000204127	
18.000	   0.000203858	    0.00020413	
21.000	   0.000218391	   0.000204132	
24.000	      0.254016	   0.000204133	
27.000	       33.3891	   0.000204134	
30.000	       15.5772	   0.000204134	
33.000	     0.0347614	   0.000204134	
36.000	   0.000203153	   0.000204132	
39.000	   0.000203863	   0.000204129	
42.000	   0.000203941	   0.000204124	
45.000	   0.000203971	   0.000424641	
48.000	   0.000788442	      0.333035	
51.000	       2.56396	        3.3725	
54.000	       8.68376	      0.180316	
57.000	       0.22336	   0.000543429	
60.000	   0.000160284	   0.000204086	
63.000	   0.000204072	   0.000204135	
66.000	   0.000204091	   0.000204139	
69.000	   0.000204104	   0.000204141	
72.000	   0.000204113	   0.000204143	
75.000	   0.000204121	   0.000204144	
78.000	   0.000204125	   0.000204145	
81.000	   0.000204129	   0.000204146	
84.000	   0.000204132	   0.000204147	
87.000	   0.000204135	   0.000204147	
90.000	   0.000204137	   0.000204148	
93.000	   0.000204138	   0.000204148	
96.000	    0.00020414	   0.000204148	
99.000	   0.000204141	   0.000204148	
102.000	   0.000204142	   0.000204149	
105.000	   0.000204143	   0.000204149	
108.000	   0.000204144	   0.000204149	
111.000	   0.000204144	   0.000204149	
114.000	   0.000204145	   0.000204149	
117.000	   0.000204145	   0.000204149	
120.000	   0.000204146	    0.00020415	
123.000	   0.000204146	    0.00020415	
126.000	   0.000204147	    0.00020415	
129.000	   0.000204147	    0.00020415	
132.000	   0.000204147	    0.00020415	
135.000	   0.000204148	    0.00020415	
138.000	   0.000204148	    0.00020415	
141.000	   0.000204148	    0.00020415	
144.000	   0.000204148	    0.00020415	
147.000	   0.000204149	    0.00020415	
150.000	   0.000204149	    0.00020415	
153.000	   0.000204149	    0.00020415	
156.000	   0.000204149	    0.00020415	
159.000	   0.000204149	    0.00020415	
162.000	   0.000204149	    0.00020415	
165.000	   0.000204149	    0.00020415	
168.000	    0.00020415	    0.00020415	
171.000	    0.00020415	    0.00020415	
174.000	    0.00020415	    0.00020415	
177.000	    0.00020415	    0.00020415	
180.000	    0.00020415	    0.00020415	
