
TracePro Release: 3 2 0 
Polar Candela Distribution Data for 
Data covers +/- 180.000 degrees from Normal
Data for Missed Rays
Data generated at 09:41:38 June 30, 2025

	   0.0	 180.0
0.000	      0.290286	      0.290286	
0.500	      0.289205	      0.291547	
1.000	      0.289205	      0.291547	
1.500	      0.288269	      0.293031	
2.000	      0.287454	      0.294796	
2.500	      0.286738	      0.296919	
3.000	      0.286738	      0.296919	
3.500	      0.286104	      0.299507	
4.000	      0.285541	      0.302709	
4.500	      0.285541	      0.302709	
5.000	      0.285037	      0.306739	
5.500	      0.284583	      0.311911	
6.000	      0.284172	      0.318707	
6.500	      0.284172	      0.318707	
7.000	      0.283799	      0.327891	
7.500	      0.283458	      0.340735	
8.000	      0.283458	      0.340735	
8.500	      0.283145	      0.359487	
9.000	      0.282856	      0.388439	
9.500	      0.282588	      0.436632	
10.000	      0.282588	      0.436632	
10.500	       0.28234	      0.525973	
11.000	      0.282107	      0.721875	
11.500	      0.282107	      0.721875	
12.000	       0.28189	       1.30497	
12.500	      0.281685	       5.58142	
13.000	      0.281685	       5.58142	
13.500	      0.281491	       53.8386	
14.000	      0.281308	       5.58146	
14.500	      0.281134	       1.30505	
15.000	      0.281134	       1.30505	
15.500	      0.280967	      0.721995	
16.000	      0.280808	      0.526133	
16.500	      0.280808	      0.526133	
17.000	      0.280655	      0.436832	
17.500	      0.280507	      0.388679	
18.000	      0.280364	      0.359768	
18.500	      0.280364	      0.359768	
19.000	      0.280226	      0.341056	
19.500	      0.280091	      0.328253	
20.000	      0.280091	      0.328253	
20.500	       0.27996	       0.31911	
21.000	      0.279831	      0.312355	
21.500	      0.279705	      0.307224	
22.000	      0.279705	      0.307224	
22.500	      0.279582	      0.303235	
23.000	      0.279459	      0.300075	
23.500	      0.279459	      0.300075	
24.000	      0.279339	      0.297528	
24.500	      0.279219	      0.295447	
25.000	      0.279101	      0.293725	
25.500	      0.279101	      0.293725	
26.000	      0.278983	      0.292284	
26.500	      0.278865	      0.291066	
27.000	      0.278865	      0.291066	
27.500	      0.278748	      0.290028	
28.000	       0.27863	      0.289137	
28.500	      0.278512	      0.288366	
29.000	      0.278512	      0.288366	
29.500	      0.278394	      0.287694	
30.000	      0.278275	      0.287106	
30.500	      0.278275	      0.287106	
31.000	      0.278155	      0.286588	
31.500	      0.278034	       0.28613	
32.000	      0.277912	      0.285723	
32.500	      0.277912	      0.285723	
33.000	      0.277788	       0.28536	
33.500	      0.277662	      0.285035	
34.000	      0.277662	      0.285035	
34.500	      0.277535	      0.284742	
35.000	      0.277406	      0.284478	
35.500	      0.277406	      0.284478	
36.000	      0.277274	      0.284239	
36.500	      0.277141	      0.284022	
37.000	      0.277004	      0.283824	
37.500	      0.277004	      0.283824	
38.000	      0.276865	      0.283644	
38.500	      0.276723	      0.283479	
39.000	      0.276723	      0.283479	
39.500	      0.276577	      0.283328	
40.000	      0.276428	      0.283189	
40.500	      0.276276	      0.283061	
41.000	      0.276276	      0.283061	
41.500	      0.276119	      0.282943	
42.000	      0.275959	      0.282834	
42.500	      0.275959	      0.282834	
43.000	      0.275794	      0.282733	
43.500	      0.275625	      0.282639	
44.000	      0.275451	      0.282552	
44.500	      0.275451	      0.282552	
45.000	      0.275272	      0.282471	
45.500	      0.275087	      0.282395	
46.000	      0.275087	      0.282395	
46.500	      0.274896	      0.282325	
47.000	        0.2747	      0.282259	
47.500	      0.274497	      0.282197	
48.000	      0.274497	      0.282197	
48.500	      0.274287	      0.282139	
49.000	      0.274071	      0.282084	
49.500	      0.274071	      0.282084	
50.000	      0.273846	      0.282033	
50.500	      0.273614	      0.281985	
51.000	      0.273373	       0.28194	
51.500	      0.273373	       0.28194	
52.000	      0.273124	      0.281897	
52.500	      0.272865	      0.281856	
53.000	      0.272865	      0.281856	
53.500	      0.272596	      0.281818	
54.000	      0.272317	      0.281782	
54.500	      0.272026	      0.281748	
55.000	      0.272026	      0.281748	
55.500	      0.271724	      0.281715	
56.000	      0.271409	      0.281684	
56.500	      0.271409	      0.281684	
57.000	      0.271081	      0.281655	
57.500	      0.270738	      0.281626	
58.000	      0.270738	      0.281626	
58.500	      0.270381	        0.2816	
59.000	      0.270008	      0.281574	
59.500	      0.269618	       0.28155	
60.000	      0.269618	       0.28155	
60.500	      0.269209	      0.281527	
61.000	      0.268781	      0.281504	
61.500	      0.268781	      0.281504	
62.000	      0.268333	      0.281483	
62.500	      0.267863	      0.281462	
63.000	      0.267369	      0.281443	
63.500	      0.267369	      0.281443	
64.000	      0.266849	      0.281424	
64.500	      0.266303	      0.281405	
65.000	      0.266303	      0.281405	
65.500	      0.265727	      0.281388	
66.000	       0.26512	      0.281371	
66.500	       0.26448	      0.281354	
67.000	       0.26448	      0.281354	
67.500	      0.263803	      0.281339	
68.000	      0.263086	      0.281323	
68.500	      0.263086	      0.281323	
69.000	      0.262327	      0.281308	
69.500	      0.261522	      0.281294	
70.000	      0.260666	       0.28128	
70.500	      0.260666	       0.28128	
71.000	      0.259756	      0.281266	
71.500	      0.258786	      0.281253	
72.000	      0.258786	      0.281253	
72.500	       0.25775	       0.28124	
73.000	      0.256642	      0.281227	
73.500	      0.255456	      0.281215	
74.000	      0.255456	      0.281215	
74.500	      0.254182	      0.281203	
75.000	      0.252812	      0.281191	
75.500	      0.252812	      0.281191	
76.000	      0.251333	       0.28118	
76.500	      0.249735	      0.281168	
77.000	      0.248002	      0.281157	
77.500	      0.248002	      0.281157	
78.000	      0.246117	      0.281146	
78.500	      0.244059	      0.281135	
79.000	      0.244059	      0.281135	
79.500	      0.241805	      0.281125	
80.000	      0.239323	      0.281114	
80.500	      0.239323	      0.281114	
81.000	      0.236579	      0.281104	
81.500	      0.233526	      0.281093	
82.000	      0.230107	      0.281083	
82.500	      0.230107	      0.281083	
83.000	      0.226247	      0.281073	
83.500	      0.221848	      0.281063	
84.000	      0.221848	      0.281063	
84.500	      0.216775	      0.281053	
85.000	      0.210839	      0.281043	
85.500	      0.203766	      0.281033	
86.000	      0.203766	      0.281033	
86.500	      0.195136	      0.281024	
87.000	      0.184274	      0.281014	
87.500	      0.184274	      0.281014	
88.000	      0.170018	      0.281004	
88.500	      0.150206	      0.280995	
89.000	       0.12035	      0.280985	
89.500	       0.12035	      0.280985	
90.000	     0.0696992	      0.280975	
90.500	     0.0336353	      0.280965	
91.000	     0.0336353	      0.280965	
91.500	      0.326013	      0.280956	
92.000	       2.41199	      0.280946	
92.500	       26.4095	      0.280936	
93.000	       26.4095	      0.280936	
93.500	       2.43898	      0.280927	
94.000	      0.380807	      0.280917	
94.500	      0.380807	      0.280917	
95.000	      0.117946	      0.280907	
95.500	     0.0468568	      0.280897	
96.000	     0.0324342	      0.280887	
96.500	     0.0324342	      0.280887	
97.000	     0.0444029	      0.280877	
97.500	     0.0741881	      0.280867	
98.000	     0.0741881	      0.280867	
98.500	       0.12035	      0.280857	
99.000	      0.185156	      0.280846	
99.500	      0.274154	      0.280836	
100.000	      0.274154	      0.280836	
100.500	      0.397266	      0.280826	
101.000	      0.571679	      0.280815	
101.500	      0.571679	      0.280815	
102.000	      0.828198	      0.280804	
102.500	       1.22587	      0.280794	
103.000	       1.22587	      0.280794	
103.500	       1.88939	      0.280783	
104.000	       3.12096	      0.280772	
104.500	       5.82326	      0.280761	
105.000	       5.82326	      0.280761	
105.500	       13.8689	       0.28075	
106.000	       72.8828	      0.280738	
106.500	       72.8828	      0.280738	
107.000	       747.111	      0.280727	
107.500	       72.8818	      0.280715	
108.000	        13.867	      0.280703	
108.500	        13.867	      0.280703	
109.000	       5.82031	      0.280691	
109.500	       3.11687	      0.280679	
110.000	       3.11687	      0.280679	
110.500	       1.88403	      0.280667	
111.000	       1.21905	      0.280655	
111.500	      0.819631	      0.280642	
112.000	      0.819631	      0.280642	
112.500	       0.56099	      0.280629	
113.000	       0.38392	      0.280616	
113.500	       0.38392	      0.280616	
114.000	      0.257378	      0.280603	
114.500	      0.163805	       0.28059	
115.000	     0.0926598	      0.280577	
115.500	     0.0926598	      0.280577	
116.000	     0.0373028	      0.280563	
116.500	     0.0066178	      0.280549	
117.000	     0.0066178	      0.280549	
117.500	     0.0420508	      0.280535	
118.000	      0.071052	       0.28052	
118.500	     0.0950903	      0.280506	
119.000	     0.0950903	      0.280506	
119.500	      0.115238	      0.280491	
120.000	      0.132291	      0.280476	
120.500	      0.132291	      0.280476	
121.000	      0.146854	       0.28046	
121.500	       0.15939	      0.280445	
122.000	      0.170257	      0.280429	
122.500	      0.170257	      0.280429	
123.000	       0.17974	      0.280413	
123.500	      0.188065	      0.280397	
124.000	      0.188065	      0.280397	
124.500	      0.195413	       0.28038	
125.000	      0.201931	      0.280363	
125.500	      0.201931	      0.280363	
126.000	       0.20774	      0.280346	
126.500	      0.212939	      0.280328	
127.000	       0.21761	       0.28031	
127.500	       0.21761	       0.28031	
128.000	      0.221823	      0.280292	
128.500	      0.225637	      0.280274	
129.000	      0.225637	      0.280274	
129.500	      0.229099	      0.280255	
130.000	      0.232252	      0.280236	
130.500	      0.235131	      0.280216	
131.000	      0.235131	      0.280216	
131.500	      0.237768	      0.280196	
132.000	      0.240189	      0.280176	
132.500	      0.240189	      0.280176	
133.000	      0.242416	      0.280156	
133.500	      0.244471	      0.280135	
134.000	       0.24637	      0.280113	
134.500	       0.24637	      0.280113	
135.000	      0.248128	      0.280091	
135.500	       0.24976	      0.280069	
136.000	       0.24976	      0.280069	
136.500	      0.251277	      0.280047	
137.000	       0.25269	      0.280024	
137.500	      0.254008	          0.28	
138.000	      0.254008	          0.28	
138.500	      0.255239	      0.279976	
139.000	      0.256391	      0.279952	
139.500	      0.256391	      0.279952	
140.000	       0.25747	      0.279927	
140.500	      0.258483	      0.279902	
141.000	      0.259434	      0.279876	
141.500	      0.259434	      0.279876	
142.000	      0.260329	      0.279849	
142.500	      0.261172	      0.279822	
143.000	      0.261172	      0.279822	
143.500	      0.261967	      0.279795	
144.000	      0.262718	      0.279767	
144.500	      0.263427	      0.279738	
145.000	      0.263427	      0.279738	
145.500	      0.264099	      0.279709	
146.000	      0.264734	       0.27968	
146.500	      0.264734	       0.27968	
147.000	      0.265337	      0.279649	
147.500	      0.265908	      0.279618	
148.000	      0.265908	      0.279618	
148.500	      0.266451	      0.279586	
149.000	      0.266967	      0.279554	
149.500	      0.267458	      0.279521	
150.000	      0.267458	      0.279521	
150.500	      0.267925	      0.279487	
151.000	       0.26837	      0.279453	
151.500	       0.26837	      0.279453	
152.000	      0.268795	      0.279418	
152.500	        0.2692	      0.279382	
153.000	      0.269587	      0.279345	
153.500	      0.269587	      0.279345	
154.000	      0.269957	      0.279307	
154.500	      0.270311	      0.279269	
155.000	      0.270311	      0.279269	
155.500	      0.270649	       0.27923	
156.000	      0.270973	      0.279189	
156.500	      0.271283	      0.279148	
157.000	      0.271283	      0.279148	
157.500	      0.271581	      0.279106	
158.000	      0.271866	      0.279063	
158.500	      0.271866	      0.279063	
159.000	       0.27214	       0.27902	
159.500	      0.272403	      0.278975	
160.000	      0.272656	      0.278928	
160.500	      0.272656	      0.278928	
161.000	      0.272899	      0.278881	
161.500	      0.273132	      0.278833	
162.000	      0.273132	      0.278833	
162.500	      0.273357	      0.278784	
163.000	      0.273573	      0.278733	
163.500	      0.273782	      0.278681	
164.000	      0.273782	      0.278681	
164.500	      0.273983	      0.278628	
165.000	      0.274176	      0.278574	
165.500	      0.274176	      0.278574	
166.000	      0.274363	      0.278518	
166.500	      0.274543	      0.278461	
167.000	      0.274717	      0.278403	
167.500	      0.274717	      0.278403	
168.000	      0.274885	      0.278343	
168.500	      0.275047	      0.278281	
169.000	      0.275047	      0.278281	
169.500	      0.275204	      0.278218	
170.000	      0.275355	      0.278153	
170.500	      0.275355	      0.278153	
171.000	      0.275502	      0.278087	
171.500	      0.275644	      0.278018	
172.000	      0.275781	      0.277948	
172.500	      0.275781	      0.277948	
173.000	      0.275914	      0.277876	
173.500	      0.276042	      0.277802	
174.000	      0.276042	      0.277802	
174.500	      0.276167	      0.277726	
175.000	      0.276288	      0.277648	
175.500	      0.276405	      0.277568	
176.000	      0.276405	      0.277568	
176.500	      0.276518	      0.277486	
177.000	      0.276628	      0.277401	
177.500	      0.276628	      0.277401	
178.000	      0.276735	      0.277314	
178.500	      0.276839	      0.277224	
179.000	       0.27694	      0.277132	
179.500	       0.27694	      0.277132	
180.000	      0.277037	      0.277037	
