
TracePro Release: 3 2 0 
Polar Candela Distribution Data for 
Data covers +/- 180.000 degrees from Normal
Data for Missed Rays
Data generated at 09:41:39 June 30, 2025

	   0.0	 180.0
0.000	      0.105795	      0.105795	
0.500	      0.109213	      0.102886	
1.000	      0.109213	      0.102886	
1.500	      0.113263	      0.100392	
2.000	      0.118108	     0.0982393	
2.500	      0.123969	     0.0963699	
3.000	      0.123969	     0.0963699	
3.500	      0.131144	     0.0947378	
4.000	      0.140054	     0.0933061	
4.500	      0.140054	     0.0933061	
5.000	      0.151304	     0.0920449	
5.500	      0.165782	     0.0909297	
6.000	      0.184849	     0.0899403	
6.500	      0.184849	     0.0899403	
7.000	       0.21066	     0.0890602	
7.500	      0.246811	     0.0882754	
8.000	      0.246811	     0.0882754	
8.500	      0.299653	     0.0875743	
9.000	      0.381305	      0.086947	
9.500	       0.51731	     0.0863854	
10.000	       0.51731	     0.0863854	
10.500	      0.769544	     0.0858823	
11.000	       1.32278	     0.0854319	
11.500	       1.32278	     0.0854319	
12.000	       2.96972	     0.0850291	
12.500	       15.0493	     0.0846696	
13.000	       15.0493	     0.0846696	
13.500	       152.794	     0.0843496	
14.000	       15.0491	     0.0840662	
14.500	       2.96945	     0.0838167	
15.000	       2.96945	     0.0838167	
15.500	       1.32237	      0.083599	
16.000	      0.768989	     0.0834113	
16.500	      0.768989	     0.0834113	
17.000	      0.516615	     0.0832522	
17.500	      0.380469	     0.0831207	
18.000	      0.298674	      0.083016	
18.500	      0.298674	      0.083016	
19.000	      0.245688	     0.0829377	
19.500	      0.209392	     0.0828858	
20.000	      0.209392	     0.0828858	
20.500	      0.183433	     0.0828603	
21.000	      0.164218	      0.082862	
21.500	      0.149588	     0.0828917	
22.000	      0.149588	     0.0828917	
22.500	      0.138184	     0.0829508	
23.000	      0.129117	     0.0830411	
23.500	      0.129117	     0.0830411	
24.000	      0.121782	      0.083165	
24.500	      0.115758	     0.0833253	
25.000	      0.110746	     0.0835257	
25.500	      0.110746	     0.0835257	
26.000	      0.106525	      0.083771	
26.500	      0.102933	     0.0840668	
27.000	      0.102933	     0.0840668	
27.500	     0.0998446	       0.08442	
28.000	     0.0971663	     0.0848395	
28.500	      0.094824	     0.0853362	
29.000	      0.094824	     0.0853362	
29.500	     0.0927593	     0.0859238	
30.000	     0.0909259	     0.0866197	
30.500	     0.0909259	     0.0866197	
31.000	     0.0892863	     0.0874459	
31.500	     0.0878101	     0.0884309	
32.000	     0.0864724	     0.0896123	
32.500	     0.0864724	     0.0896123	
33.000	     0.0852523	     0.0910392	
33.500	     0.0841328	     0.0927785	
34.000	     0.0841328	     0.0927785	
34.500	     0.0830991	     0.0949213	
35.000	      0.082139	     0.0975955	
35.500	      0.082139	     0.0975955	
36.000	     0.0812419	      0.100985	
36.500	     0.0803987	      0.105361	
37.000	     0.0796015	      0.111136	
37.500	     0.0796015	      0.111136	
38.000	     0.0788433	      0.118968	
38.500	      0.078118	      0.129952	
39.000	      0.078118	      0.129952	
39.500	     0.0774202	      0.146023	
40.000	     0.0767448	       0.17087	
40.500	     0.0760874	      0.212275	
41.000	     0.0760874	      0.212275	
41.500	     0.0754439	      0.289085	
42.000	     0.0748103	      0.457579	
42.500	     0.0748103	      0.457579	
43.000	      0.074183	      0.959208	
43.500	     0.0735586	       4.63852	
44.000	     0.0729335	       46.4853	
44.500	     0.0729335	       46.4853	
45.000	     0.0723045	       4.63846	
45.500	     0.0716683	      0.959081	
46.000	     0.0716683	      0.959081	
46.500	     0.0710215	      0.457387	
47.000	     0.0703606	      0.288828	
47.500	      0.069682	      0.211953	
48.000	      0.069682	      0.211953	
48.500	     0.0689821	      0.170482	
49.000	     0.0682567	      0.145568	
49.500	     0.0682567	      0.145568	
50.000	     0.0675017	       0.12943	
50.500	     0.0667124	      0.118377	
51.000	     0.0658836	      0.110475	
51.500	     0.0658836	      0.110475	
52.000	     0.0650099	      0.104628	
52.500	     0.0640848	      0.100179	
53.000	     0.0640848	      0.100179	
53.500	     0.0631016	     0.0967142	
54.000	     0.0620524	     0.0939628	
54.500	     0.0609281	     0.0917407	
55.000	     0.0609281	     0.0917407	
55.500	     0.0597188	     0.0899197	
56.000	     0.0584126	     0.0884083	
56.500	     0.0584126	     0.0884083	
57.000	     0.0569961	     0.0871397	
57.500	     0.0554537	     0.0860642	
58.000	     0.0554537	     0.0860642	
58.500	      0.053767	     0.0851442	
59.000	     0.0519144	     0.0843508	
59.500	     0.0498705	     0.0836616	
60.000	     0.0498705	     0.0836616	
60.500	     0.0476048	     0.0830589	
61.000	     0.0450808	     0.0825287	
61.500	     0.0450808	     0.0825287	
62.000	     0.0422542	     0.0820596	
62.500	     0.0390711	     0.0816425	
63.000	     0.0354652	     0.0812698	
63.500	     0.0354652	     0.0812698	
64.000	     0.0313539	     0.0809353	
64.500	     0.0266339	     0.0806339	
65.000	     0.0266339	     0.0806339	
65.500	      0.021174	     0.0803614	
66.000	     0.0148055	     0.0801139	
66.500	    0.00730904	     0.0798886	
67.000	    0.00730904	     0.0798886	
67.500	    0.00160538	     0.0796827	
68.000	     0.0123275	      0.079494	
68.500	     0.0123275	      0.079494	
69.000	     0.0253909	     0.0793207	
69.500	     0.0415424	      0.079161	
70.000	     0.0618526	     0.0790135	
70.500	     0.0618526	     0.0790135	
71.000	     0.0879013	      0.078877	
71.500	      0.122098	     0.0787504	
72.000	      0.122098	     0.0787504	
72.500	      0.168268	     0.0786326	
73.000	      0.232782	     0.0785229	
73.500	      0.326902	     0.0784205	
74.000	      0.326902	     0.0784205	
74.500	      0.472104	     0.0783248	
75.000	      0.713654	     0.0782351	
75.500	      0.713654	     0.0782351	
76.000	       1.16121	      0.078151	
76.500	        2.1422	     0.0780719	
77.000	       5.06134	     0.0779974	
77.500	       5.06134	     0.0779974	
78.000	       26.4677	     0.0779273	
78.500	        270.96	      0.077861	
79.000	        270.96	      0.077861	
79.500	       26.4691	     0.0777984	
80.000	       5.06419	     0.0777391	
80.500	       5.06419	     0.0777391	
81.000	       2.14652	     0.0776829	
81.500	       1.16707	     0.0776296	
82.000	      0.721162	      0.077579	
82.500	      0.721162	      0.077579	
83.000	      0.481382	     0.0775308	
83.500	       0.33812	     0.0774849	
84.000	       0.33812	     0.0774849	
84.500	      0.246156	     0.0774412	
85.000	      0.184079	     0.0773994	
85.500	      0.140708	     0.0773595	
86.000	      0.140708	     0.0773595	
86.500	      0.109785	     0.0773214	
87.000	     0.0876385	     0.0772849	
87.500	     0.0876385	     0.0772849	
88.000	     0.0720827	     0.0772499	
88.500	      0.061868	     0.0772164	
89.000	     0.0564369	     0.0771842	
89.500	     0.0564369	     0.0771842	
90.000	     0.0558799	     0.0771533	
90.500	     0.0611158	     0.0771235	
91.000	     0.0611158	     0.0771235	
91.500	     0.0744816	     0.0770949	
92.000	       0.10136	     0.0770673	
92.500	      0.155134	     0.0770407	
93.000	      0.155134	     0.0770407	
93.500	      0.275973	     0.0770151	
94.000	      0.636082	     0.0769903	
94.500	      0.636082	     0.0769903	
95.000	       3.26199	     0.0769664	
95.500	       33.1439	     0.0769432	
96.000	         3.283	     0.0769208	
96.500	         3.283	     0.0769208	
97.000	      0.681385	     0.0768991	
97.500	      0.353294	     0.0768781	
98.000	      0.353294	     0.0768781	
98.500	      0.279759	     0.0768577	
99.000	      0.303889	     0.0768379	
99.500	      0.422197	     0.0768186	
100.000	      0.422197	     0.0768186	
100.500	      0.730603	     0.0767999	
101.000	       1.69274	     0.0767817	
101.500	       1.69274	     0.0767817	
102.000	       8.83357	      0.076764	
102.500	       90.5182	     0.0767467	
103.000	       90.5182	     0.0767467	
103.500	       8.82184	     0.0767299	
104.000	       1.66802	     0.0767135	
104.500	      0.689929	     0.0766974	
105.000	      0.689929	     0.0766974	
105.500	       0.35976	     0.0766818	
106.000	      0.208185	     0.0766664	
106.500	      0.208185	     0.0766664	
107.000	      0.125741	     0.0766515	
107.500	     0.0757344	     0.0766368	
108.000	     0.0429939	     0.0766224	
108.500	     0.0429939	     0.0766224	
109.000	     0.0203083	     0.0766084	
109.500	    0.00388678	     0.0765945	
110.000	    0.00388678	     0.0765945	
110.500	    0.00842129	      0.076581	
111.000	     0.0179114	     0.0765677	
111.500	     0.0254029	     0.0765546	
112.000	     0.0254029	     0.0765546	
112.500	     0.0314348	     0.0765417	
113.000	     0.0363744	     0.0765291	
113.500	     0.0363744	     0.0765291	
114.000	     0.0404789	     0.0765166	
114.500	     0.0439329	     0.0765043	
115.000	     0.0468722	     0.0764922	
115.500	     0.0468722	     0.0764922	
116.000	     0.0493983	     0.0764802	
116.500	     0.0515882	     0.0764684	
117.000	     0.0515882	     0.0764684	
117.500	     0.0535017	     0.0764568	
118.000	     0.0551856	     0.0764453	
118.500	     0.0566767	     0.0764339	
119.000	     0.0566767	     0.0764339	
119.500	     0.0580049	     0.0764226	
120.000	     0.0591942	     0.0764115	
120.500	     0.0591942	     0.0764115	
121.000	     0.0602643	     0.0764004	
121.500	     0.0612313	     0.0763894	
122.000	     0.0621087	     0.0763786	
122.500	     0.0621087	     0.0763786	
123.000	     0.0629079	     0.0763678	
123.500	     0.0636383	     0.0763571	
124.000	     0.0636383	     0.0763571	
124.500	      0.064308	     0.0763464	
125.000	     0.0649239	     0.0763358	
125.500	     0.0649239	     0.0763358	
126.000	     0.0654919	     0.0763253	
126.500	     0.0660171	     0.0763148	
127.000	     0.0665038	     0.0763044	
127.500	     0.0665038	     0.0763044	
128.000	      0.066956	      0.076294	
128.500	     0.0673769	     0.0762836	
129.000	     0.0673769	     0.0762836	
129.500	     0.0677696	     0.0762733	
130.000	     0.0681366	      0.076263	
130.500	     0.0684803	     0.0762527	
131.000	     0.0684803	     0.0762527	
131.500	     0.0688026	     0.0762424	
132.000	     0.0691053	     0.0762321	
132.500	     0.0691053	     0.0762321	
133.000	     0.0693901	     0.0762218	
133.500	     0.0696585	     0.0762115	
134.000	     0.0699117	     0.0762012	
134.500	     0.0699117	     0.0762012	
135.000	     0.0701509	     0.0761908	
135.500	     0.0703772	     0.0761805	
136.000	     0.0703772	     0.0761805	
136.500	     0.0705915	     0.0761701	
137.000	     0.0707946	     0.0761597	
137.500	     0.0709875	     0.0761493	
138.000	     0.0709875	     0.0761493	
138.500	     0.0711707	     0.0761388	
139.000	     0.0713449	     0.0761283	
139.500	     0.0713449	     0.0761283	
140.000	     0.0715108	     0.0761177	
140.500	     0.0716688	      0.076107	
141.000	     0.0718196	     0.0760964	
141.500	     0.0718196	     0.0760964	
142.000	     0.0719634	     0.0760856	
142.500	     0.0721009	     0.0760748	
143.000	     0.0721009	     0.0760748	
143.500	     0.0722323	     0.0760639	
144.000	      0.072358	     0.0760529	
144.500	     0.0724784	     0.0760418	
145.000	     0.0724784	     0.0760418	
145.500	     0.0725937	     0.0760306	
146.000	     0.0727043	     0.0760194	
146.500	     0.0727043	     0.0760194	
147.000	     0.0728104	      0.076008	
147.500	     0.0729122	     0.0759966	
148.000	     0.0729122	     0.0759966	
148.500	     0.0730101	      0.075985	
149.000	     0.0731041	     0.0759733	
149.500	     0.0731946	     0.0759615	
150.000	     0.0731946	     0.0759615	
150.500	     0.0732816	     0.0759496	
151.000	     0.0733654	     0.0759375	
151.500	     0.0733654	     0.0759375	
152.000	     0.0734462	     0.0759253	
152.500	      0.073524	     0.0759129	
153.000	     0.0735991	     0.0759004	
153.500	     0.0735991	     0.0759004	
154.000	     0.0736715	     0.0758878	
154.500	     0.0737414	     0.0758749	
155.000	     0.0737414	     0.0758749	
155.500	     0.0738089	     0.0758619	
156.000	     0.0738741	     0.0758488	
156.500	     0.0739371	     0.0758354	
157.000	     0.0739371	     0.0758354	
157.500	     0.0739981	     0.0758219	
158.000	      0.074057	     0.0758082	
158.500	      0.074057	     0.0758082	
159.000	     0.0741141	     0.0757943	
159.500	     0.0741694	     0.0757801	
160.000	     0.0742229	     0.0757658	
160.500	     0.0742229	     0.0757658	
161.000	     0.0742748	     0.0757512	
161.500	      0.074325	     0.0757364	
162.000	      0.074325	     0.0757364	
162.500	     0.0743738	     0.0757213	
163.000	     0.0744211	      0.075706	
163.500	      0.074467	     0.0756905	
164.000	      0.074467	     0.0756905	
164.500	     0.0745115	     0.0756747	
165.000	     0.0745548	     0.0756586	
165.500	     0.0745548	     0.0756586	
166.000	     0.0745968	     0.0756422	
166.500	     0.0746376	     0.0756256	
167.000	     0.0746773	     0.0756086	
167.500	     0.0746773	     0.0756086	
168.000	     0.0747159	     0.0755913	
168.500	     0.0747534	     0.0755737	
169.000	     0.0747534	     0.0755737	
169.500	     0.0747899	     0.0755558	
170.000	     0.0748255	     0.0755375	
170.500	     0.0748255	     0.0755375	
171.000	     0.0748601	     0.0755189	
171.500	     0.0748938	     0.0754999	
172.000	     0.0749266	     0.0754805	
172.500	     0.0749266	     0.0754805	
173.000	     0.0749586	     0.0754608	
173.500	     0.0749898	     0.0754406	
174.000	     0.0749898	     0.0754406	
174.500	     0.0750202	       0.07542	
175.000	     0.0750498	      0.075399	
175.500	     0.0750787	     0.0753775	
176.000	     0.0750787	     0.0753775	
176.500	      0.075107	     0.0753556	
177.000	     0.0751345	     0.0753332	
177.500	     0.0751345	     0.0753332	
178.000	     0.0751614	     0.0753102	
178.500	     0.0751877	     0.0752868	
179.000	     0.0752133	     0.0752629	
179.500	     0.0752133	     0.0752629	
180.000	     0.0752384	     0.0752384	
