
TracePro Release: 3 2 0 
Polar Candela Distribution Data for 
Data covers +/- 180.000 degrees from Normal
Data for Missed Rays
Data generated at 09:41:39 June 30, 2025

	   0.0	 180.0
0.000	      0.319257	      0.319257	
0.500	      0.319199	      0.319314	
1.000	      0.319199	      0.319314	
1.500	       0.31914	      0.319369	
2.000	      0.319079	      0.319423	
2.500	      0.319016	      0.319476	
3.000	      0.319016	      0.319476	
3.500	      0.318952	      0.319528	
4.000	      0.318886	      0.319578	
4.500	      0.318886	      0.319578	
5.000	      0.318818	      0.319627	
5.500	      0.318748	      0.319675	
6.000	      0.318677	      0.319721	
6.500	      0.318677	      0.319721	
7.000	      0.318604	      0.319767	
7.500	      0.318528	      0.319812	
8.000	      0.318528	      0.319812	
8.500	      0.318451	      0.319855	
9.000	      0.318372	      0.319898	
9.500	       0.31829	      0.319939	
10.000	       0.31829	      0.319939	
10.500	      0.318206	       0.31998	
11.000	       0.31812	       0.32002	
11.500	       0.31812	       0.32002	
12.000	      0.318031	      0.320059	
12.500	       0.31794	      0.320097	
13.000	       0.31794	      0.320097	
13.500	      0.317846	      0.320134	
14.000	       0.31775	       0.32017	
14.500	       0.31765	      0.320205	
15.000	       0.31765	      0.320205	
15.500	      0.317548	       0.32024	
16.000	      0.317442	      0.320274	
16.500	      0.317442	      0.320274	
17.000	      0.317334	      0.320307	
17.500	      0.317222	       0.32034	
18.000	      0.317107	      0.320371	
18.500	      0.317107	      0.320371	
19.000	      0.316988	      0.320403	
19.500	      0.316865	      0.320433	
20.000	      0.316865	      0.320433	
20.500	      0.316739	      0.320463	
21.000	      0.316609	      0.320492	
21.500	      0.316474	       0.32052	
22.000	      0.316474	       0.32052	
22.500	      0.316335	      0.320548	
23.000	      0.316191	      0.320575	
23.500	      0.316191	      0.320575	
24.000	      0.316043	      0.320602	
24.500	       0.31589	      0.320628	
25.000	      0.315731	      0.320654	
25.500	      0.315731	      0.320654	
26.000	      0.315567	      0.320679	
26.500	      0.315398	      0.320703	
27.000	      0.315398	      0.320703	
27.500	      0.315222	      0.320727	
28.000	       0.31504	      0.320751	
28.500	      0.314852	      0.320774	
29.000	      0.314852	      0.320774	
29.500	      0.314657	      0.320796	
30.000	      0.314455	      0.320818	
30.500	      0.314455	      0.320818	
31.000	      0.314245	       0.32084	
31.500	      0.314028	      0.320861	
32.000	      0.313802	      0.320882	
32.500	      0.313802	      0.320882	
33.000	      0.313567	      0.320902	
33.500	      0.313324	      0.320922	
34.000	      0.313324	      0.320922	
34.500	      0.313071	      0.320941	
35.000	      0.312807	       0.32096	
35.500	      0.312807	       0.32096	
36.000	      0.312533	      0.320979	
36.500	      0.312248	      0.320997	
37.000	      0.311951	      0.321015	
37.500	      0.311951	      0.321015	
38.000	      0.311641	      0.321032	
38.500	      0.311318	      0.321049	
39.000	      0.311318	      0.321049	
39.500	      0.310982	      0.321066	
40.000	       0.31063	      0.321082	
40.500	      0.310263	      0.321098	
41.000	      0.310263	      0.321098	
41.500	      0.309879	      0.321114	
42.000	      0.309477	      0.321129	
42.500	      0.309477	      0.321129	
43.000	      0.309057	      0.321144	
43.500	      0.308617	      0.321159	
44.000	      0.308156	      0.321173	
44.500	      0.308156	      0.321173	
45.000	      0.307672	      0.321187	
45.500	      0.307164	      0.321201	
46.000	      0.307164	      0.321201	
46.500	       0.30663	      0.321214	
47.000	      0.306069	      0.321227	
47.500	      0.305479	       0.32124	
48.000	      0.305479	       0.32124	
48.500	      0.304857	      0.321253	
49.000	      0.304202	      0.321265	
49.500	      0.304202	      0.321265	
50.000	       0.30351	      0.321277	
50.500	       0.30278	      0.321289	
51.000	      0.302008	        0.3213	
51.500	      0.302008	        0.3213	
52.000	      0.301191	      0.321311	
52.500	      0.300325	      0.321322	
53.000	      0.300325	      0.321322	
53.500	      0.299407	      0.321333	
54.000	      0.298432	      0.321343	
54.500	      0.297395	      0.321353	
55.000	      0.297395	      0.321353	
55.500	      0.296291	      0.321363	
56.000	      0.295115	      0.321373	
56.500	      0.295115	      0.321373	
57.000	      0.293859	      0.321382	
57.500	      0.292516	      0.321391	
58.000	      0.292516	      0.321391	
58.500	      0.291079	        0.3214	
59.000	      0.289538	      0.321409	
59.500	      0.287882	      0.321418	
60.000	      0.287882	      0.321418	
60.500	      0.286101	      0.321426	
61.000	      0.284181	      0.321434	
61.500	      0.284181	      0.321434	
62.000	      0.282108	      0.321442	
62.500	      0.279863	      0.321449	
63.000	       0.27743	      0.321457	
63.500	       0.27743	      0.321457	
64.000	      0.274784	      0.321464	
64.500	      0.271902	      0.321471	
65.000	      0.271902	      0.321471	
65.500	      0.268753	      0.321477	
66.000	      0.265304	      0.321484	
66.500	      0.261517	       0.32149	
67.000	      0.261517	       0.32149	
67.500	      0.257344	      0.321497	
68.000	      0.252732	      0.321502	
68.500	      0.252732	      0.321502	
69.000	      0.247616	      0.321508	
69.500	      0.241922	      0.321514	
70.000	      0.235558	      0.321519	
70.500	      0.235558	      0.321519	
71.000	      0.228414	      0.321524	
71.500	      0.220359	      0.321529	
72.000	      0.220359	      0.321529	
72.500	      0.211229	      0.321534	
73.000	      0.200826	      0.321539	
73.500	        0.1889	      0.321543	
74.000	        0.1889	      0.321543	
74.500	       0.17514	      0.321547	
75.000	      0.159149	      0.321551	
75.500	      0.159149	      0.321551	
76.000	      0.140417	      0.321555	
76.500	       0.11828	      0.321559	
77.000	     0.0918597	      0.321562	
77.500	     0.0918597	      0.321562	
78.000	     0.0599741	      0.321566	
78.500	     0.0210051	      0.321569	
79.000	     0.0210051	      0.321569	
79.500	     0.0273132	      0.321572	
80.000	      0.088231	      0.321575	
80.500	      0.088231	      0.321575	
81.000	      0.166545	      0.321577	
81.500	      0.269576	       0.32158	
82.000	      0.408943	      0.321582	
82.500	      0.408943	      0.321582	
83.000	      0.604006	      0.321584	
83.500	      0.888991	      0.321586	
84.000	      0.888991	      0.321586	
84.500	       1.32917	      0.321588	
85.000	       2.06215	       0.32159	
85.500	       3.42123	      0.321591	
86.000	       3.42123	      0.321591	
86.500	       6.40178	      0.321592	
87.000	       15.2739	      0.321593	
87.500	       15.2739	      0.321593	
88.000	       80.3446	      0.321594	
88.500	       823.799	      0.321595	
89.000	       80.3446	      0.321596	
89.500	       80.3446	      0.321596	
90.000	       15.2739	      0.321596	
90.500	       6.40178	      0.321596	
91.000	       6.40178	      0.321596	
91.500	       3.42123	      0.321596	
92.000	       2.06215	      0.321596	
92.500	       1.32917	      0.321596	
93.000	       1.32917	      0.321596	
93.500	      0.888991	      0.321596	
94.000	      0.604006	      0.321595	
94.500	      0.604006	      0.321595	
95.000	      0.408943	      0.321594	
95.500	      0.269576	      0.321593	
96.000	      0.166545	      0.321592	
96.500	      0.166545	      0.321592	
97.000	      0.088231	      0.321591	
97.500	     0.0273132	       0.32159	
98.000	     0.0273132	       0.32159	
98.500	     0.0210051	      0.321588	
99.000	     0.0599741	      0.321586	
99.500	     0.0918597	      0.321584	
100.000	     0.0918597	      0.321584	
100.500	       0.11828	      0.321582	
101.000	      0.140417	       0.32158	
101.500	      0.140417	       0.32158	
102.000	      0.159149	      0.321577	
102.500	       0.17514	      0.321575	
103.000	       0.17514	      0.321575	
103.500	        0.1889	      0.321572	
104.000	      0.200826	      0.321569	
104.500	      0.211229	      0.321566	
105.000	      0.211229	      0.321566	
105.500	      0.220359	      0.321562	
106.000	      0.228414	      0.321559	
106.500	      0.228414	      0.321559	
107.000	      0.235558	      0.321555	
107.500	      0.241922	      0.321551	
108.000	      0.247616	      0.321547	
108.500	      0.247616	      0.321547	
109.000	      0.252732	      0.321543	
109.500	      0.257344	      0.321539	
110.000	      0.257344	      0.321539	
110.500	      0.261517	      0.321534	
111.000	      0.265304	      0.321529	
111.500	      0.268753	      0.321524	
112.000	      0.268753	      0.321524	
112.500	      0.271902	      0.321519	
113.000	      0.274784	      0.321514	
113.500	      0.274784	      0.321514	
114.000	       0.27743	      0.321508	
114.500	      0.279863	      0.321502	
115.000	      0.282108	      0.321497	
115.500	      0.282108	      0.321497	
116.000	      0.284181	       0.32149	
116.500	      0.286101	      0.321484	
117.000	      0.286101	      0.321484	
117.500	      0.287882	      0.321477	
118.000	      0.289538	      0.321471	
118.500	      0.291079	      0.321464	
119.000	      0.291079	      0.321464	
119.500	      0.292516	      0.321457	
120.000	      0.293859	      0.321449	
120.500	      0.293859	      0.321449	
121.000	      0.295115	      0.321442	
121.500	      0.296291	      0.321434	
122.000	      0.297395	      0.321426	
122.500	      0.297395	      0.321426	
123.000	      0.298432	      0.321418	
123.500	      0.299407	      0.321409	
124.000	      0.299407	      0.321409	
124.500	      0.300325	        0.3214	
125.000	      0.301191	      0.321391	
125.500	      0.301191	      0.321391	
126.000	      0.302008	      0.321382	
126.500	       0.30278	      0.321373	
127.000	       0.30351	      0.321363	
127.500	       0.30351	      0.321363	
128.000	      0.304202	      0.321353	
128.500	      0.304857	      0.321343	
129.000	      0.304857	      0.321343	
129.500	      0.305479	      0.321333	
130.000	      0.306069	      0.321322	
130.500	       0.30663	      0.321311	
131.000	       0.30663	      0.321311	
131.500	      0.307164	        0.3213	
132.000	      0.307672	      0.321289	
132.500	      0.307672	      0.321289	
133.000	      0.308156	      0.321277	
133.500	      0.308617	      0.321265	
134.000	      0.309057	      0.321253	
134.500	      0.309057	      0.321253	
135.000	      0.309477	       0.32124	
135.500	      0.309879	      0.321227	
136.000	      0.309879	      0.321227	
136.500	      0.310263	      0.321214	
137.000	       0.31063	      0.321201	
137.500	      0.310982	      0.321187	
138.000	      0.310982	      0.321187	
138.500	      0.311318	      0.321173	
139.000	      0.311641	      0.321159	
139.500	      0.311641	      0.321159	
140.000	      0.311951	      0.321144	
140.500	      0.312248	      0.321129	
141.000	      0.312533	      0.321114	
141.500	      0.312533	      0.321114	
142.000	      0.312807	      0.321098	
142.500	      0.313071	      0.321082	
143.000	      0.313071	      0.321082	
143.500	      0.313324	      0.321066	
144.000	      0.313567	      0.321049	
144.500	      0.313802	      0.321032	
145.000	      0.313802	      0.321032	
145.500	      0.314028	      0.321015	
146.000	      0.314245	      0.320997	
146.500	      0.314245	      0.320997	
147.000	      0.314455	      0.320979	
147.500	      0.314657	       0.32096	
148.000	      0.314657	       0.32096	
148.500	      0.314852	      0.320941	
149.000	       0.31504	      0.320922	
149.500	      0.315222	      0.320902	
150.000	      0.315222	      0.320902	
150.500	      0.315398	      0.320882	
151.000	      0.315567	      0.320861	
151.500	      0.315567	      0.320861	
152.000	      0.315731	       0.32084	
152.500	       0.31589	      0.320818	
153.000	      0.316043	      0.320796	
153.500	      0.316043	      0.320796	
154.000	      0.316191	      0.320774	
154.500	      0.316335	      0.320751	
155.000	      0.316335	      0.320751	
155.500	      0.316474	      0.320727	
156.000	      0.316609	      0.320703	
156.500	      0.316739	      0.320679	
157.000	      0.316739	      0.320679	
157.500	      0.316865	      0.320654	
158.000	      0.316988	      0.320628	
158.500	      0.316988	      0.320628	
159.000	      0.317107	      0.320602	
159.500	      0.317222	      0.320575	
160.000	      0.317334	      0.320548	
160.500	      0.317334	      0.320548	
161.000	      0.317442	       0.32052	
161.500	      0.317548	      0.320492	
162.000	      0.317548	      0.320492	
162.500	       0.31765	      0.320463	
163.000	       0.31775	      0.320433	
163.500	      0.317846	      0.320403	
164.000	      0.317846	      0.320403	
164.500	       0.31794	      0.320371	
165.000	      0.318031	       0.32034	
165.500	      0.318031	       0.32034	
166.000	       0.31812	      0.320307	
166.500	      0.318206	      0.320274	
167.000	       0.31829	       0.32024	
167.500	       0.31829	       0.32024	
168.000	      0.318372	      0.320205	
168.500	      0.318451	       0.32017	
169.000	      0.318451	       0.32017	
169.500	      0.318528	      0.320134	
170.000	      0.318604	      0.320097	
170.500	      0.318604	      0.320097	
171.000	      0.318677	      0.320059	
171.500	      0.318748	       0.32002	
172.000	      0.318818	       0.31998	
172.500	      0.318818	       0.31998	
173.000	      0.318886	      0.319939	
173.500	      0.318952	      0.319898	
174.000	      0.318952	      0.319898	
174.500	      0.319016	      0.319855	
175.000	      0.319079	      0.319812	
175.500	       0.31914	      0.319767	
176.000	       0.31914	      0.319767	
176.500	      0.319199	      0.319721	
177.000	      0.319257	      0.319675	
177.500	      0.319257	      0.319675	
178.000	      0.319314	      0.319627	
178.500	      0.319369	      0.319578	
179.000	      0.319423	      0.319528	
179.500	      0.319423	      0.319528	
180.000	      0.319476	      0.319476	
