
TracePro Release: 3 2 0 
Polar Candela Distribution Data for 
Data covers +/- 180.000 degrees from Normal
Data for Missed Rays
Data generated at 09:38:31 June 25, 2025

	   0.0	 180.0
0.000	     0.0317817	     0.0317817	
0.500	     0.0314957	     0.0320498	
1.000	     0.0314957	     0.0320498	
1.500	     0.0311902	     0.0323013	
2.000	     0.0308635	     0.0325377	
2.500	     0.0305135	       0.03276	
3.000	     0.0305135	       0.03276	
3.500	     0.0301381	     0.0329694	
4.000	     0.0297345	     0.0331668	
4.500	     0.0297345	     0.0331668	
5.000	     0.0292998	     0.0333535	
5.500	     0.0288304	     0.0335306	
6.000	     0.0283219	     0.0336999	
6.500	     0.0283219	     0.0336999	
7.000	     0.0277687	     0.0338645	
7.500	     0.0271629	     0.0340307	
8.000	     0.0271629	     0.0340307	
8.500	     0.0264921	      0.034214	
9.000	     0.0257325	      0.034464	
9.500	     0.0248229	     0.0350027	
10.000	     0.0248229	     0.0350027	
10.500	     0.0235208	     0.0385207	
11.000	     0.0190461	     0.0101626	
11.500	     0.0190461	     0.0101626	
12.000	     0.0678884	     0.0382536	
12.500	     0.0169992	     0.0341563	
13.000	     0.0169992	     0.0341563	
13.500	      0.019403	     0.0316889	
14.000	     0.0185859	     0.0163048	
14.500	     0.0173022	      0.229136	
15.000	     0.0173022	      0.229136	
15.500	     0.0157672	       0.01636	
16.000	     0.0140129	     0.0317271	
16.500	     0.0140129	     0.0317271	
17.000	     0.0120322	     0.0338671	
17.500	    0.00980681	      0.034616	
18.000	    0.00732261	     0.0349737	
18.500	    0.00732261	     0.0349737	
19.000	    0.00460572	      0.035167	
19.500	    0.00191852	     0.0352595	
20.000	    0.00191852	     0.0352595	
20.500	    0.00293646	     0.0352479	
21.000	     0.0683463	     0.0350397	
21.500	    0.00596535	     0.0341703	
22.000	    0.00596535	     0.0341703	
22.500	      0.014636	     0.0269696	
23.000	    0.00271029	      0.129834	
23.500	    0.00271029	      0.129834	
24.000	      0.309813	     0.0282228	
24.500	     0.0438288	     0.0429881	
25.000	     0.0639699	     0.0687943	
25.500	     0.0639699	     0.0687943	
26.000	     0.0752991	      0.101698	
26.500	      0.184602	     0.0920054	
27.000	      0.184602	     0.0920054	
27.500	   0.000543092	      0.268896	
28.000	      0.244127	     0.0164402	
28.500	      0.173234	     0.0330267	
29.000	      0.173234	     0.0330267	
29.500	       0.41754	     0.0351135	
30.000	      0.217653	     0.0357989	
30.500	      0.217653	     0.0357989	
31.000	      0.691368	     0.0361192	
31.500	      0.987343	     0.0363038	
32.000	        2.0432	     0.0364265	
32.500	        2.0432	     0.0364265	
33.000	       4.48418	     0.0365167	
33.500	       24.1704	      0.036588	
34.000	       24.1704	      0.036588	
34.500	       245.215	     0.0366473	
35.000	       24.7195	     0.0366986	
35.500	       24.7195	     0.0366986	
36.000	       4.37734	     0.0367442	
36.500	       2.86468	     0.0367856	
37.000	      0.100936	     0.0368236	
37.500	      0.100936	     0.0368236	
38.000	       1.46463	      0.036859	
38.500	      0.152418	     0.0368921	
39.000	      0.152418	     0.0368921	
39.500	        2.7892	     0.0369235	
40.000	       1.88915	     0.0369532	
40.500	       2.70552	     0.0369816	
41.000	       2.70552	     0.0369816	
41.500	       1.18822	     0.0370087	
42.000	       3.48063	     0.0370347	
42.500	       3.48063	     0.0370347	
43.000	       1.99177	     0.0370597	
43.500	       2.01315	     0.0370837	
44.000	       2.84777	     0.0371069	
44.500	       2.84777	     0.0371069	
45.000	       3.55257	     0.0371293	
45.500	        1.1236	     0.0371509	
46.000	        1.1236	     0.0371509	
46.500	       1.07102	     0.0371718	
47.000	       2.83086	     0.0371921	
47.500	        3.2231	     0.0372117	
48.000	        3.2231	     0.0372117	
48.500	       5.58833	     0.0372307	
49.000	       5.49712	     0.0372492	
49.500	       5.49712	     0.0372492	
50.000	       3.31742	     0.0372671	
50.500	       5.32905	     0.0372845	
51.000	       4.32034	     0.0373014	
51.500	       4.32034	     0.0373014	
52.000	        5.7146	     0.0373179	
52.500	       4.97965	     0.0373339	
53.000	       4.97965	     0.0373339	
53.500	       5.20441	     0.0373495	
54.000	       6.28101	     0.0373646	
54.500	       6.20203	     0.0373794	
55.000	       6.20203	     0.0373794	
55.500	       7.15968	     0.0373938	
56.000	       10.9549	     0.0374078	
56.500	       10.9549	     0.0374078	
57.000	       9.07547	     0.0374214	
57.500	       7.44448	     0.0374348	
58.000	       7.44448	     0.0374348	
58.500	       6.43016	     0.0374478	
59.000	       9.20649	     0.0374604	
59.500	        4.9826	     0.0374728	
60.000	        4.9826	     0.0374728	
60.500	       13.5455	     0.0374849	
61.000	       8.62821	     0.0374967	
61.500	       8.62821	     0.0374967	
62.000	        6.3232	     0.0375082	
62.500	       12.3101	     0.0375195	
63.000	       10.4087	     0.0375304	
63.500	       10.4087	     0.0375304	
64.000	       10.6341	     0.0375412	
64.500	       7.34143	     0.0375517	
65.000	       7.34143	     0.0375517	
65.500	        10.821	      0.037562	
66.000	       11.2921	      0.037572	
66.500	       13.3786	     0.0375818	
67.000	       13.3786	     0.0375818	
67.500	       8.05102	     0.0375914	
68.000	       6.93995	     0.0376009	
68.500	       6.93995	     0.0376009	
69.000	       11.3568	     0.0376101	
69.500	        13.093	     0.0376191	
70.000	       5.93976	     0.0376279	
70.500	       5.93976	     0.0376279	
71.000	       7.85906	     0.0376366	
71.500	       5.77983	      0.037645	
72.000	       5.77983	      0.037645	
72.500	       15.7784	     0.0376533	
73.000	        101.48	     0.0376615	
73.500	       17.7362	     0.0376694	
74.000	       17.7362	     0.0376694	
74.500	       5.87431	     0.0376773	
75.000	       7.58225	     0.0376849	
75.500	       7.58225	     0.0376849	
76.000	       5.55094	     0.0376925	
76.500	       4.05615	     0.0376998	
77.000	       6.77594	     0.0377071	
77.500	       6.77594	     0.0377071	
78.000	        8.5337	     0.0377142	
78.500	       6.35711	     0.0377211	
79.000	       6.35711	     0.0377211	
79.500	        7.4499	      0.037728	
80.000	       6.09949	     0.0377347	
80.500	       6.09949	     0.0377347	
81.000	       9.45083	     0.0377413	
81.500	        6.9777	     0.0377478	
82.000	       3.61191	     0.0377542	
82.500	       3.61191	     0.0377542	
83.000	       4.87853	     0.0377604	
83.500	       9.10486	     0.0377666	
84.000	       9.10486	     0.0377666	
84.500	       6.71883	     0.0377727	
85.000	       2.56317	     0.0377786	
85.500	       5.04906	     0.0377845	
86.000	       5.04906	     0.0377845	
86.500	       3.20087	     0.0377902	
87.000	       4.34323	     0.0377959	
87.500	       4.34323	     0.0377959	
88.000	       6.36147	     0.0378015	
88.500	       5.48142	      0.037807	
89.000	       4.25142	     0.0378124	
89.500	       4.25142	     0.0378124	
90.000	       1.80864	     0.0378177	
90.500	         0.199	     0.0378229	
91.000	         0.199	     0.0378229	
91.500	      0.857339	     0.0378281	
92.000	       1.79308	     0.0378332	
92.500	        3.4063	     0.0378382	
93.000	        3.4063	     0.0378382	
93.500	       7.10146	     0.0378431	
94.000	       1.31186	      0.037848	
94.500	       1.31186	      0.037848	
95.000	   0.000143195	     0.0378528	
95.500	     0.0863478	     0.0378576	
96.000	        1.6489	     0.0378623	
96.500	        1.6489	     0.0378623	
97.000	       2.27776	     0.0378669	
97.500	      0.911952	     0.0378714	
98.000	      0.911952	     0.0378714	
98.500	      0.054697	     0.0378759	
99.000	      0.716712	     0.0378804	
99.500	     0.0849508	     0.0378848	
100.000	     0.0849508	     0.0378848	
100.500	       1.56937	     0.0378891	
101.000	       2.55725	     0.0378934	
101.500	       2.55725	     0.0378934	
102.000	      0.530852	     0.0378977	
102.500	       1.31938	     0.0379019	
103.000	       1.31938	     0.0379019	
103.500	        1.4211	      0.037906	
104.000	      0.514634	     0.0379101	
104.500	      0.189997	     0.0379142	
105.000	      0.189997	     0.0379142	
105.500	      0.213079	     0.0379182	
106.000	      0.339841	     0.0379222	
106.500	      0.339841	     0.0379222	
107.000	      0.729224	     0.0379262	
107.500	       3.59667	     0.0379301	
108.000	       36.2588	      0.037934	
108.500	       36.2588	      0.037934	
109.000	       3.59574	     0.0379378	
109.500	      0.727136	     0.0379417	
110.000	      0.727136	     0.0379417	
110.500	      0.335871	     0.0379455	
111.000	      0.204534	     0.0379492	
111.500	      0.147432	      0.037953	
112.000	      0.147432	      0.037953	
112.500	     0.0541194	     0.0379567	
113.000	      0.202849	     0.0379604	
113.500	      0.202849	     0.0379604	
114.000	     0.0354002	      0.037964	
114.500	      0.179624	     0.0379677	
115.000	     0.0122796	     0.0379713	
115.500	     0.0122796	     0.0379713	
116.000	      0.268052	     0.0379749	
116.500	     0.0165267	     0.0379785	
117.000	     0.0165267	     0.0379785	
117.500	      0.113037	     0.0379821	
118.000	     0.0678119	     0.0379856	
118.500	      0.221295	     0.0379892	
119.000	      0.221295	     0.0379892	
119.500	      0.135895	     0.0379927	
120.000	      0.266209	     0.0379963	
120.500	      0.266209	     0.0379963	
121.000	     0.0304998	     0.0379998	
121.500	      0.160709	     0.0380033	
122.000	      0.138631	     0.0380068	
122.500	      0.138631	     0.0380068	
123.000	      0.337249	     0.0380103	
123.500	      0.307314	     0.0380138	
124.000	      0.307314	     0.0380138	
124.500	      0.342273	     0.0380174	
125.000	      0.269764	     0.0380209	
125.500	      0.269764	     0.0380209	
126.000	      0.489348	     0.0380244	
126.500	      0.217954	     0.0380279	
127.000	      0.339011	     0.0380314	
127.500	      0.339011	     0.0380314	
128.000	      0.296791	      0.038035	
128.500	      0.177478	     0.0380385	
129.000	      0.177478	     0.0380385	
129.500	     0.0722304	     0.0380421	
130.000	       0.10668	     0.0380456	
130.500	     0.0855254	     0.0380492	
131.000	     0.0855254	     0.0380492	
131.500	      0.259219	     0.0380528	
132.000	       0.18429	     0.0380565	
132.500	       0.18429	     0.0380565	
133.000	      0.619097	     0.0380601	
133.500	      0.139482	     0.0380638	
134.000	      0.375138	     0.0380675	
134.500	      0.375138	     0.0380675	
135.000	      0.382876	     0.0380712	
135.500	      0.500847	      0.038075	
136.000	      0.500847	      0.038075	
136.500	      0.326401	     0.0380788	
137.000	      0.390365	     0.0380826	
137.500	      0.260027	     0.0380864	
138.000	      0.260027	     0.0380864	
138.500	      0.340628	     0.0380903	
139.000	      0.306167	     0.0380943	
139.500	      0.306167	     0.0380943	
140.000	       0.34084	     0.0380983	
140.500	      0.257211	     0.0381023	
141.000	      0.391815	     0.0381064	
141.500	      0.391815	     0.0381064	
142.000	      0.312184	     0.0381106	
142.500	      0.392227	     0.0381148	
143.000	      0.392227	     0.0381148	
143.500	      0.250806	      0.038119	
144.000	       0.28107	     0.0381234	
144.500	      0.200389	     0.0381278	
145.000	      0.200389	     0.0381278	
145.500	      0.442805	     0.0381323	
146.000	      0.289762	     0.0381368	
146.500	      0.289762	     0.0381368	
147.000	       0.18773	     0.0381414	
147.500	      0.118683	     0.0381462	
148.000	      0.118683	     0.0381462	
148.500	      0.345929	      0.038151	
149.000	      0.151991	     0.0381559	
149.500	      0.358656	     0.0381609	
150.000	      0.358656	     0.0381609	
150.500	      0.177176	      0.038166	
151.000	       1.48643	     0.0381712	
151.500	       1.48643	     0.0381712	
152.000	       9.95754	     0.0381766	
152.500	       1.00833	      0.038182	
153.000	      0.225625	     0.0381876	
153.500	      0.225625	     0.0381876	
154.000	      0.123011	     0.0381934	
154.500	     0.0382125	     0.0381992	
155.000	     0.0382125	     0.0381992	
155.500	     0.0712485	     0.0382053	
156.000	     0.0589742	     0.0382115	
156.500	     0.0532466	     0.0382178	
157.000	     0.0532466	     0.0382178	
157.500	     0.0496862	     0.0382244	
158.000	     0.0472834	     0.0382311	
158.500	     0.0472834	     0.0382311	
159.000	     0.0455767	     0.0382381	
159.500	     0.0443178	     0.0382452	
160.000	     0.0433612	     0.0382526	
160.500	     0.0433612	     0.0382526	
161.000	     0.0426163	     0.0382602	
161.500	     0.0420243	     0.0382681	
162.000	     0.0420243	     0.0382681	
162.500	     0.0415455	     0.0382762	
163.000	     0.0411525	     0.0382846	
163.500	     0.0408255	     0.0382934	
164.000	     0.0408255	     0.0382934	
164.500	     0.0405503	     0.0383024	
165.000	     0.0403164	     0.0383118	
165.500	     0.0403164	     0.0383118	
166.000	     0.0401156	     0.0383215	
166.500	     0.0399419	     0.0383317	
167.000	     0.0397905	     0.0383422	
167.500	     0.0397905	     0.0383422	
168.000	     0.0396575	     0.0383532	
168.500	     0.0395401	     0.0383646	
169.000	     0.0395401	     0.0383646	
169.500	     0.0394358	     0.0383765	
170.000	     0.0393426	      0.038389	
170.500	     0.0393426	      0.038389	
171.000	      0.039259	     0.0384021	
171.500	     0.0391836	     0.0384157	
172.000	     0.0391153	     0.0384301	
172.500	     0.0391153	     0.0384301	
173.000	     0.0390533	     0.0384451	
173.500	     0.0389967	     0.0384609	
174.000	     0.0389967	     0.0384609	
174.500	     0.0389449	     0.0384775	
175.000	     0.0388974	     0.0384951	
175.500	     0.0388536	     0.0385136	
176.000	     0.0388536	     0.0385136	
176.500	     0.0388132	     0.0385331	
177.000	     0.0387757	     0.0385538	
177.500	     0.0387757	     0.0385538	
178.000	     0.0387409	     0.0385757	
178.500	     0.0387086	      0.038599	
179.000	     0.0386784	     0.0386238	
179.500	     0.0386784	     0.0386238	
180.000	     0.0386502	     0.0386502	
