
TracePro Release: 3 2 0 
Polar Candela Distribution Data for 
Data covers +/- 180.000 degrees from Normal
Data for Missed Rays
Data generated at 09:38:34 June 25, 2025

	   0.0	 180.0
0.000	     0.0951565	     0.0951565	
0.500	     0.0143063	      0.593524	
1.000	     0.0143063	      0.593524	
1.500	      0.203797	       0.22684	
2.000	     0.0228431	      0.058065	
2.500	     0.0350281	      0.188401	
3.000	     0.0350281	      0.188401	
3.500	     0.0317549	      0.924493	
4.000	     0.0297779	      0.741164	
4.500	     0.0297779	      0.741164	
5.000	     0.0212687	    0.00728335	
5.500	      0.118703	      0.108159	
6.000	    0.00271808	      0.810492	
6.500	    0.00271808	      0.810492	
7.000	      0.207708	      0.569789	
7.500	     0.0166179	     0.0529672	
8.000	     0.0166179	     0.0529672	
8.500	      0.353791	      0.326162	
9.000	      0.112873	       3.17309	
9.500	      0.152514	       1.86899	
10.000	      0.152514	       1.86899	
10.500	      0.282541	       1.78627	
11.000	      0.111585	       1.16478	
11.500	      0.111585	       1.16478	
12.000	      0.032556	      0.477166	
12.500	     0.0837048	      0.913346	
13.000	     0.0837048	      0.913346	
13.500	     0.0288011	      0.720488	
14.000	      0.118251	       1.58875	
14.500	     0.0112681	      0.188775	
15.000	     0.0112681	      0.188775	
15.500	       1.05014	       1.11907	
16.000	       15.3942	       1.69702	
16.500	       15.3942	       1.69702	
17.000	       26.8316	       1.26983	
17.500	       31.5145	      0.232679	
18.000	       33.0635	      0.393176	
18.500	       33.0635	      0.393176	
19.000	       25.0993	     0.0297943	
19.500	       32.8583	     0.0263095	
20.000	       32.8583	     0.0263095	
20.500	       24.1071	      0.493232	
21.000	       36.3837	       4.53037	
21.500	       29.4605	       2.52482	
22.000	       29.4605	       2.52482	
22.500	       37.6318	      0.445968	
23.000	       48.7927	      0.438131	
23.500	       48.7927	      0.438131	
24.000	       50.3338	      0.641874	
24.500	       49.7851	      0.444624	
25.000	       44.7411	      0.901252	
25.500	       44.7411	      0.901252	
26.000	       43.7492	        1.1054	
26.500	       21.2466	       1.16162	
27.000	       21.2466	       1.16162	
27.500	       2.48593	       2.23498	
28.000	      0.177393	       1.65428	
28.500	      0.682258	      0.453464	
29.000	      0.682258	      0.453464	
29.500	      0.391387	       0.55509	
30.000	       2.12378	      0.631868	
30.500	       2.12378	      0.631868	
31.000	       1.64286	      0.192575	
31.500	      0.963531	     0.0430016	
32.000	      0.665758	      0.146036	
32.500	      0.665758	      0.146036	
33.000	      0.205341	     0.0677744	
33.500	      0.901257	      0.114008	
34.000	      0.901257	      0.114008	
34.500	      0.130359	      0.207315	
35.000	      0.939283	      0.141697	
35.500	      0.939283	      0.141697	
36.000	       2.20456	     0.0621974	
36.500	       1.14201	      0.113211	
37.000	       1.44968	    0.00582192	
37.500	       1.44968	    0.00582192	
38.000	       1.23606	       0.36176	
38.500	       1.50129	     0.0857885	
39.000	       1.50129	     0.0857885	
39.500	       1.21109	      0.177098	
40.000	       2.10696	     0.0509539	
40.500	       1.01593	     0.0409267	
41.000	       1.01593	     0.0409267	
41.500	       1.50258	       0.10869	
42.000	      0.717033	      0.134101	
42.500	      0.717033	      0.134101	
43.000	      0.124128	    0.00326395	
43.500	       1.87452	      0.198159	
44.000	       2.01743	    0.00777098	
44.500	       2.01743	    0.00777098	
45.000	       1.53281	    0.00741813	
45.500	       1.17109	     0.0371613	
46.000	       1.17109	     0.0371613	
46.500	      0.183778	      0.127923	
47.000	      0.635334	       1.15121	
47.500	      0.771927	       11.5004	
48.000	      0.771927	       11.5004	
48.500	       1.27288	       4.96798	
49.000	       1.37402	       0.30256	
49.500	       1.37402	       0.30256	
50.000	      0.942591	     0.0108356	
50.500	       1.88409	     0.0227417	
51.000	       0.71041	     0.0678811	
51.500	       0.71041	     0.0678811	
52.000	      0.821479	     0.0313967	
52.500	       1.61887	      0.027065	
53.000	       1.61887	      0.027065	
53.500	      0.257087	     0.0279259	
54.000	        1.2794	     0.0289144	
54.500	       1.80603	      0.029741	
55.000	       1.80603	      0.029741	
55.500	      0.871681	     0.0304033	
56.000	       2.14102	      0.030933	
56.500	       2.14102	      0.030933	
57.000	      0.214208	     0.0313601	
57.500	     0.0914258	     0.0317083	
58.000	     0.0914258	     0.0317083	
58.500	      0.529635	     0.0319954	
59.000	      0.977495	     0.0322345	
59.500	       1.60983	     0.0324357	
60.000	       1.60983	     0.0324357	
60.500	      0.151889	     0.0326066	
61.000	        0.1259	     0.0327529	
61.500	        0.1259	     0.0327529	
62.000	        1.4508	     0.0328791	
62.500	      0.657014	     0.0329888	
63.000	       1.34796	     0.0330847	
63.500	       1.34796	     0.0330847	
64.000	       0.52348	      0.033169	
64.500	      0.135232	     0.0332436	
65.000	      0.135232	     0.0332436	
65.500	      0.814705	     0.0333099	
66.000	       0.31956	     0.0333691	
66.500	      0.713207	     0.0334222	
67.000	      0.713207	     0.0334222	
67.500	      0.303526	       0.03347	
68.000	     0.0769393	     0.0335132	
68.500	     0.0769393	     0.0335132	
69.000	       1.19788	     0.0335524	
69.500	      0.445635	      0.033588	
70.000	        0.1113	     0.0336205	
70.500	        0.1113	     0.0336205	
71.000	     0.0386156	     0.0336503	
71.500	     0.0933659	     0.0336775	
72.000	     0.0933659	     0.0336775	
72.500	      0.019542	     0.0337026	
73.000	      0.131403	     0.0337258	
73.500	     0.0975879	     0.0337471	
74.000	     0.0975879	     0.0337471	
74.500	      0.559034	     0.0337669	
75.000	      0.815544	     0.0337853	
75.500	      0.815544	     0.0337853	
76.000	      0.115478	     0.0338023	
76.500	     0.0919935	     0.0338182	
77.000	      0.148173	      0.033833	
77.500	      0.148173	      0.033833	
78.000	      0.212253	     0.0338468	
78.500	     0.0479851	     0.0338597	
79.000	     0.0479851	     0.0338597	
79.500	    0.00184363	     0.0338718	
80.000	      0.431254	     0.0338831	
80.500	      0.431254	     0.0338831	
81.000	      0.169722	     0.0338938	
81.500	       0.34442	     0.0339038	
82.000	      0.401341	     0.0339132	
82.500	      0.401341	     0.0339132	
83.000	      0.994004	      0.033922	
83.500	      0.397429	     0.0339303	
84.000	      0.397429	     0.0339303	
84.500	      0.943759	     0.0339382	
85.000	      0.573293	     0.0339456	
85.500	       1.10127	     0.0339527	
86.000	       1.10127	     0.0339527	
86.500	       1.23455	     0.0339593	
87.000	       2.36401	     0.0339656	
87.500	       2.36401	     0.0339656	
88.000	       2.69523	     0.0339715	
88.500	      0.533359	     0.0339771	
89.000	      0.771521	     0.0339824	
89.500	      0.771521	     0.0339824	
90.000	       1.89657	     0.0339875	
90.500	      0.370701	     0.0339922	
91.000	      0.370701	     0.0339922	
91.500	       1.20985	     0.0339968	
92.000	       1.96078	     0.0340011	
92.500	      0.485551	     0.0340051	
93.000	      0.485551	     0.0340051	
93.500	       2.93149	      0.034009	
94.000	       1.23319	     0.0340126	
94.500	       1.23319	     0.0340126	
95.000	       1.46618	     0.0340161	
95.500	       1.19259	     0.0340194	
96.000	       3.32117	     0.0340225	
96.500	       3.32117	     0.0340225	
97.000	       2.74062	     0.0340255	
97.500	       1.80568	     0.0340283	
98.000	       1.80568	     0.0340283	
98.500	       1.93938	     0.0340309	
99.000	       2.58981	     0.0340334	
99.500	      0.247173	     0.0340358	
100.000	      0.247173	     0.0340358	
100.500	       0.03512	      0.034038	
101.000	       1.24255	     0.0340402	
101.500	       1.24255	     0.0340402	
102.000	        5.9618	     0.0340421	
102.500	       6.29889	      0.034044	
103.000	       6.29889	      0.034044	
103.500	       8.14979	     0.0340458	
104.000	       16.6912	     0.0340474	
104.500	       9.15609	      0.034049	
105.000	       9.15609	      0.034049	
105.500	       9.51659	     0.0340504	
106.000	       6.91072	     0.0340518	
106.500	       6.91072	     0.0340518	
107.000	       8.62191	     0.0340531	
107.500	       8.46331	     0.0340542	
108.000	       3.36588	     0.0340553	
108.500	       3.36588	     0.0340553	
109.000	       4.45891	     0.0340563	
109.500	       3.74579	     0.0340572	
110.000	       3.74579	     0.0340572	
110.500	       2.42834	      0.034058	
111.000	       1.01279	     0.0340588	
111.500	        1.5739	     0.0340594	
112.000	        1.5739	     0.0340594	
112.500	      0.133199	       0.03406	
113.000	       6.79539	     0.0340605	
113.500	       6.79539	     0.0340605	
114.000	       64.0316	      0.034061	
114.500	       6.22763	     0.0340613	
115.000	       1.17634	     0.0340616	
115.500	       1.17634	     0.0340616	
116.000	      0.487993	     0.0340619	
116.500	      0.256762	      0.034062	
117.000	      0.256762	      0.034062	
117.500	      0.151309	     0.0340621	
118.000	     0.0944184	     0.0340622	
118.500	     0.0602386	     0.0340621	
119.000	     0.0602386	     0.0340621	
119.500	     0.0380981	      0.034062	
120.000	     0.0229345	     0.0340619	
120.500	     0.0229345	     0.0340619	
121.000	     0.0120932	     0.0340616	
121.500	    0.00407298	     0.0340613	
122.000	    0.00202778	      0.034061	
122.500	    0.00202778	      0.034061	
123.000	     0.0067769	     0.0340606	
123.500	     0.0105466	     0.0340601	
124.000	     0.0105466	     0.0340601	
124.500	     0.0135893	     0.0340595	
125.000	     0.0160807	     0.0340589	
125.500	     0.0160807	     0.0340589	
126.000	     0.0181467	     0.0340583	
126.500	      0.019879	     0.0340576	
127.000	     0.0213458	     0.0340568	
127.500	     0.0213458	     0.0340568	
128.000	      0.022599	     0.0340559	
128.500	      0.023678	      0.034055	
129.000	      0.023678	      0.034055	
129.500	     0.0246138	     0.0340541	
130.000	     0.0254306	      0.034053	
130.500	     0.0261479	     0.0340519	
131.000	     0.0261479	     0.0340519	
131.500	     0.0267812	     0.0340508	
132.000	     0.0273431	     0.0340496	
132.500	     0.0273431	     0.0340496	
133.000	      0.027844	     0.0340483	
133.500	     0.0282924	      0.034047	
134.000	     0.0286955	     0.0340456	
134.500	     0.0286955	     0.0340456	
135.000	      0.029059	     0.0340441	
135.500	     0.0293881	     0.0340426	
136.000	     0.0293881	     0.0340426	
136.500	      0.029687	      0.034041	
137.000	     0.0299592	     0.0340393	
137.500	     0.0302078	     0.0340376	
138.000	     0.0302078	     0.0340376	
138.500	     0.0304356	     0.0340358	
139.000	     0.0306447	     0.0340339	
139.500	     0.0306447	     0.0340339	
140.000	     0.0308371	      0.034032	
140.500	     0.0310146	       0.03403	
141.000	     0.0311787	     0.0340279	
141.500	     0.0311787	     0.0340279	
142.000	     0.0313307	     0.0340257	
142.500	     0.0314717	     0.0340235	
143.000	     0.0314717	     0.0340235	
143.500	     0.0316028	     0.0340212	
144.000	     0.0317249	     0.0340188	
144.500	     0.0318389	     0.0340164	
145.000	     0.0318389	     0.0340164	
145.500	     0.0319453	     0.0340138	
146.000	     0.0320449	     0.0340112	
146.500	     0.0320449	     0.0340112	
147.000	     0.0321382	     0.0340085	
147.500	     0.0322257	     0.0340057	
148.000	     0.0322257	     0.0340057	
148.500	      0.032308	     0.0340028	
149.000	     0.0323854	     0.0339999	
149.500	     0.0324583	     0.0339968	
150.000	     0.0324583	     0.0339968	
150.500	     0.0325271	     0.0339937	
151.000	      0.032592	     0.0339905	
151.500	      0.032592	     0.0339905	
152.000	     0.0326533	     0.0339871	
152.500	     0.0327113	     0.0339837	
153.000	     0.0327663	     0.0339802	
153.500	     0.0327663	     0.0339802	
154.000	     0.0328184	     0.0339765	
154.500	     0.0328678	     0.0339728	
155.000	     0.0328678	     0.0339728	
155.500	     0.0329147	     0.0339689	
156.000	     0.0329593	     0.0339649	
156.500	     0.0330018	     0.0339609	
157.000	     0.0330018	     0.0339609	
157.500	     0.0330422	     0.0339567	
158.000	     0.0330806	     0.0339523	
158.500	     0.0330806	     0.0339523	
159.000	     0.0331173	     0.0339479	
159.500	     0.0331524	     0.0339433	
160.000	     0.0331858	     0.0339386	
160.500	     0.0331858	     0.0339386	
161.000	     0.0332177	     0.0339337	
161.500	     0.0332483	     0.0339288	
162.000	     0.0332483	     0.0339288	
162.500	     0.0332775	     0.0339236	
163.000	     0.0333054	     0.0339183	
163.500	     0.0333322	     0.0339129	
164.000	     0.0333322	     0.0339129	
164.500	     0.0333579	     0.0339073	
165.000	     0.0333825	     0.0339015	
165.500	     0.0333825	     0.0339015	
166.000	     0.0334061	     0.0338956	
166.500	     0.0334288	     0.0338895	
167.000	     0.0334506	     0.0338832	
167.500	     0.0334506	     0.0338832	
168.000	     0.0334715	     0.0338767	
168.500	     0.0334916	     0.0338701	
169.000	     0.0334916	     0.0338701	
169.500	      0.033511	     0.0338632	
170.000	     0.0335296	     0.0338561	
170.500	     0.0335296	     0.0338561	
171.000	     0.0335476	     0.0338488	
171.500	     0.0335648	     0.0338413	
172.000	     0.0335815	     0.0338336	
172.500	     0.0335815	     0.0338336	
173.000	     0.0335975	     0.0338256	
173.500	      0.033613	     0.0338173	
174.000	      0.033613	     0.0338173	
174.500	     0.0336279	     0.0338088	
175.000	     0.0336423	     0.0338001	
175.500	     0.0336562	      0.033791	
176.000	     0.0336562	      0.033791	
176.500	     0.0336696	     0.0337817	
177.000	     0.0336826	     0.0337721	
177.500	     0.0336826	     0.0337721	
178.000	     0.0336951	     0.0337621	
178.500	     0.0337072	     0.0337519	
179.000	      0.033719	     0.0337412	
179.500	      0.033719	     0.0337412	
180.000	     0.0337303	     0.0337303	
