
TracePro Release: 3 2 0 
Polar Candela Distribution Data for 
Data covers +/- 180.000 degrees from Normal
Data for Missed Rays
Data generated at 09:46:19 June 25, 2025

	   0.0	 180.0
0.000	      0.317791	      0.317791	
0.500	      0.317488	      0.318075	
1.000	      0.317488	      0.318075	
1.500	      0.317163	      0.318341	
2.000	      0.316814	      0.318591	
2.500	      0.316436	      0.318827	
3.000	      0.316436	      0.318827	
3.500	      0.316028	       0.31905	
4.000	      0.315583	      0.319261	
4.500	      0.315583	      0.319261	
5.000	      0.315096	      0.319461	
5.500	      0.314562	      0.319651	
6.000	      0.313971	      0.319832	
6.500	      0.313971	      0.319832	
7.000	      0.313314	      0.320004	
7.500	      0.312579	      0.320168	
8.000	      0.312579	      0.320168	
8.500	      0.311748	      0.320325	
9.000	      0.310803	      0.320476	
9.500	      0.309716	      0.320619	
10.000	      0.309716	      0.320619	
10.500	      0.308454	      0.320757	
11.000	      0.306968	       0.32089	
11.500	      0.306968	       0.32089	
12.000	      0.305196	      0.321017	
12.500	      0.303049	      0.321139	
13.000	      0.303049	      0.321139	
13.500	      0.300398	      0.321256	
14.000	      0.297055	       0.32137	
14.500	      0.292734	      0.321479	
15.000	      0.292734	      0.321479	
15.500	      0.286979	      0.321584	
16.000	      0.279032	      0.321685	
16.500	      0.279032	      0.321685	
17.000	      0.267554	      0.321783	
17.500	      0.249991	      0.321878	
18.000	      0.220959	      0.321969	
18.500	      0.220959	      0.321969	
19.000	      0.167419	      0.322058	
19.500	      0.050436	      0.322143	
20.000	      0.050436	      0.322143	
20.500	      0.297024	      0.322226	
21.000	       2.84279	      0.322307	
21.500	       32.5237	      0.322384	
22.000	       32.5237	      0.322384	
22.500	       2.84372	       0.32246	
23.000	      0.298889	      0.322533	
23.500	      0.298889	      0.322533	
24.000	      0.047631	      0.322604	
24.500	      0.163665	      0.322673	
25.000	      0.216244	       0.32274	
25.500	      0.216244	       0.32274	
26.000	        0.2443	      0.322805	
26.500	      0.260869	      0.322868	
27.000	      0.260869	      0.322868	
27.500	      0.271331	      0.322929	
28.000	      0.278236	      0.322989	
28.500	       0.28292	      0.323047	
29.000	       0.28292	      0.323047	
29.500	      0.286136	      0.323104	
30.000	      0.288336	      0.323159	
30.500	      0.288336	      0.323159	
31.000	      0.289801	      0.323212	
31.500	      0.290715	      0.323264	
32.000	      0.291199	      0.323315	
32.500	      0.291199	      0.323315	
33.000	      0.291337	      0.323364	
33.500	      0.291185	      0.323412	
34.000	      0.291185	      0.323412	
34.500	      0.290782	      0.323459	
35.000	      0.290155	      0.323505	
35.500	      0.290155	      0.323505	
36.000	      0.289319	      0.323549	
36.500	      0.288285	      0.323593	
37.000	      0.287057	      0.323635	
37.500	      0.287057	      0.323635	
38.000	      0.285632	      0.323677	
38.500	      0.284005	      0.323717	
39.000	      0.284005	      0.323717	
39.500	      0.282166	      0.323756	
40.000	        0.2801	      0.323795	
40.500	      0.277789	      0.323832	
41.000	      0.277789	      0.323832	
41.500	      0.275207	      0.323869	
42.000	      0.272324	      0.323904	
42.500	      0.272324	      0.323904	
43.000	      0.269104	      0.323939	
43.500	      0.265499	      0.323973	
44.000	      0.261454	      0.324007	
44.500	      0.261454	      0.324007	
45.000	      0.256896	      0.324039	
45.500	      0.251739	      0.324071	
46.000	      0.251739	      0.324071	
46.500	      0.245867	      0.324102	
47.000	      0.239134	      0.324132	
47.500	      0.231348	      0.324162	
48.000	      0.231348	      0.324162	
48.500	      0.222247	      0.324191	
49.000	      0.211468	      0.324219	
49.500	      0.211468	      0.324219	
50.000	      0.198486	      0.324247	
50.500	      0.182515	      0.324274	
51.000	      0.162306	        0.3243	
51.500	      0.162306	        0.3243	
52.000	       0.13575	      0.324326	
52.500	     0.0989695	      0.324351	
53.000	     0.0989695	      0.324351	
53.500	     0.0440319	      0.324376	
54.000	     0.0478668	        0.3244	
54.500	      0.232092	      0.324424	
55.000	      0.232092	      0.324424	
55.500	      0.744357	      0.324447	
56.000	       4.35323	       0.32447	
56.500	       4.35323	       0.32447	
57.000	       45.3498	      0.324492	
57.500	       4.43322	      0.324513	
58.000	       4.43322	      0.324513	
58.500	      0.909397	      0.324534	
59.000	      0.493125	      0.324555	
59.500	      0.423634	      0.324575	
60.000	      0.423634	      0.324575	
60.500	      0.476675	      0.324595	
61.000	      0.615247	      0.324614	
61.500	      0.615247	      0.324614	
62.000	      0.852409	      0.324633	
62.500	       1.24047	      0.324652	
63.000	       1.90203	       0.32467	
63.500	       1.90203	       0.32467	
64.000	       3.14097	      0.324688	
64.500	        5.8692	      0.324705	
65.000	        5.8692	      0.324705	
65.500	       14.0029	      0.324722	
66.000	       73.6857	      0.324738	
66.500	       755.645	      0.324755	
67.000	       755.645	      0.324755	
67.500	       73.6809	       0.32477	
68.000	       13.9929	      0.324786	
68.500	       13.9929	      0.324786	
69.000	       5.85342	      0.324801	
69.500	       3.11827	      0.324816	
70.000	        1.8706	       0.32483	
70.500	        1.8706	       0.32483	
71.000	       1.19739	      0.324844	
71.500	       0.79286	      0.324858	
72.000	       0.79286	      0.324858	
72.500	      0.530788	      0.324872	
73.000	      0.351282	      0.324885	
73.500	      0.222933	      0.324898	
74.000	      0.222933	      0.324898	
74.500	      0.127973	       0.32491	
75.000	     0.0557357	      0.324922	
75.500	     0.0557357	      0.324922	
76.000	   0.000501744	      0.324934	
76.500	      0.045145	      0.324946	
77.000	     0.0811804	      0.324958	
77.500	     0.0811804	      0.324958	
78.000	       0.11069	      0.324969	
78.500	      0.135163	       0.32498	
79.000	      0.135163	       0.32498	
79.500	      0.155685	       0.32499	
80.000	      0.173065	      0.325001	
80.500	      0.173065	      0.325001	
81.000	      0.187914	      0.325011	
81.500	      0.200701	       0.32502	
82.000	      0.211793	       0.32503	
82.500	      0.211793	       0.32503	
83.000	      0.221477	      0.325039	
83.500	      0.229981	      0.325048	
84.000	      0.229981	      0.325048	
84.500	      0.237491	      0.325057	
85.000	      0.244155	      0.325066	
85.500	      0.250097	      0.325074	
86.000	      0.250097	      0.325074	
86.500	      0.255417	      0.325082	
87.000	        0.2602	       0.32509	
87.500	        0.2602	       0.32509	
88.000	      0.264515	      0.325098	
88.500	      0.268422	      0.325105	
89.000	      0.271971	      0.325113	
89.500	      0.271971	      0.325113	
90.000	      0.275204	       0.32512	
90.500	      0.278157	      0.325126	
91.000	      0.278157	      0.325126	
91.500	      0.280863	      0.325133	
92.000	      0.283348	      0.325139	
92.500	      0.285635	      0.325145	
93.000	      0.285635	      0.325145	
93.500	      0.287746	      0.325151	
94.000	      0.289697	      0.325157	
94.500	      0.289697	      0.325157	
95.000	      0.291505	      0.325163	
95.500	      0.293183	      0.325168	
96.000	      0.294743	      0.325173	
96.500	      0.294743	      0.325173	
97.000	      0.296197	      0.325178	
97.500	      0.297553	      0.325183	
98.000	      0.297553	      0.325183	
98.500	      0.298821	      0.325187	
99.000	      0.300007	      0.325192	
99.500	      0.301119	      0.325196	
100.000	      0.301119	      0.325196	
100.500	      0.302162	        0.3252	
101.000	      0.303143	      0.325204	
101.500	      0.303143	      0.325204	
102.000	      0.304066	      0.325207	
102.500	      0.304935	      0.325211	
103.000	      0.304935	      0.325211	
103.500	      0.305755	      0.325214	
104.000	       0.30653	      0.325217	
104.500	      0.307262	       0.32522	
105.000	      0.307262	       0.32522	
105.500	      0.307955	      0.325223	
106.000	      0.308611	      0.325225	
106.500	      0.308611	      0.325225	
107.000	      0.309233	      0.325228	
107.500	      0.309824	       0.32523	
108.000	      0.310385	      0.325232	
108.500	      0.310385	      0.325232	
109.000	      0.310918	      0.325233	
109.500	      0.311426	      0.325235	
110.000	      0.311426	      0.325235	
110.500	      0.311909	      0.325237	
111.000	      0.312369	      0.325238	
111.500	      0.312809	      0.325239	
112.000	      0.312809	      0.325239	
112.500	      0.313228	       0.32524	
113.000	      0.313628	      0.325241	
113.500	      0.313628	      0.325241	
114.000	      0.314011	      0.325241	
114.500	      0.314377	      0.325241	
115.000	      0.314728	      0.325242	
115.500	      0.314728	      0.325242	
116.000	      0.315063	      0.325242	
116.500	      0.315385	      0.325242	
117.000	      0.315385	      0.325242	
117.500	      0.315693	      0.325241	
118.000	      0.315989	      0.325241	
118.500	      0.316272	       0.32524	
119.000	      0.316272	       0.32524	
119.500	      0.316545	      0.325239	
120.000	      0.316807	      0.325238	
120.500	      0.316807	      0.325238	
121.000	      0.317059	      0.325237	
121.500	      0.317301	      0.325236	
122.000	      0.317534	      0.325234	
122.500	      0.317534	      0.325234	
123.000	      0.317759	      0.325232	
123.500	      0.317975	      0.325231	
124.000	      0.317975	      0.325231	
124.500	      0.318183	      0.325229	
125.000	      0.318384	      0.325226	
125.500	      0.318384	      0.325226	
126.000	      0.318578	      0.325224	
126.500	      0.318765	      0.325221	
127.000	      0.318946	      0.325218	
127.500	      0.318946	      0.325218	
128.000	       0.31912	      0.325215	
128.500	      0.319288	      0.325212	
129.000	      0.319288	      0.325212	
129.500	      0.319451	      0.325209	
130.000	      0.319608	      0.325206	
130.500	      0.319761	      0.325202	
131.000	      0.319761	      0.325202	
131.500	      0.319908	      0.325198	
132.000	       0.32005	      0.325194	
132.500	       0.32005	      0.325194	
133.000	      0.320188	       0.32519	
133.500	      0.320322	      0.325185	
134.000	      0.320451	       0.32518	
134.500	      0.320451	       0.32518	
135.000	      0.320577	      0.325176	
135.500	      0.320698	      0.325171	
136.000	      0.320698	      0.325171	
136.500	      0.320816	      0.325165	
137.000	       0.32093	       0.32516	
137.500	      0.321041	      0.325154	
138.000	      0.321041	      0.325154	
138.500	      0.321149	      0.325148	
139.000	      0.321253	      0.325142	
139.500	      0.321253	      0.325142	
140.000	      0.321355	      0.325136	
140.500	      0.321453	       0.32513	
141.000	      0.321549	      0.325123	
141.500	      0.321549	      0.325123	
142.000	      0.321642	      0.325116	
142.500	      0.321733	      0.325109	
143.000	      0.321733	      0.325109	
143.500	      0.321821	      0.325102	
144.000	      0.321906	      0.325094	
144.500	      0.321989	      0.325087	
145.000	      0.321989	      0.325087	
145.500	       0.32207	      0.325079	
146.000	      0.322149	       0.32507	
146.500	      0.322149	       0.32507	
147.000	      0.322225	      0.325062	
147.500	        0.3223	      0.325053	
148.000	        0.3223	      0.325053	
148.500	      0.322373	      0.325045	
149.000	      0.322443	      0.325035	
149.500	      0.322512	      0.325026	
150.000	      0.322512	      0.325026	
150.500	      0.322579	      0.325016	
151.000	      0.322645	      0.325007	
151.500	      0.322645	      0.325007	
152.000	      0.322708	      0.324997	
152.500	      0.322771	      0.324986	
153.000	      0.322831	      0.324976	
153.500	      0.322831	      0.324976	
154.000	       0.32289	      0.324965	
154.500	      0.322948	      0.324954	
155.000	      0.322948	      0.324954	
155.500	      0.323004	      0.324942	
156.000	      0.323059	       0.32493	
156.500	      0.323112	      0.324918	
157.000	      0.323112	      0.324918	
157.500	      0.323164	      0.324906	
158.000	      0.323215	      0.324894	
158.500	      0.323215	      0.324894	
159.000	      0.323265	      0.324881	
159.500	      0.323313	      0.324868	
160.000	      0.323361	      0.324854	
160.500	      0.323361	      0.324854	
161.000	      0.323407	       0.32484	
161.500	      0.323452	      0.324826	
162.000	      0.323452	      0.324826	
162.500	      0.323496	      0.324812	
163.000	       0.32354	      0.324797	
163.500	      0.323582	      0.324782	
164.000	      0.323582	      0.324782	
164.500	      0.323623	      0.324767	
165.000	      0.323663	      0.324751	
165.500	      0.323663	      0.324751	
166.000	      0.323702	      0.324735	
166.500	      0.323741	      0.324719	
167.000	      0.323778	      0.324702	
167.500	      0.323778	      0.324702	
168.000	      0.323815	      0.324685	
168.500	      0.323851	      0.324667	
169.000	      0.323851	      0.324667	
169.500	      0.323886	      0.324649	
170.000	       0.32392	      0.324631	
170.500	       0.32392	      0.324631	
171.000	      0.323954	      0.324612	
171.500	      0.323987	      0.324593	
172.000	      0.324019	      0.324574	
172.500	      0.324019	      0.324574	
173.000	       0.32405	      0.324554	
173.500	      0.324081	      0.324534	
174.000	      0.324081	      0.324534	
174.500	      0.324111	      0.324513	
175.000	       0.32414	      0.324491	
175.500	      0.324169	       0.32447	
176.000	      0.324169	       0.32447	
176.500	      0.324197	      0.324448	
177.000	      0.324225	      0.324425	
177.500	      0.324225	      0.324425	
178.000	      0.324252	      0.324402	
178.500	      0.324278	      0.324378	
179.000	      0.324304	      0.324354	
179.500	      0.324304	      0.324354	
180.000	      0.324329	      0.324329	
