
TracePro Release: 3 2 0 
Polar Candela Distribution Data for 
Data covers +/- 180.000 degrees from Normal
Data for Missed Rays
Data generated at 09:33:42 June 30, 2025

	   0.0	 180.0
0.000	      0.320261	      0.320261	
0.500	      0.320227	      0.320294	
1.000	      0.320227	      0.320294	
1.500	      0.320192	      0.320327	
2.000	      0.320157	      0.320358	
2.500	      0.320121	      0.320389	
3.000	      0.320121	      0.320389	
3.500	      0.320083	       0.32042	
4.000	      0.320045	       0.32045	
4.500	      0.320045	       0.32045	
5.000	      0.320007	      0.320479	
5.500	      0.319967	      0.320507	
6.000	      0.319926	      0.320535	
6.500	      0.319926	      0.320535	
7.000	      0.319885	      0.320562	
7.500	      0.319842	      0.320589	
8.000	      0.319842	      0.320589	
8.500	      0.319799	      0.320615	
9.000	      0.319754	      0.320641	
9.500	      0.319708	      0.320666	
10.000	      0.319708	      0.320666	
10.500	      0.319662	       0.32069	
11.000	      0.319614	      0.320714	
11.500	      0.319614	      0.320714	
12.000	      0.319565	      0.320738	
12.500	      0.319515	      0.320761	
13.000	      0.319515	      0.320761	
13.500	      0.319463	      0.320783	
14.000	       0.31941	      0.320805	
14.500	      0.319356	      0.320827	
15.000	      0.319356	      0.320827	
15.500	      0.319301	      0.320848	
16.000	      0.319244	      0.320869	
16.500	      0.319244	      0.320869	
17.000	      0.319186	      0.320889	
17.500	      0.319127	      0.320909	
18.000	      0.319065	      0.320928	
18.500	      0.319065	      0.320928	
19.000	      0.319003	      0.320947	
19.500	      0.318938	      0.320966	
20.000	      0.318938	      0.320966	
20.500	      0.318872	      0.320984	
21.000	      0.318805	      0.321002	
21.500	      0.318735	      0.321019	
22.000	      0.318735	      0.321019	
22.500	      0.318664	      0.321036	
23.000	      0.318591	      0.321053	
23.500	      0.318591	      0.321053	
24.000	      0.318515	      0.321069	
24.500	      0.318438	      0.321085	
25.000	      0.318359	      0.321101	
25.500	      0.318359	      0.321101	
26.000	      0.318277	      0.321116	
26.500	      0.318193	      0.321131	
27.000	      0.318193	      0.321131	
27.500	      0.318107	      0.321146	
28.000	      0.318018	       0.32116	
28.500	      0.317927	      0.321174	
29.000	      0.317927	      0.321174	
29.500	      0.317833	      0.321188	
30.000	      0.317737	      0.321201	
30.500	      0.317737	      0.321201	
31.000	      0.317637	      0.321214	
31.500	      0.317535	      0.321227	
32.000	      0.317429	       0.32124	
32.500	      0.317429	       0.32124	
33.000	      0.317321	      0.321252	
33.500	      0.317209	      0.321264	
34.000	      0.317209	      0.321264	
34.500	      0.317094	      0.321275	
35.000	      0.316975	      0.321287	
35.500	      0.316975	      0.321287	
36.000	      0.316852	      0.321298	
36.500	      0.316726	      0.321309	
37.000	      0.316596	       0.32132	
37.500	      0.316596	       0.32132	
38.000	      0.316461	       0.32133	
38.500	      0.316322	       0.32134	
39.000	      0.316322	       0.32134	
39.500	      0.316178	       0.32135	
40.000	       0.31603	       0.32136	
40.500	      0.315877	      0.321369	
41.000	      0.315877	      0.321369	
41.500	      0.315718	      0.321378	
42.000	      0.315554	      0.321387	
42.500	      0.315554	      0.321387	
43.000	      0.315385	      0.321396	
43.500	      0.315209	      0.321404	
44.000	      0.315028	      0.321413	
44.500	      0.315028	      0.321413	
45.000	      0.314839	      0.321421	
45.500	      0.314644	      0.321428	
46.000	      0.314644	      0.321428	
46.500	      0.314442	      0.321436	
47.000	      0.314232	      0.321443	
47.500	      0.314015	      0.321451	
48.000	      0.314015	      0.321451	
48.500	      0.313789	      0.321458	
49.000	      0.313555	      0.321464	
49.500	      0.313555	      0.321464	
50.000	      0.313311	      0.321471	
50.500	      0.313058	      0.321477	
51.000	      0.312794	      0.321483	
51.500	      0.312794	      0.321483	
52.000	       0.31252	      0.321489	
52.500	      0.312235	      0.321495	
53.000	      0.312235	      0.321495	
53.500	      0.311938	      0.321501	
54.000	      0.311629	      0.321506	
54.500	      0.311306	      0.321511	
55.000	      0.311306	      0.321511	
55.500	      0.310969	      0.321516	
56.000	      0.310617	      0.321521	
56.500	      0.310617	      0.321521	
57.000	       0.31025	      0.321526	
57.500	      0.309866	       0.32153	
58.000	      0.309866	       0.32153	
58.500	      0.309465	      0.321534	
59.000	      0.309044	      0.321538	
59.500	      0.308604	      0.321542	
60.000	      0.308604	      0.321542	
60.500	      0.308143	      0.321546	
61.000	      0.307659	      0.321549	
61.500	      0.307659	      0.321549	
62.000	      0.307151	      0.321553	
62.500	      0.306618	      0.321556	
63.000	      0.306057	      0.321559	
63.500	      0.306057	      0.321559	
64.000	      0.305466	      0.321562	
64.500	      0.304845	      0.321564	
65.000	      0.304845	      0.321564	
65.500	      0.304189	      0.321567	
66.000	      0.303498	      0.321569	
66.500	      0.302767	      0.321571	
67.000	      0.302767	      0.321571	
67.500	      0.301995	      0.321573	
68.000	      0.301178	      0.321575	
68.500	      0.301178	      0.321575	
69.000	      0.300313	      0.321576	
69.500	      0.299394	      0.321578	
70.000	      0.298419	      0.321579	
70.500	      0.298419	      0.321579	
71.000	      0.297383	       0.32158	
71.500	      0.296279	      0.321581	
72.000	      0.296279	      0.321581	
72.500	      0.295103	      0.321582	
73.000	      0.293847	      0.321582	
73.500	      0.292504	      0.321583	
74.000	      0.292504	      0.321583	
74.500	      0.291067	      0.321583	
75.000	      0.289526	      0.321583	
75.500	      0.289526	      0.321583	
76.000	      0.287871	      0.321583	
76.500	       0.28609	      0.321583	
77.000	       0.28417	      0.321582	
77.500	       0.28417	      0.321582	
78.000	      0.282096	      0.321582	
78.500	      0.279852	      0.321581	
79.000	      0.279852	      0.321581	
79.500	      0.277418	       0.32158	
80.000	      0.274773	      0.321579	
80.500	      0.274773	      0.321579	
81.000	       0.27189	      0.321578	
81.500	      0.268742	      0.321576	
82.000	      0.265294	      0.321575	
82.500	      0.265294	      0.321575	
83.000	      0.261506	      0.321573	
83.500	      0.257333	      0.321571	
84.000	      0.257333	      0.321571	
84.500	      0.252721	      0.321569	
85.000	      0.247606	      0.321567	
85.500	      0.241912	      0.321564	
86.000	      0.241912	      0.321564	
86.500	      0.235548	      0.321562	
87.000	      0.228405	      0.321559	
87.500	      0.228405	      0.321559	
88.000	       0.22035	      0.321556	
88.500	       0.21122	      0.321553	
89.000	      0.200818	      0.321549	
89.500	      0.200818	      0.321549	
90.000	      0.188892	      0.321546	
90.500	      0.175133	      0.321542	
91.000	      0.175133	      0.321542	
91.500	      0.159143	      0.321538	
92.000	      0.140412	      0.321534	
92.500	      0.118275	       0.32153	
93.000	      0.118275	       0.32153	
93.500	     0.0918559	      0.321526	
94.000	     0.0599717	      0.321521	
94.500	     0.0599717	      0.321521	
95.000	     0.0210043	      0.321516	
95.500	     0.0273121	      0.321511	
96.000	     0.0882274	      0.321506	
96.500	     0.0882274	      0.321506	
97.000	      0.166539	      0.321501	
97.500	      0.269565	      0.321495	
98.000	      0.269565	      0.321495	
98.500	      0.408926	      0.321489	
99.000	      0.603982	      0.321483	
99.500	      0.888955	      0.321477	
100.000	      0.888955	      0.321477	
100.500	       1.32912	      0.321471	
101.000	       2.06206	      0.321464	
101.500	       2.06206	      0.321464	
102.000	       3.42109	      0.321458	
102.500	       6.40152	      0.321451	
103.000	       6.40152	      0.321451	
103.500	       15.2733	      0.321443	
104.000	       80.3413	      0.321436	
104.500	       823.765	      0.321428	
105.000	       823.765	      0.321428	
105.500	       80.3413	      0.321421	
106.000	       15.2733	      0.321413	
106.500	       15.2733	      0.321413	
107.000	       6.40152	      0.321404	
107.500	       3.42109	      0.321396	
108.000	       2.06206	      0.321387	
108.500	       2.06206	      0.321387	
109.000	       1.32912	      0.321378	
109.500	      0.888955	      0.321369	
110.000	      0.888955	      0.321369	
110.500	      0.603982	       0.32136	
111.000	      0.408926	       0.32135	
111.500	      0.269565	       0.32134	
112.000	      0.269565	       0.32134	
112.500	      0.166539	       0.32133	
113.000	     0.0882274	       0.32132	
113.500	     0.0882274	       0.32132	
114.000	     0.0273121	      0.321309	
114.500	     0.0210043	      0.321298	
115.000	     0.0599717	      0.321287	
115.500	     0.0599717	      0.321287	
116.000	     0.0918559	      0.321275	
116.500	      0.118275	      0.321264	
117.000	      0.118275	      0.321264	
117.500	      0.140412	      0.321252	
118.000	      0.159143	       0.32124	
118.500	      0.175133	      0.321227	
119.000	      0.175133	      0.321227	
119.500	      0.188892	      0.321214	
120.000	      0.200818	      0.321201	
120.500	      0.200818	      0.321201	
121.000	       0.21122	      0.321188	
121.500	       0.22035	      0.321174	
122.000	      0.228405	       0.32116	
122.500	      0.228405	       0.32116	
123.000	      0.235548	      0.321146	
123.500	      0.241912	      0.321131	
124.000	      0.241912	      0.321131	
124.500	      0.247606	      0.321116	
125.000	      0.252721	      0.321101	
125.500	      0.252721	      0.321101	
126.000	      0.257333	      0.321085	
126.500	      0.261506	      0.321069	
127.000	      0.265294	      0.321053	
127.500	      0.265294	      0.321053	
128.000	      0.268742	      0.321036	
128.500	       0.27189	      0.321019	
129.000	       0.27189	      0.321019	
129.500	      0.274773	      0.321002	
130.000	      0.277418	      0.320984	
130.500	      0.279852	      0.320966	
131.000	      0.279852	      0.320966	
131.500	      0.282096	      0.320947	
132.000	       0.28417	      0.320928	
132.500	       0.28417	      0.320928	
133.000	       0.28609	      0.320909	
133.500	      0.287871	      0.320889	
134.000	      0.289526	      0.320869	
134.500	      0.289526	      0.320869	
135.000	      0.291067	      0.320848	
135.500	      0.292504	      0.320827	
136.000	      0.292504	      0.320827	
136.500	      0.293847	      0.320805	
137.000	      0.295103	      0.320783	
137.500	      0.296279	      0.320761	
138.000	      0.296279	      0.320761	
138.500	      0.297383	      0.320738	
139.000	      0.298419	      0.320714	
139.500	      0.298419	      0.320714	
140.000	      0.299394	       0.32069	
140.500	      0.300313	      0.320666	
141.000	      0.301178	      0.320641	
141.500	      0.301178	      0.320641	
142.000	      0.301995	      0.320615	
142.500	      0.302767	      0.320589	
143.000	      0.302767	      0.320589	
143.500	      0.303498	      0.320562	
144.000	      0.304189	      0.320535	
144.500	      0.304845	      0.320507	
145.000	      0.304845	      0.320507	
145.500	      0.305466	      0.320479	
146.000	      0.306057	       0.32045	
146.500	      0.306057	       0.32045	
147.000	      0.306618	       0.32042	
147.500	      0.307151	      0.320389	
148.000	      0.307151	      0.320389	
148.500	      0.307659	      0.320358	
149.000	      0.308143	      0.320327	
149.500	      0.308604	      0.320294	
150.000	      0.308604	      0.320294	
150.500	      0.309044	      0.320261	
151.000	      0.309465	      0.320227	
151.500	      0.309465	      0.320227	
152.000	      0.309866	      0.320192	
152.500	       0.31025	      0.320157	
153.000	      0.310617	      0.320121	
153.500	      0.310617	      0.320121	
154.000	      0.310969	      0.320083	
154.500	      0.311306	      0.320045	
155.000	      0.311306	      0.320045	
155.500	      0.311629	      0.320007	
156.000	      0.311938	      0.319967	
156.500	      0.312235	      0.319926	
157.000	      0.312235	      0.319926	
157.500	       0.31252	      0.319885	
158.000	      0.312794	      0.319842	
158.500	      0.312794	      0.319842	
159.000	      0.313058	      0.319799	
159.500	      0.313311	      0.319754	
160.000	      0.313555	      0.319708	
160.500	      0.313555	      0.319708	
161.000	      0.313789	      0.319662	
161.500	      0.314015	      0.319614	
162.000	      0.314015	      0.319614	
162.500	      0.314232	      0.319565	
163.000	      0.314442	      0.319515	
163.500	      0.314644	      0.319463	
164.000	      0.314644	      0.319463	
164.500	      0.314839	       0.31941	
165.000	      0.315028	      0.319356	
165.500	      0.315028	      0.319356	
166.000	      0.315209	      0.319301	
166.500	      0.315385	      0.319244	
167.000	      0.315554	      0.319186	
167.500	      0.315554	      0.319186	
168.000	      0.315718	      0.319127	
168.500	      0.315877	      0.319065	
169.000	      0.315877	      0.319065	
169.500	       0.31603	      0.319003	
170.000	      0.316178	      0.318938	
170.500	      0.316178	      0.318938	
171.000	      0.316322	      0.318872	
171.500	      0.316461	      0.318805	
172.000	      0.316596	      0.318735	
172.500	      0.316596	      0.318735	
173.000	      0.316726	      0.318664	
173.500	      0.316852	      0.318591	
174.000	      0.316852	      0.318591	
174.500	      0.316975	      0.318515	
175.000	      0.317094	      0.318438	
175.500	      0.317209	      0.318359	
176.000	      0.317209	      0.318359	
176.500	      0.317321	      0.318277	
177.000	      0.317429	      0.318193	
177.500	      0.317429	      0.318193	
178.000	      0.317535	      0.318107	
178.500	      0.317637	      0.318018	
179.000	      0.317737	      0.317927	
179.500	      0.317737	      0.317927	
180.000	      0.317833	      0.317833	
