
TracePro Release: 3 2 0 
Polar Candela Distribution Data for 
Data covers +/- 180.000 degrees from Normal
Data for Missed Rays
Data generated at 09:47:31 June 25, 2025

	   0.0	 180.0
0.000	      0.417674	      0.417674	
0.500	      0.113986	      0.122325	
1.000	      0.113986	      0.122325	
1.500	      0.256478	      0.208175	
2.000	      0.755647	      0.674404	
2.500	      0.626129	      0.217229	
3.000	      0.626129	      0.217229	
3.500	     0.0547402	      0.166483	
4.000	      0.695042	      0.264037	
4.500	      0.695042	      0.264037	
5.000	      0.210076	       1.40407	
5.500	      0.436475	       1.29844	
6.000	     0.0932302	      0.989481	
6.500	     0.0932302	      0.989481	
7.000	      0.352416	       1.38452	
7.500	      0.381894	      0.034205	
8.000	      0.381894	      0.034205	
8.500	      0.576792	      0.117056	
9.000	      0.394616	      0.126319	
9.500	      0.177942	       0.12891	
10.000	      0.177942	       0.12891	
10.500	      0.117708	      0.129872	
11.000	      0.902914	      0.130276	
11.500	      0.902914	      0.130276	
12.000	      0.022862	      0.130469	
12.500	       1.38214	      0.130654	
13.000	       1.38214	      0.130654	
13.500	       1.27723	      0.131278	
14.000	      0.619263	      0.137439	
14.500	      0.375706	     0.0433367	
15.000	      0.375706	     0.0433367	
15.500	      0.303726	      0.133638	
16.000	      0.987917	      0.108933	
16.500	      0.987917	      0.108933	
17.000	      0.396527	      0.368557	
17.500	       1.45868	      0.198154	
18.000	      0.879347	       1.10732	
18.500	      0.879347	       1.10732	
19.000	       1.06758	      0.666593	
19.500	       1.84322	      0.537831	
20.000	       1.84322	      0.537831	
20.500	      0.969967	        0.4141	
21.000	      0.670038	       1.01776	
21.500	         1.749	      0.377868	
22.000	         1.749	      0.377868	
22.500	       1.03402	      0.219277	
23.000	      0.121787	      0.626282	
23.500	      0.121787	      0.626282	
24.000	      0.330694	      0.926055	
24.500	       1.15686	        1.0231	
25.000	      0.447195	       0.65416	
25.500	      0.447195	       0.65416	
26.000	     0.0584286	      0.171884	
26.500	        2.1403	       0.54347	
27.000	        2.1403	       0.54347	
27.500	      0.069612	     0.0652242	
28.000	      0.859932	     0.0833349	
28.500	        2.6523	     0.0498464	
29.000	        2.6523	     0.0498464	
29.500	       1.77981	      0.568166	
30.000	       1.18262	       1.77482	
30.500	       1.18262	       1.77482	
31.000	      0.485963	      0.164281	
31.500	        1.5015	        3.9655	
32.000	       1.52185	       38.4201	
32.500	       1.52185	       38.4201	
33.000	       1.57379	       19.2207	
33.500	       1.15694	        2.5906	
34.000	       1.15694	        2.5906	
34.500	      0.808849	       1.64525	
35.000	      0.854116	        2.3025	
35.500	      0.854116	        2.3025	
36.000	       1.35028	        2.0398	
36.500	       1.39253	       3.78431	
37.000	       2.84076	       2.47895	
37.500	       2.84076	       2.47895	
38.000	      0.401518	       3.16987	
38.500	      0.162391	       2.30388	
39.000	      0.162391	       2.30388	
39.500	       0.40516	       1.67984	
40.000	       0.50448	      0.903077	
40.500	       3.73641	      0.622483	
41.000	       3.73641	      0.622483	
41.500	       1.91967	      0.555518	
42.000	       2.71308	      0.552266	
42.500	       2.71308	      0.552266	
43.000	       1.65102	      0.103872	
43.500	       1.25244	      0.282327	
44.000	       1.17074	     0.0467048	
44.500	       1.17074	     0.0467048	
45.000	       1.43006	      0.367854	
45.500	       3.26873	      0.103675	
46.000	       3.26873	      0.103675	
46.500	       1.56226	      0.167762	
47.000	       1.51111	      0.112383	
47.500	       1.89761	       0.24043	
48.000	       1.89761	       0.24043	
48.500	       2.04047	      0.105965	
49.000	       2.20503	      0.272107	
49.500	       2.20503	      0.272107	
50.000	       2.79683	     0.0719847	
50.500	      0.377043	      0.132329	
51.000	       1.70747	      0.130755	
51.500	       1.70747	      0.130755	
52.000	       2.16818	      0.131084	
52.500	       3.11413	      0.131387	
53.000	       3.11413	      0.131387	
53.500	       2.27313	       0.13163	
54.000	       1.79903	      0.131827	
54.500	       4.43855	      0.131992	
55.000	       4.43855	      0.131992	
55.500	       2.46308	      0.132134	
56.000	       1.26354	      0.132258	
56.500	       1.26354	      0.132258	
57.000	       2.76476	      0.132367	
57.500	       0.45683	      0.132466	
58.000	       0.45683	      0.132466	
58.500	        4.7695	      0.132554	
59.000	       5.52316	      0.132635	
59.500	       36.4145	      0.132708	
60.000	       36.4145	      0.132708	
60.500	       360.764	      0.132776	
61.000	       35.2256	      0.132839	
61.500	       35.2256	      0.132839	
62.000	       5.84769	      0.132897	
62.500	       3.68527	       0.13295	
63.000	      0.986131	      0.133001	
63.500	      0.986131	      0.133001	
64.000	       1.08525	      0.133048	
64.500	      0.570112	      0.133092	
65.000	      0.570112	      0.133092	
65.500	      0.382431	      0.133133	
66.000	       0.23048	      0.133172	
66.500	      0.722329	      0.133208	
67.000	      0.722329	      0.133208	
67.500	       1.24265	      0.133243	
68.000	      0.634172	      0.133276	
68.500	      0.634172	      0.133276	
69.000	       2.07657	      0.133307	
69.500	       7.88104	      0.133336	
70.000	       1.19444	      0.133364	
70.500	       1.19444	      0.133364	
71.000	      0.103438	       0.13339	
71.500	      0.125839	      0.133416	
72.000	      0.125839	      0.133416	
72.500	     0.0540063	       0.13344	
73.000	      0.216354	      0.133463	
73.500	     0.0598231	      0.133485	
74.000	     0.0598231	      0.133485	
74.500	     0.0835388	      0.133506	
75.000	      0.233244	      0.133526	
75.500	      0.233244	      0.133526	
76.000	       1.07609	      0.133545	
76.500	      0.238629	      0.133563	
77.000	      0.135363	      0.133581	
77.500	      0.135363	      0.133581	
78.000	     0.0257046	      0.133598	
78.500	       1.44517	      0.133614	
79.000	       1.44517	      0.133614	
79.500	       0.55978	       0.13363	
80.000	       1.15949	      0.133645	
80.500	       1.15949	      0.133645	
81.000	       1.47276	      0.133659	
81.500	       1.71143	      0.133673	
82.000	       3.36496	      0.133687	
82.500	       3.36496	      0.133687	
83.000	       3.62666	      0.133699	
83.500	       2.01934	      0.133712	
84.000	       2.01934	      0.133712	
84.500	       4.38876	      0.133724	
85.000	       4.39995	      0.133735	
85.500	       3.72518	      0.133747	
86.000	       3.72518	      0.133747	
86.500	       2.25559	      0.133757	
87.000	       4.68994	      0.133768	
87.500	       4.68994	      0.133768	
88.000	       4.73112	      0.133778	
88.500	       7.50887	      0.133788	
89.000	       26.7736	      0.133797	
89.500	       26.7736	      0.133797	
90.000	       8.40037	      0.133806	
90.500	       34.7639	      0.133815	
91.000	       34.7639	      0.133815	
91.500	       48.3095	      0.133823	
92.000	       22.0491	      0.133831	
92.500	       3.41953	      0.133839	
93.000	       3.41953	      0.133839	
93.500	       1.29886	      0.133847	
94.000	      0.680228	      0.133854	
94.500	      0.680228	      0.133854	
95.000	      0.128919	      0.133862	
95.500	      0.301185	      0.133868	
96.000	    0.00065807	      0.133875	
96.500	    0.00065807	      0.133875	
97.000	      0.163527	      0.133882	
97.500	     0.0495082	      0.133888	
98.000	     0.0495082	      0.133888	
98.500	      0.190228	      0.133894	
99.000	      0.134362	        0.1339	
99.500	      0.135481	      0.133906	
100.000	      0.135481	      0.133906	
100.500	      0.134677	      0.133911	
101.000	      0.133979	      0.133916	
101.500	      0.133979	      0.133916	
102.000	      0.133433	      0.133922	
102.500	      0.133008	      0.133927	
103.000	      0.133008	      0.133927	
103.500	      0.132678	      0.133931	
104.000	      0.132421	      0.133936	
104.500	      0.132222	       0.13394	
105.000	      0.132222	       0.13394	
105.500	      0.132069	      0.133945	
106.000	      0.131951	      0.133949	
106.500	      0.131951	      0.133949	
107.000	      0.131863	      0.133953	
107.500	      0.131799	      0.133957	
108.000	      0.131754	      0.133961	
108.500	      0.131754	      0.133961	
109.000	      0.131725	      0.133964	
109.500	      0.131708	      0.133968	
110.000	      0.131708	      0.133968	
110.500	      0.131702	      0.133971	
111.000	      0.131705	      0.133974	
111.500	      0.131715	      0.133977	
112.000	      0.131715	      0.133977	
112.500	      0.131731	       0.13398	
113.000	      0.131752	      0.133983	
113.500	      0.131752	      0.133983	
114.000	      0.131777	      0.133986	
114.500	      0.131805	      0.133988	
115.000	      0.131835	      0.133991	
115.500	      0.131835	      0.133991	
116.000	      0.131868	      0.133993	
116.500	      0.131902	      0.133995	
117.000	      0.131902	      0.133995	
117.500	      0.131938	      0.133998	
118.000	      0.131974	         0.134	
118.500	      0.132012	      0.134002	
119.000	      0.132012	      0.134002	
119.500	      0.132049	      0.134003	
120.000	      0.132087	      0.134005	
120.500	      0.132087	      0.134005	
121.000	      0.132125	      0.134007	
121.500	      0.132163	      0.134008	
122.000	      0.132201	       0.13401	
122.500	      0.132201	       0.13401	
123.000	      0.132239	      0.134011	
123.500	      0.132277	      0.134012	
124.000	      0.132277	      0.134012	
124.500	      0.132314	      0.134013	
125.000	       0.13235	      0.134014	
125.500	       0.13235	      0.134014	
126.000	      0.132387	      0.134015	
126.500	      0.132422	      0.134016	
127.000	      0.132458	      0.134017	
127.500	      0.132458	      0.134017	
128.000	      0.132492	      0.134017	
128.500	      0.132527	      0.134018	
129.000	      0.132527	      0.134018	
129.500	       0.13256	      0.134018	
130.000	      0.132593	      0.134019	
130.500	      0.132625	      0.134019	
131.000	      0.132625	      0.134019	
131.500	      0.132657	      0.134019	
132.000	      0.132688	      0.134019	
132.500	      0.132688	      0.134019	
133.000	      0.132719	      0.134019	
133.500	      0.132749	      0.134019	
134.000	      0.132778	      0.134019	
134.500	      0.132778	      0.134019	
135.000	      0.132807	      0.134019	
135.500	      0.132835	      0.134018	
136.000	      0.132835	      0.134018	
136.500	      0.132863	      0.134018	
137.000	       0.13289	      0.134017	
137.500	      0.132916	      0.134017	
138.000	      0.132916	      0.134017	
138.500	      0.132942	      0.134016	
139.000	      0.132968	      0.134015	
139.500	      0.132968	      0.134015	
140.000	      0.132992	      0.134014	
140.500	      0.133017	      0.134013	
141.000	      0.133041	      0.134012	
141.500	      0.133041	      0.134012	
142.000	      0.133064	      0.134011	
142.500	      0.133087	       0.13401	
143.000	      0.133087	       0.13401	
143.500	      0.133109	      0.134009	
144.000	      0.133131	      0.134007	
144.500	      0.133152	      0.134006	
145.000	      0.133152	      0.134006	
145.500	      0.133173	      0.134004	
146.000	      0.133193	      0.134002	
146.500	      0.133193	      0.134002	
147.000	      0.133214	      0.134001	
147.500	      0.133233	      0.133999	
148.000	      0.133233	      0.133999	
148.500	      0.133252	      0.133997	
149.000	      0.133271	      0.133995	
149.500	      0.133289	      0.133993	
150.000	      0.133289	      0.133993	
150.500	      0.133307	       0.13399	
151.000	      0.133325	      0.133988	
151.500	      0.133325	      0.133988	
152.000	      0.133342	      0.133986	
152.500	      0.133359	      0.133983	
153.000	      0.133375	      0.133981	
153.500	      0.133375	      0.133981	
154.000	      0.133392	      0.133978	
154.500	      0.133407	      0.133975	
155.000	      0.133407	      0.133975	
155.500	      0.133423	      0.133972	
156.000	      0.133438	      0.133969	
156.500	      0.133453	      0.133966	
157.000	      0.133453	      0.133966	
157.500	      0.133467	      0.133963	
158.000	      0.133481	       0.13396	
158.500	      0.133481	       0.13396	
159.000	      0.133495	      0.133956	
159.500	      0.133509	      0.133953	
160.000	      0.133522	      0.133949	
160.500	      0.133522	      0.133949	
161.000	      0.133535	      0.133945	
161.500	      0.133548	      0.133942	
162.000	      0.133548	      0.133942	
162.500	       0.13356	      0.133938	
163.000	      0.133573	      0.133934	
163.500	      0.133585	       0.13393	
164.000	      0.133585	       0.13393	
164.500	      0.133596	      0.133925	
165.000	      0.133608	      0.133921	
165.500	      0.133608	      0.133921	
166.000	      0.133619	      0.133916	
166.500	       0.13363	      0.133912	
167.000	      0.133641	      0.133907	
167.500	      0.133641	      0.133907	
168.000	      0.133651	      0.133902	
168.500	      0.133662	      0.133897	
169.000	      0.133662	      0.133897	
169.500	      0.133672	      0.133892	
170.000	      0.133682	      0.133887	
170.500	      0.133682	      0.133887	
171.000	      0.133691	      0.133882	
171.500	      0.133701	      0.133876	
172.000	       0.13371	      0.133871	
172.500	       0.13371	      0.133871	
173.000	      0.133719	      0.133865	
173.500	      0.133728	      0.133859	
174.000	      0.133728	      0.133859	
174.500	      0.133737	      0.133853	
175.000	      0.133745	      0.133847	
175.500	      0.133754	      0.133841	
176.000	      0.133754	      0.133841	
176.500	      0.133762	      0.133834	
177.000	       0.13377	      0.133828	
177.500	       0.13377	      0.133828	
178.000	      0.133778	      0.133821	
178.500	      0.133785	      0.133814	
179.000	      0.133793	      0.133807	
179.500	      0.133793	      0.133807	
180.000	        0.1338	        0.1338	
