
TracePro Release: 3 2 0 
Polar Candela Distribution Data for 
Data covers +/- 180.000 degrees from Normal
Data for Missed Rays
Data generated at 09:46:41 June 30, 2025

	   0.0	 180.0
0.000	      0.318628	      0.318628	
0.500	      0.318497	      0.318754	
1.000	      0.318497	      0.318754	
1.500	      0.318361	      0.318876	
2.000	       0.31822	      0.318993	
2.500	      0.318073	      0.319107	
3.000	      0.318073	      0.319107	
3.500	      0.317921	      0.319217	
4.000	      0.317763	      0.319323	
4.500	      0.317763	      0.319323	
5.000	      0.317598	      0.319425	
5.500	      0.317427	      0.319525	
6.000	      0.317249	      0.319621	
6.500	      0.317249	      0.319621	
7.000	      0.317063	      0.319714	
7.500	      0.316869	      0.319804	
8.000	      0.316869	      0.319804	
8.500	      0.316666	      0.319891	
9.000	      0.316454	      0.319975	
9.500	      0.316233	      0.320057	
10.000	      0.316233	      0.320057	
10.500	      0.316002	      0.320136	
11.000	       0.31576	      0.320213	
11.500	       0.31576	      0.320213	
12.000	      0.315506	      0.320288	
12.500	       0.31524	      0.320361	
13.000	       0.31524	      0.320361	
13.500	      0.314961	      0.320431	
14.000	      0.314667	        0.3205	
14.500	      0.314358	      0.320566	
15.000	      0.314358	      0.320566	
15.500	      0.314033	       0.32063	
16.000	       0.31369	      0.320693	
16.500	       0.31369	      0.320693	
17.000	      0.313328	      0.320754	
17.500	      0.312945	      0.320813	
18.000	       0.31254	      0.320871	
18.500	       0.31254	      0.320871	
19.000	      0.312111	      0.320927	
19.500	      0.311656	      0.320982	
20.000	      0.311656	      0.320982	
20.500	      0.311172	      0.321035	
21.000	      0.310657	      0.321086	
21.500	      0.310108	      0.321137	
22.000	      0.310108	      0.321137	
22.500	      0.309521	      0.321186	
23.000	      0.308893	      0.321233	
23.500	      0.308893	      0.321233	
24.000	      0.308219	       0.32128	
24.500	      0.307495	      0.321325	
25.000	      0.306715	      0.321369	
25.500	      0.306715	      0.321369	
26.000	      0.305872	      0.321412	
26.500	      0.304959	      0.321454	
27.000	      0.304959	      0.321454	
27.500	      0.303968	      0.321495	
28.000	      0.302888	      0.321535	
28.500	      0.301708	      0.321573	
29.000	      0.301708	      0.321573	
29.500	      0.300413	      0.321611	
30.000	      0.298988	      0.321648	
30.500	      0.298988	      0.321648	
31.000	      0.297412	      0.321684	
31.500	      0.295661	      0.321719	
32.000	      0.293707	      0.321753	
32.500	      0.293707	      0.321753	
33.000	      0.291514	      0.321787	
33.500	      0.289038	       0.32182	
34.000	      0.289038	       0.32182	
34.500	      0.286224	      0.321851	
35.000	      0.283003	      0.321882	
35.500	      0.283003	      0.321882	
36.000	      0.279285	      0.321913	
36.500	      0.274956	      0.321942	
37.000	      0.269864	      0.321971	
37.500	      0.269864	      0.321971	
38.000	      0.263804	         0.322	
38.500	      0.256499	      0.322027	
39.000	      0.256499	      0.322027	
39.500	      0.247559	      0.322054	
40.000	       0.23643	       0.32208	
40.500	      0.222292	      0.322106	
41.000	      0.222292	      0.322106	
41.500	      0.203898	      0.322131	
42.000	       0.17927	      0.322155	
42.500	       0.17927	      0.322155	
43.000	      0.145116	      0.322179	
43.500	     0.0956224	      0.322203	
44.000	      0.019705	      0.322225	
44.500	      0.019705	      0.322225	
45.000	      0.105989	      0.322248	
45.500	      0.338016	      0.322269	
46.000	      0.338016	      0.322269	
46.500	      0.845247	      0.322291	
47.000	       2.35209	      0.322311	
47.500	       13.3928	      0.322331	
48.000	       13.3928	      0.322331	
48.500	       139.987	      0.322351	
49.000	       13.3972	      0.322371	
49.500	       13.3972	      0.322371	
50.000	       2.36105	      0.322389	
50.500	      0.858828	      0.322408	
51.000	      0.356408	      0.322426	
51.500	      0.356408	      0.322426	
52.000	      0.129447	      0.322443	
52.500	    0.00915478	       0.32246	
53.000	    0.00915478	       0.32246	
53.500	     0.0609319	      0.322477	
54.000	      0.104056	      0.322493	
54.500	      0.131167	      0.322509	
55.000	      0.131167	      0.322509	
55.500	      0.147917	      0.322525	
56.000	      0.157392	       0.32254	
56.500	      0.157392	       0.32254	
57.000	      0.161311	      0.322555	
57.500	      0.160585	      0.322569	
58.000	      0.160585	      0.322569	
58.500	      0.155591	      0.322583	
59.000	      0.146294	      0.322597	
59.500	      0.132273	       0.32261	
60.000	      0.132273	       0.32261	
60.500	      0.112679	      0.322623	
61.000	     0.0860961	      0.322636	
61.500	     0.0860961	      0.322636	
62.000	     0.0502907	      0.322648	
62.500	    0.00173914	       0.32266	
63.000	     0.0652451	      0.322672	
63.500	     0.0652451	      0.322672	
64.000	      0.160212	      0.322683	
64.500	       0.30011	      0.322695	
65.000	       0.30011	      0.322695	
65.500	      0.517325	      0.322705	
66.000	      0.880176	      0.322716	
66.500	       1.55421	      0.322726	
67.000	       1.55421	      0.322726	
67.500	       3.03388	      0.322736	
68.000	        7.4404	      0.322746	
68.500	        7.4404	      0.322746	
69.000	       39.7645	      0.322755	
69.500	       409.384	      0.322764	
70.000	       39.7633	      0.322773	
70.500	       39.7633	      0.322773	
71.000	       7.43791	      0.322781	
71.500	       3.03009	       0.32279	
72.000	       3.03009	       0.32279	
72.500	       1.54907	      0.322798	
73.000	      0.873593	      0.322806	
73.500	      0.509191	      0.322813	
74.000	      0.509191	      0.322813	
74.500	      0.290282	       0.32282	
75.000	      0.148512	      0.322827	
75.500	      0.148512	      0.322827	
76.000	     0.0514488	      0.322834	
76.500	     0.0179102	      0.322841	
77.000	     0.0691842	      0.322847	
77.500	     0.0691842	      0.322847	
78.000	      0.108147	      0.322853	
78.500	      0.138437	      0.322859	
79.000	      0.138437	      0.322859	
79.500	      0.162437	      0.322864	
80.000	      0.181762	       0.32287	
80.500	      0.181762	       0.32287	
81.000	      0.197538	      0.322875	
81.500	       0.21057	       0.32288	
82.000	      0.221443	      0.322884	
82.500	      0.221443	      0.322884	
83.000	      0.230595	      0.322889	
83.500	      0.238354	      0.322893	
84.000	      0.238354	      0.322893	
84.500	      0.244972	      0.322897	
85.000	      0.250645	        0.3229	
85.500	      0.255527	      0.322904	
86.000	      0.255527	      0.322904	
86.500	      0.259739	      0.322907	
87.000	      0.263379	       0.32291	
87.500	      0.263379	       0.32291	
88.000	      0.266524	      0.322913	
88.500	      0.269237	      0.322916	
89.000	      0.271569	      0.322918	
89.500	      0.271569	      0.322918	
90.000	      0.273561	      0.322921	
90.500	      0.275246	      0.322923	
91.000	      0.275246	      0.322923	
91.500	      0.276651	      0.322925	
92.000	      0.277795	      0.322926	
92.500	      0.278696	      0.322928	
93.000	      0.278696	      0.322928	
93.500	      0.279364	      0.322929	
94.000	      0.279806	       0.32293	
94.500	      0.279806	       0.32293	
95.000	      0.280025	      0.322931	
95.500	      0.280022	      0.322931	
96.000	      0.279791	      0.322931	
96.500	      0.279791	      0.322931	
97.000	      0.279323	      0.322932	
97.500	      0.278607	      0.322932	
98.000	      0.278607	      0.322932	
98.500	      0.277624	      0.322931	
99.000	      0.276349	      0.322931	
99.500	      0.274752	       0.32293	
100.000	      0.274752	       0.32293	
100.500	      0.272792	      0.322929	
101.000	      0.270421	      0.322928	
101.500	      0.270421	      0.322928	
102.000	      0.267573	      0.322927	
102.500	       0.26417	      0.322925	
103.000	       0.26417	      0.322925	
103.500	      0.260109	      0.322924	
104.000	      0.255258	      0.322922	
104.500	      0.249448	      0.322919	
105.000	      0.249448	      0.322919	
105.500	      0.242458	      0.322917	
106.000	      0.233991	      0.322915	
106.500	      0.233991	      0.322915	
107.000	      0.223651	      0.322912	
107.500	      0.210892	      0.322909	
108.000	       0.19495	      0.322905	
108.500	       0.19495	      0.322905	
109.000	      0.174728	      0.322902	
109.500	      0.148604	      0.322898	
110.000	      0.148604	      0.322898	
110.500	      0.114105	      0.322894	
111.000	     0.0673027	       0.32289	
111.500	    0.00165279	      0.322886	
112.000	    0.00165279	      0.322886	
112.500	     0.0944169	      0.322881	
113.000	      0.242977	      0.322877	
113.500	      0.242977	      0.322877	
114.000	      0.490551	      0.322872	
114.500	      0.949843	      0.322866	
115.000	       1.95741	      0.322861	
115.500	       1.95741	      0.322861	
116.000	       4.95711	      0.322855	
116.500	       26.9592	      0.322849	
117.000	       26.9592	      0.322849	
117.500	       278.758	      0.322843	
118.000	       26.9588	      0.322836	
118.500	       4.95627	       0.32283	
119.000	       4.95627	       0.32283	
119.500	       1.95616	      0.322823	
120.000	      0.948172	      0.322816	
120.500	      0.948172	      0.322816	
121.000	      0.488454	      0.322808	
121.500	      0.240448	        0.3228	
122.000	     0.0914508	      0.322792	
122.500	     0.0914508	      0.322792	
123.000	    0.00506376	      0.322784	
123.500	     0.0711674	      0.322776	
124.000	     0.0711674	      0.322776	
124.500	      0.118433	      0.322767	
125.000	      0.153407	      0.322758	
125.500	      0.153407	      0.322758	
126.000	      0.180019	      0.322748	
126.500	      0.200744	      0.322739	
127.000	      0.217204	      0.322729	
127.500	      0.217204	      0.322729	
128.000	      0.230499	      0.322718	
128.500	      0.241394	      0.322708	
129.000	      0.241394	      0.322708	
129.500	      0.250438	      0.322697	
130.000	      0.258029	      0.322686	
130.500	      0.264466	      0.322674	
131.000	      0.264466	      0.322674	
131.500	      0.269972	      0.322663	
132.000	      0.274721	      0.322651	
132.500	      0.274721	      0.322651	
133.000	      0.278846	      0.322638	
133.500	      0.282454	      0.322625	
134.000	      0.285628	      0.322612	
134.500	      0.285628	      0.322612	
135.000	      0.288436	      0.322599	
135.500	      0.290933	      0.322585	
136.000	      0.290933	      0.322585	
136.500	      0.293164	      0.322571	
137.000	      0.295166	      0.322556	
137.500	       0.29697	      0.322541	
138.000	       0.29697	      0.322541	
138.500	      0.298602	      0.322526	
139.000	      0.300083	       0.32251	
139.500	      0.300083	       0.32251	
140.000	      0.301432	      0.322494	
140.500	      0.302664	      0.322478	
141.000	      0.303792	      0.322461	
141.500	      0.303792	      0.322461	
142.000	      0.304829	      0.322443	
142.500	      0.305784	      0.322426	
143.000	      0.305784	      0.322426	
143.500	      0.306666	      0.322407	
144.000	      0.307482	      0.322389	
144.500	      0.308239	       0.32237	
145.000	      0.308239	       0.32237	
145.500	      0.308942	       0.32235	
146.000	      0.309597	       0.32233	
146.500	      0.309597	       0.32233	
147.000	      0.310208	      0.322309	
147.500	      0.310778	      0.322288	
148.000	      0.310778	      0.322288	
148.500	      0.311313	      0.322266	
149.000	      0.311814	      0.322244	
149.500	      0.312284	      0.322222	
150.000	      0.312284	      0.322222	
150.500	      0.312727	      0.322198	
151.000	      0.313144	      0.322174	
151.500	      0.313144	      0.322174	
152.000	      0.313537	       0.32215	
152.500	      0.313908	      0.322125	
153.000	      0.314258	      0.322099	
153.500	      0.314258	      0.322099	
154.000	       0.31459	      0.322073	
154.500	      0.314905	      0.322046	
155.000	      0.314905	      0.322046	
155.500	      0.315203	      0.322018	
156.000	      0.315487	       0.32199	
156.500	      0.315756	      0.321961	
157.000	      0.315756	      0.321961	
157.500	      0.316012	      0.321931	
158.000	      0.316256	        0.3219	
158.500	      0.316256	        0.3219	
159.000	      0.316489	      0.321869	
159.500	      0.316711	      0.321837	
160.000	      0.316923	      0.321804	
160.500	      0.316923	      0.321804	
161.000	      0.317125	       0.32177	
161.500	      0.317319	      0.321735	
162.000	      0.317319	      0.321735	
162.500	      0.317504	        0.3217	
163.000	      0.317682	      0.321663	
163.500	      0.317852	      0.321625	
164.000	      0.317852	      0.321625	
164.500	      0.318015	      0.321587	
165.000	      0.318171	      0.321547	
165.500	      0.318171	      0.321547	
166.000	      0.318321	      0.321507	
166.500	      0.318466	      0.321465	
167.000	      0.318604	      0.321422	
167.500	      0.318604	      0.321422	
168.000	      0.318738	      0.321378	
168.500	      0.318866	      0.321333	
169.000	      0.318866	      0.321333	
169.500	       0.31899	      0.321287	
170.000	      0.319109	      0.321239	
170.500	      0.319109	      0.321239	
171.000	      0.319224	       0.32119	
171.500	      0.319335	       0.32114	
172.000	      0.319442	      0.321088	
172.500	      0.319442	      0.321088	
173.000	      0.319545	      0.321034	
173.500	      0.319645	       0.32098	
174.000	      0.319645	       0.32098	
174.500	      0.319741	      0.320923	
175.000	      0.319834	      0.320865	
175.500	      0.319924	      0.320805	
176.000	      0.319924	      0.320805	
176.500	      0.320011	      0.320743	
177.000	      0.320095	       0.32068	
177.500	      0.320095	       0.32068	
178.000	      0.320176	      0.320614	
178.500	      0.320255	      0.320547	
179.000	      0.320332	      0.320477	
179.500	      0.320332	      0.320477	
180.000	      0.320406	      0.320406	
