
TracePro Release: 3 2 0 
Polar Candela Distribution Data for 
Data covers +/- 180.000 degrees from Normal
Data for Missed Rays
Data generated at 09:43:54 June 30, 2025

	   0.0	 180.0
0.000	      0.320514	      0.320514	
0.500	      0.320487	       0.32054	
1.000	      0.320487	       0.32054	
1.500	       0.32046	      0.320566	
2.000	      0.320432	      0.320591	
2.500	      0.320404	      0.320615	
3.000	      0.320404	      0.320615	
3.500	      0.320375	      0.320639	
4.000	      0.320345	      0.320663	
4.500	      0.320345	      0.320663	
5.000	      0.320315	      0.320686	
5.500	      0.320284	      0.320708	
6.000	      0.320252	       0.32073	
6.500	      0.320252	       0.32073	
7.000	      0.320219	      0.320752	
7.500	      0.320186	      0.320773	
8.000	      0.320186	      0.320773	
8.500	      0.320152	      0.320794	
9.000	      0.320117	      0.320814	
9.500	      0.320082	      0.320834	
10.000	      0.320082	      0.320834	
10.500	      0.320046	      0.320853	
11.000	      0.320009	      0.320872	
11.500	      0.320009	      0.320872	
12.000	      0.319971	      0.320891	
12.500	      0.319932	      0.320909	
13.000	      0.319932	      0.320909	
13.500	      0.319892	      0.320927	
14.000	      0.319852	      0.320944	
14.500	       0.31981	      0.320961	
15.000	       0.31981	      0.320961	
15.500	      0.319767	      0.320978	
16.000	      0.319724	      0.320994	
16.500	      0.319724	      0.320994	
17.000	      0.319679	       0.32101	
17.500	      0.319634	      0.321026	
18.000	      0.319587	      0.321041	
18.500	      0.319587	      0.321041	
19.000	      0.319539	      0.321056	
19.500	       0.31949	      0.321071	
20.000	       0.31949	      0.321071	
20.500	       0.31944	      0.321085	
21.000	      0.319388	      0.321099	
21.500	      0.319336	      0.321113	
22.000	      0.319336	      0.321113	
22.500	      0.319282	      0.321126	
23.000	      0.319226	      0.321139	
23.500	      0.319226	      0.321139	
24.000	       0.31917	      0.321152	
24.500	      0.319112	      0.321165	
25.000	      0.319052	      0.321177	
25.500	      0.319052	      0.321177	
26.000	      0.318991	      0.321189	
26.500	      0.318928	        0.3212	
27.000	      0.318928	        0.3212	
27.500	      0.318864	      0.321212	
28.000	      0.318798	      0.321223	
28.500	       0.31873	      0.321234	
29.000	       0.31873	      0.321234	
29.500	      0.318661	      0.321245	
30.000	      0.318589	      0.321255	
30.500	      0.318589	      0.321255	
31.000	      0.318516	      0.321265	
31.500	      0.318441	      0.321275	
32.000	      0.318364	      0.321285	
32.500	      0.318364	      0.321285	
33.000	      0.318284	      0.321294	
33.500	      0.318203	      0.321303	
34.000	      0.318203	      0.321303	
34.500	      0.318119	      0.321312	
35.000	      0.318033	      0.321321	
35.500	      0.318033	      0.321321	
36.000	      0.317944	      0.321329	
36.500	      0.317853	      0.321338	
37.000	      0.317759	      0.321346	
37.500	      0.317759	      0.321346	
38.000	      0.317662	      0.321353	
38.500	      0.317563	      0.321361	
39.000	      0.317563	      0.321361	
39.500	      0.317461	      0.321368	
40.000	      0.317355	      0.321376	
40.500	      0.317247	      0.321382	
41.000	      0.317247	      0.321382	
41.500	      0.317135	      0.321389	
42.000	       0.31702	      0.321396	
42.500	       0.31702	      0.321396	
43.000	      0.316901	      0.321402	
43.500	      0.316778	      0.321408	
44.000	      0.316652	      0.321414	
44.500	      0.316652	      0.321414	
45.000	      0.316522	       0.32142	
45.500	      0.316387	      0.321425	
46.000	      0.316387	      0.321425	
46.500	      0.316248	      0.321431	
47.000	      0.316105	      0.321436	
47.500	      0.315956	      0.321441	
48.000	      0.315956	      0.321441	
48.500	      0.315803	      0.321446	
49.000	      0.315645	       0.32145	
49.500	      0.315645	       0.32145	
50.000	      0.315481	      0.321455	
50.500	      0.315311	      0.321459	
51.000	      0.315136	      0.321463	
51.500	      0.315136	      0.321463	
52.000	      0.314954	      0.321467	
52.500	      0.314766	      0.321471	
53.000	      0.314766	      0.321471	
53.500	      0.314571	      0.321474	
54.000	      0.314369	      0.321477	
54.500	      0.314159	      0.321481	
55.000	      0.314159	      0.321481	
55.500	      0.313942	      0.321484	
56.000	      0.313716	      0.321486	
56.500	      0.313716	      0.321486	
57.000	      0.313481	      0.321489	
57.500	      0.313238	      0.321492	
58.000	      0.313238	      0.321492	
58.500	      0.312985	      0.321494	
59.000	      0.312721	      0.321496	
59.500	      0.312447	      0.321498	
60.000	      0.312447	      0.321498	
60.500	      0.312162	        0.3215	
61.000	      0.311865	      0.321501	
61.500	      0.311865	      0.321501	
62.000	      0.311556	      0.321503	
62.500	      0.311233	      0.321504	
63.000	      0.310896	      0.321505	
63.500	      0.310896	      0.321505	
64.000	      0.310545	      0.321506	
64.500	      0.310178	      0.321507	
65.000	      0.310178	      0.321507	
65.500	      0.309794	      0.321507	
66.000	      0.309392	      0.321508	
66.500	      0.308972	      0.321508	
67.000	      0.308972	      0.321508	
67.500	      0.308532	      0.321508	
68.000	      0.308071	      0.321508	
68.500	      0.308071	      0.321508	
69.000	      0.307587	      0.321508	
69.500	      0.307079	      0.321507	
70.000	      0.306546	      0.321507	
70.500	      0.306546	      0.321507	
71.000	      0.305985	      0.321506	
71.500	      0.305395	      0.321505	
72.000	      0.305395	      0.321505	
72.500	      0.304773	      0.321504	
73.000	      0.304118	      0.321503	
73.500	      0.303427	      0.321501	
74.000	      0.303427	      0.321501	
74.500	      0.302697	        0.3215	
75.000	      0.301925	      0.321498	
75.500	      0.301925	      0.321498	
76.000	      0.301108	      0.321496	
76.500	      0.300242	      0.321494	
77.000	      0.299324	      0.321492	
77.500	      0.299324	      0.321492	
78.000	       0.29835	      0.321489	
78.500	      0.297313	      0.321486	
79.000	      0.297313	      0.321486	
79.500	       0.29621	      0.321484	
80.000	      0.295034	      0.321481	
80.500	      0.295034	      0.321481	
81.000	      0.293778	      0.321477	
81.500	      0.292436	      0.321474	
82.000	      0.290999	      0.321471	
82.500	      0.290999	      0.321471	
83.000	      0.289458	      0.321467	
83.500	      0.287803	      0.321463	
84.000	      0.287803	      0.321463	
84.500	      0.286023	      0.321459	
85.000	      0.284103	      0.321455	
85.500	       0.28203	       0.32145	
86.000	       0.28203	       0.32145	
86.500	      0.279787	      0.321446	
87.000	      0.277353	      0.321441	
87.500	      0.277353	      0.321441	
88.000	      0.274709	      0.321436	
88.500	      0.271827	      0.321431	
89.000	      0.268679	      0.321425	
89.500	      0.268679	      0.321425	
90.000	      0.265232	       0.32142	
90.500	      0.261445	      0.321414	
91.000	      0.261445	      0.321414	
91.500	      0.257273	      0.321408	
92.000	      0.252662	      0.321402	
92.500	      0.247548	      0.321396	
93.000	      0.247548	      0.321396	
93.500	      0.241856	      0.321389	
94.000	      0.235493	      0.321382	
94.500	      0.235493	      0.321382	
95.000	      0.228351	      0.321376	
95.500	      0.220298	      0.321368	
96.000	      0.211171	      0.321361	
96.500	      0.211171	      0.321361	
97.000	      0.200771	      0.321353	
97.500	      0.188848	      0.321346	
98.000	      0.188848	      0.321346	
98.500	      0.175092	      0.321338	
99.000	      0.159105	      0.321329	
99.500	      0.140379	      0.321321	
100.000	      0.140379	      0.321321	
100.500	      0.118248	      0.321312	
101.000	     0.0918344	      0.321303	
101.500	     0.0918344	      0.321303	
102.000	     0.0599577	      0.321294	
102.500	     0.0209993	      0.321285	
103.000	     0.0209993	      0.321285	
103.500	     0.0273057	      0.321275	
104.000	     0.0882068	      0.321265	
104.500	        0.1665	      0.321255	
105.000	        0.1665	      0.321255	
105.500	      0.269502	      0.321245	
106.000	      0.408831	      0.321234	
106.500	      0.408831	      0.321234	
107.000	       0.60384	      0.321223	
107.500	      0.888747	      0.321212	
108.000	       1.32881	        0.3212	
108.500	       1.32881	        0.3212	
109.000	       2.06158	      0.321189	
109.500	       3.42029	      0.321177	
110.000	       3.42029	      0.321177	
110.500	       6.40002	      0.321165	
111.000	       15.2697	      0.321152	
111.500	       80.3226	      0.321139	
112.000	       80.3226	      0.321139	
112.500	       823.573	      0.321126	
113.000	       80.3226	      0.321113	
113.500	       80.3226	      0.321113	
114.000	       15.2697	      0.321099	
114.500	       6.40002	      0.321085	
115.000	       3.42029	      0.321071	
115.500	       3.42029	      0.321071	
116.000	       2.06158	      0.321056	
116.500	       1.32881	      0.321041	
117.000	       1.32881	      0.321041	
117.500	      0.888747	      0.321026	
118.000	       0.60384	       0.32101	
118.500	      0.408831	      0.320994	
119.000	      0.408831	      0.320994	
119.500	      0.269502	      0.320978	
120.000	        0.1665	      0.320961	
120.500	        0.1665	      0.320961	
121.000	     0.0882068	      0.320944	
121.500	     0.0273057	      0.320927	
122.000	     0.0209993	      0.320909	
122.500	     0.0209993	      0.320909	
123.000	     0.0599577	      0.320891	
123.500	     0.0918344	      0.320872	
124.000	     0.0918344	      0.320872	
124.500	      0.118248	      0.320853	
125.000	      0.140379	      0.320834	
125.500	      0.140379	      0.320834	
126.000	      0.159105	      0.320814	
126.500	      0.175092	      0.320794	
127.000	      0.188848	      0.320773	
127.500	      0.188848	      0.320773	
128.000	      0.200771	      0.320752	
128.500	      0.211171	       0.32073	
129.000	      0.211171	       0.32073	
129.500	      0.220298	      0.320708	
130.000	      0.228351	      0.320686	
130.500	      0.235493	      0.320663	
131.000	      0.235493	      0.320663	
131.500	      0.241856	      0.320639	
132.000	      0.247548	      0.320615	
132.500	      0.247548	      0.320615	
133.000	      0.252662	      0.320591	
133.500	      0.257273	      0.320566	
134.000	      0.261445	       0.32054	
134.500	      0.261445	       0.32054	
135.000	      0.265232	      0.320514	
135.500	      0.268679	      0.320487	
136.000	      0.268679	      0.320487	
136.500	      0.271827	       0.32046	
137.000	      0.274709	      0.320432	
137.500	      0.277353	      0.320404	
138.000	      0.277353	      0.320404	
138.500	      0.279787	      0.320375	
139.000	       0.28203	      0.320345	
139.500	       0.28203	      0.320345	
140.000	      0.284103	      0.320315	
140.500	      0.286023	      0.320284	
141.000	      0.287803	      0.320252	
141.500	      0.287803	      0.320252	
142.000	      0.289458	      0.320219	
142.500	      0.290999	      0.320186	
143.000	      0.290999	      0.320186	
143.500	      0.292436	      0.320152	
144.000	      0.293778	      0.320117	
144.500	      0.295034	      0.320082	
145.000	      0.295034	      0.320082	
145.500	       0.29621	      0.320046	
146.000	      0.297313	      0.320009	
146.500	      0.297313	      0.320009	
147.000	       0.29835	      0.319971	
147.500	      0.299324	      0.319932	
148.000	      0.299324	      0.319932	
148.500	      0.300242	      0.319892	
149.000	      0.301108	      0.319852	
149.500	      0.301925	       0.31981	
150.000	      0.301925	       0.31981	
150.500	      0.302697	      0.319767	
151.000	      0.303427	      0.319724	
151.500	      0.303427	      0.319724	
152.000	      0.304118	      0.319679	
152.500	      0.304773	      0.319634	
153.000	      0.305395	      0.319587	
153.500	      0.305395	      0.319587	
154.000	      0.305985	      0.319539	
154.500	      0.306546	       0.31949	
155.000	      0.306546	       0.31949	
155.500	      0.307079	       0.31944	
156.000	      0.307587	      0.319388	
156.500	      0.308071	      0.319336	
157.000	      0.308071	      0.319336	
157.500	      0.308532	      0.319282	
158.000	      0.308972	      0.319226	
158.500	      0.308972	      0.319226	
159.000	      0.309392	       0.31917	
159.500	      0.309794	      0.319112	
160.000	      0.310178	      0.319052	
160.500	      0.310178	      0.319052	
161.000	      0.310545	      0.318991	
161.500	      0.310896	      0.318928	
162.000	      0.310896	      0.318928	
162.500	      0.311233	      0.318864	
163.000	      0.311556	      0.318798	
163.500	      0.311865	       0.31873	
164.000	      0.311865	       0.31873	
164.500	      0.312162	      0.318661	
165.000	      0.312447	      0.318589	
165.500	      0.312447	      0.318589	
166.000	      0.312721	      0.318516	
166.500	      0.312985	      0.318441	
167.000	      0.313238	      0.318364	
167.500	      0.313238	      0.318364	
168.000	      0.313481	      0.318284	
168.500	      0.313716	      0.318203	
169.000	      0.313716	      0.318203	
169.500	      0.313942	      0.318119	
170.000	      0.314159	      0.318033	
170.500	      0.314159	      0.318033	
171.000	      0.314369	      0.317944	
171.500	      0.314571	      0.317853	
172.000	      0.314766	      0.317759	
172.500	      0.314766	      0.317759	
173.000	      0.314954	      0.317662	
173.500	      0.315136	      0.317563	
174.000	      0.315136	      0.317563	
174.500	      0.315311	      0.317461	
175.000	      0.315481	      0.317355	
175.500	      0.315645	      0.317247	
176.000	      0.315645	      0.317247	
176.500	      0.315803	      0.317135	
177.000	      0.315956	       0.31702	
177.500	      0.315956	       0.31702	
178.000	      0.316105	      0.316901	
178.500	      0.316248	      0.316778	
179.000	      0.316387	      0.316652	
179.500	      0.316387	      0.316652	
180.000	      0.316522	      0.316522	
