
TracePro Release: 3 2 0 
Polar Candela Distribution Data for 
Data covers +/- 180.000 degrees from Normal
Data for Missed Rays
Data generated at 09:41:11 June 25, 2025

	   0.0	 180.0
0.000	      0.228981	      0.228981	
0.500	      0.225002	      0.180904	
1.000	      0.225002	      0.180904	
1.500	      0.223489	      0.229412	
2.000	      0.217935	      0.225929	
2.500	      0.283772	      0.225268	
3.000	      0.283772	      0.225268	
3.500	      0.209576	      0.224662	
4.000	      0.311465	      0.223751	
4.500	      0.311465	      0.223751	
5.000	      0.216931	      0.222331	
5.500	      0.240461	      0.222781	
6.000	     0.0174538	      0.143825	
6.500	     0.0174538	      0.143825	
7.000	      0.367814	      0.249735	
7.500	      0.209673	      0.029821	
8.000	      0.209673	      0.029821	
8.500	      0.415856	       3.21504	
9.000	      0.434276	       2.11804	
9.500	      0.443092	       2.13484	
10.000	      0.443092	       2.13484	
10.500	     0.0678417	       1.14915	
11.000	      0.295899	       1.99999	
11.500	      0.295899	       1.99999	
12.000	      0.449436	     0.0718592	
12.500	      0.498795	      0.200043	
13.000	      0.498795	      0.200043	
13.500	      0.312283	      0.217257	
14.000	      0.522806	      0.223282	
14.500	      0.714013	      0.226216	
15.000	      0.714013	      0.226216	
15.500	      0.511015	       0.22793	
16.000	       0.16713	      0.229053	
16.500	       0.16713	      0.229053	
17.000	      0.286413	      0.229852	
17.500	      0.400489	      0.230456	
18.000	      0.706336	      0.230933	
18.500	      0.706336	      0.230933	
19.000	      0.644169	      0.231324	
19.500	      0.494976	      0.231655	
20.000	      0.494976	      0.231655	
20.500	      0.464217	      0.231941	
21.000	      0.422483	      0.232194	
21.500	      0.126216	      0.232422	
22.000	      0.126216	      0.232422	
22.500	      0.781741	      0.232631	
23.000	      0.149793	      0.232825	
23.500	      0.149793	      0.232825	
24.000	      0.260915	      0.233009	
24.500	      0.796385	      0.233186	
25.000	      0.389196	      0.233359	
25.500	      0.389196	      0.233359	
26.000	       1.14361	      0.233534	
26.500	      0.400519	      0.233715	
27.000	      0.400519	      0.233715	
27.500	      0.271265	       0.23391	
28.000	       0.17344	      0.234129	
28.500	      0.939242	      0.234391	
29.000	      0.939242	      0.234391	
29.500	      0.981715	      0.234727	
30.000	       2.38345	      0.235198	
30.500	       2.38345	      0.235198	
31.000	       5.78656	      0.235941	
31.500	       31.3469	       0.23729	
32.000	       319.964	      0.240302	
32.500	       319.964	      0.240302	
33.000	       32.5493	      0.249828	
33.500	       4.10755	       0.32961	
34.000	       4.10755	       0.32961	
34.500	       3.07105	      0.972096	
35.000	      0.806016	       1.58723	
35.500	      0.806016	       1.58723	
36.000	       2.77689	       1.57007	
36.500	       1.48583	        2.3078	
37.000	        3.3153	       2.00649	
37.500	        3.3153	       2.00649	
38.000	      0.219112	       3.26096	
38.500	       0.84709	         2.064	
39.000	       0.84709	         2.064	
39.500	      0.598119	       1.06012	
40.000	       1.22289	      0.325943	
40.500	        3.3629	      0.614821	
41.000	        3.3629	      0.614821	
41.500	       3.73548	      0.083013	
42.000	       1.42715	      0.533575	
42.500	       1.42715	      0.533575	
43.000	    0.00750457	      0.212661	
43.500	       1.02788	      0.231936	
44.000	       1.16346	      0.234096	
44.500	       1.16346	      0.234096	
45.000	        2.8137	      0.234733	
45.500	       1.05687	      0.235001	
46.000	       1.05687	      0.235001	
46.500	      0.338748	      0.235143	
47.000	      0.870757	      0.235233	
47.500	       1.38931	      0.235297	
48.000	       1.38931	      0.235297	
48.500	        3.3546	      0.235347	
49.000	       2.82553	      0.235391	
49.500	       2.82553	      0.235391	
50.000	        1.0544	      0.235429	
50.500	       1.43697	      0.235465	
51.000	       1.61095	      0.235498	
51.500	       1.61095	      0.235498	
52.000	       1.16716	       0.23553	
52.500	      0.177876	      0.235561	
53.000	      0.177876	      0.235561	
53.500	       1.93828	      0.235592	
54.000	       0.84261	      0.235622	
54.500	        1.3643	      0.235651	
55.000	        1.3643	      0.235651	
55.500	      0.909952	      0.235681	
56.000	       1.61079	       0.23571	
56.500	       1.61079	       0.23571	
57.000	       3.38406	      0.235741	
57.500	       1.45547	      0.235773	
58.000	       1.45547	      0.235773	
58.500	      0.588339	      0.235807	
59.000	      0.533606	      0.235846	
59.500	       2.30175	      0.235893	
60.000	       2.30175	      0.235893	
60.500	       1.30441	      0.235956	
61.000	       0.21898	      0.236053	
61.500	       0.21898	      0.236053	
62.000	      0.331144	      0.236241	
62.500	       0.61537	      0.236756	
63.000	       2.72282	      0.240406	
63.500	       2.72282	      0.240406	
64.000	       8.29606	      0.189983	
64.500	       3.89951	      0.240445	
65.000	       3.89951	      0.240445	
65.500	       4.98212	      0.236833	
66.000	       3.56929	      0.236356	
66.500	       5.14066	      0.236208	
67.000	       5.14066	      0.236208	
67.500	       4.16203	       0.23615	
68.000	       3.81212	      0.236126	
68.500	       3.81212	      0.236126	
69.000	       6.43646	      0.236118	
69.500	       3.91123	      0.236118	
70.000	       4.81406	      0.236123	
70.500	       4.81406	      0.236123	
71.000	       4.40963	      0.236131	
71.500	       1.58007	       0.23614	
72.000	       1.58007	       0.23614	
72.500	       3.64385	       0.23615	
73.000	       2.43479	      0.236161	
73.500	       7.65879	      0.236173	
74.000	       7.65879	      0.236173	
74.500	       47.7029	      0.236184	
75.000	       9.52262	      0.236196	
75.500	       9.52262	      0.236196	
76.000	       1.04735	      0.236207	
76.500	       1.19193	      0.236219	
77.000	       3.74534	       0.23623	
77.500	       3.74534	       0.23623	
78.000	       6.50015	      0.236242	
78.500	       1.36609	      0.236253	
79.000	       1.36609	      0.236253	
79.500	     0.0107289	      0.236264	
80.000	        1.0806	      0.236274	
80.500	        1.0806	      0.236274	
81.000	      0.772479	      0.236285	
81.500	      0.298678	      0.236295	
82.000	      0.792696	      0.236305	
82.500	      0.792696	      0.236305	
83.000	      0.249364	      0.236315	
83.500	       2.35951	      0.236325	
84.000	       2.35951	      0.236325	
84.500	      0.595136	      0.236334	
85.000	      0.645663	      0.236343	
85.500	      0.943468	      0.236352	
86.000	      0.943468	      0.236352	
86.500	       2.02366	      0.236361	
87.000	       4.88339	      0.236369	
87.500	       4.88339	      0.236369	
88.000	       26.3166	      0.236378	
88.500	       270.744	      0.236386	
89.000	       26.2666	      0.236394	
89.500	       26.2666	      0.236394	
90.000	       4.89158	      0.236401	
90.500	       1.97714	      0.236409	
91.000	       1.97714	      0.236409	
91.500	       0.99793	      0.236416	
92.000	      0.551316	      0.236423	
92.500	       0.31036	       0.23643	
93.000	       0.31036	       0.23643	
93.500	      0.165579	      0.236437	
94.000	     0.0717819	      0.236443	
94.500	     0.0717819	      0.236443	
95.000	    0.00752925	      0.236449	
95.500	     0.0384207	      0.236456	
96.000	     0.0724263	      0.236461	
96.500	     0.0724263	      0.236461	
97.000	     0.0983049	      0.236467	
97.500	      0.118461	      0.236473	
98.000	      0.118461	      0.236473	
98.500	      0.134471	      0.236478	
99.000	      0.147402	      0.236483	
99.500	      0.157999	      0.236488	
100.000	      0.157999	      0.236488	
100.500	      0.166795	      0.236493	
101.000	      0.174178	      0.236497	
101.500	      0.174178	      0.236497	
102.000	      0.180436	      0.236502	
102.500	      0.185789	      0.236506	
103.000	      0.185789	      0.236506	
103.500	      0.190404	       0.23651	
104.000	      0.194412	      0.236514	
104.500	      0.197916	      0.236518	
105.000	      0.197916	      0.236518	
105.500	      0.200997	      0.236521	
106.000	      0.203721	      0.236525	
106.500	      0.203721	      0.236525	
107.000	      0.206143	      0.236528	
107.500	      0.208305	      0.236531	
108.000	      0.210244	      0.236534	
108.500	      0.210244	      0.236534	
109.000	       0.21199	      0.236537	
109.500	      0.213568	      0.236539	
110.000	      0.213568	      0.236539	
110.500	      0.214999	      0.236541	
111.000	      0.216301	      0.236544	
111.500	      0.217489	      0.236546	
112.000	      0.217489	      0.236546	
112.500	      0.218576	      0.236548	
113.000	      0.219575	      0.236549	
113.500	      0.219575	      0.236549	
114.000	      0.220493	      0.236551	
114.500	       0.22134	      0.236553	
115.000	      0.222123	      0.236554	
115.500	      0.222123	      0.236554	
116.000	      0.222849	      0.236555	
116.500	      0.223522	      0.236556	
117.000	      0.223522	      0.236556	
117.500	      0.224148	      0.236557	
118.000	      0.224732	      0.236557	
118.500	      0.225277	      0.236558	
119.000	      0.225277	      0.236558	
119.500	      0.225786	      0.236558	
120.000	      0.226263	      0.236559	
120.500	      0.226263	      0.236559	
121.000	       0.22671	      0.236559	
121.500	       0.22713	      0.236558	
122.000	      0.227525	      0.236558	
122.500	      0.227525	      0.236558	
123.000	      0.227898	      0.236558	
123.500	      0.228248	      0.236557	
124.000	      0.228248	      0.236557	
124.500	       0.22858	      0.236556	
125.000	      0.228893	      0.236556	
125.500	      0.228893	      0.236556	
126.000	      0.229189	      0.236555	
126.500	       0.22947	      0.236553	
127.000	      0.229736	      0.236552	
127.500	      0.229736	      0.236552	
128.000	      0.229989	       0.23655	
128.500	      0.230229	      0.236549	
129.000	      0.230229	      0.236549	
129.500	      0.230458	      0.236547	
130.000	      0.230675	      0.236545	
130.500	      0.230882	      0.236543	
131.000	      0.230882	      0.236543	
131.500	       0.23108	      0.236541	
132.000	      0.231268	      0.236538	
132.500	      0.231268	      0.236538	
133.000	      0.231448	      0.236535	
133.500	       0.23162	      0.236533	
134.000	      0.231785	       0.23653	
134.500	      0.231785	       0.23653	
135.000	      0.231942	      0.236527	
135.500	      0.232093	      0.236523	
136.000	      0.232093	      0.236523	
136.500	      0.232238	       0.23652	
137.000	      0.232376	      0.236516	
137.500	      0.232509	      0.236512	
138.000	      0.232509	      0.236512	
138.500	      0.232637	      0.236508	
139.000	       0.23276	      0.236504	
139.500	       0.23276	      0.236504	
140.000	      0.232878	        0.2365	
140.500	      0.232991	      0.236495	
141.000	        0.2331	      0.236491	
141.500	        0.2331	      0.236491	
142.000	      0.233205	      0.236486	
142.500	      0.233307	      0.236481	
143.000	      0.233307	      0.236481	
143.500	      0.233404	      0.236475	
144.000	      0.233498	       0.23647	
144.500	      0.233589	      0.236464	
145.000	      0.233589	      0.236464	
145.500	      0.233676	      0.236459	
146.000	      0.233761	      0.236453	
146.500	      0.233761	      0.236453	
147.000	      0.233843	      0.236446	
147.500	      0.233921	       0.23644	
148.000	      0.233921	       0.23644	
148.500	      0.233998	      0.236433	
149.000	      0.234071	      0.236426	
149.500	      0.234143	      0.236419	
150.000	      0.234143	      0.236419	
150.500	      0.234212	      0.236412	
151.000	      0.234278	      0.236405	
151.500	      0.234278	      0.236405	
152.000	      0.234343	      0.236397	
152.500	      0.234406	      0.236389	
153.000	      0.234466	      0.236381	
153.500	      0.234466	      0.236381	
154.000	      0.234525	      0.236373	
154.500	      0.234582	      0.236364	
155.000	      0.234582	      0.236364	
155.500	      0.234638	      0.236355	
156.000	      0.234691	      0.236346	
156.500	      0.234743	      0.236337	
157.000	      0.234743	      0.236337	
157.500	      0.234794	      0.236327	
158.000	      0.234843	      0.236318	
158.500	      0.234843	      0.236318	
159.000	      0.234891	      0.236307	
159.500	      0.234937	      0.236297	
160.000	      0.234982	      0.236287	
160.500	      0.234982	      0.236287	
161.000	      0.235026	      0.236276	
161.500	      0.235068	      0.236264	
162.000	      0.235068	      0.236264	
162.500	      0.235109	      0.236253	
163.000	       0.23515	      0.236241	
163.500	      0.235189	      0.236229	
164.000	      0.235189	      0.236229	
164.500	      0.235227	      0.236217	
165.000	      0.235264	      0.236204	
165.500	      0.235264	      0.236204	
166.000	        0.2353	      0.236191	
166.500	      0.235335	      0.236178	
167.000	      0.235369	      0.236164	
167.500	      0.235369	      0.236164	
168.000	      0.235402	      0.236151	
168.500	      0.235434	      0.236136	
169.000	      0.235434	      0.236136	
169.500	      0.235466	      0.236122	
170.000	      0.235497	      0.236107	
170.500	      0.235497	      0.236107	
171.000	      0.235527	      0.236091	
171.500	      0.235556	      0.236076	
172.000	      0.235584	      0.236059	
172.500	      0.235584	      0.236059	
173.000	      0.235612	      0.236043	
173.500	      0.235639	      0.236026	
174.000	      0.235639	      0.236026	
174.500	      0.235665	      0.236009	
175.000	      0.235691	      0.235991	
175.500	      0.235716	      0.235973	
176.000	      0.235716	      0.235973	
176.500	       0.23574	      0.235954	
177.000	      0.235764	      0.235935	
177.500	      0.235764	      0.235935	
178.000	      0.235787	      0.235915	
178.500	       0.23581	      0.235895	
179.000	      0.235832	      0.235875	
179.500	      0.235832	      0.235875	
180.000	      0.235854	      0.235854	
