
TracePro Release: 3 2 0 
Polar Candela Distribution Data for 
Data covers +/- 180.000 degrees from Normal
Data for Missed Rays
Data generated at 09:34:01 June 30, 2025

	   0.0	 180.0
0.000	     0.0290206	     0.0290206	
0.500	     0.0288918	      0.029144	
1.000	     0.0288918	      0.029144	
1.500	     0.0287574	     0.0292624	
2.000	      0.028617	      0.029376	
2.500	     0.0284702	     0.0294851	
3.000	     0.0284702	     0.0294851	
3.500	     0.0283168	     0.0295898	
4.000	     0.0281563	     0.0296904	
4.500	     0.0281563	     0.0296904	
5.000	     0.0279883	     0.0297871	
5.500	     0.0278122	     0.0298802	
6.000	     0.0276277	     0.0299697	
6.500	     0.0276277	     0.0299697	
7.000	     0.0274342	     0.0300559	
7.500	     0.0272311	     0.0301388	
8.000	     0.0272311	     0.0301388	
8.500	     0.0270177	     0.0302188	
9.000	     0.0267935	     0.0302958	
9.500	     0.0265576	     0.0303701	
10.000	     0.0265576	     0.0303701	
10.500	     0.0263093	     0.0304418	
11.000	     0.0260477	     0.0305109	
11.500	     0.0260477	     0.0305109	
12.000	     0.0257719	     0.0305777	
12.500	     0.0254808	     0.0306421	
13.000	     0.0254808	     0.0306421	
13.500	     0.0251734	     0.0307044	
14.000	     0.0248484	     0.0307645	
14.500	     0.0245046	     0.0308227	
15.000	     0.0245046	     0.0308227	
15.500	     0.0241404	     0.0308789	
16.000	     0.0237542	     0.0309333	
16.500	     0.0237542	     0.0309333	
17.000	     0.0233444	     0.0309859	
17.500	      0.022909	     0.0310368	
18.000	     0.0224459	     0.0310862	
18.500	     0.0224459	     0.0310862	
19.000	     0.0219527	     0.0311339	
19.500	     0.0214269	     0.0311802	
20.000	     0.0214269	     0.0311802	
20.500	     0.0208656	      0.031225	
21.000	     0.0202656	     0.0312685	
21.500	     0.0196233	     0.0313107	
22.000	     0.0196233	     0.0313107	
22.500	     0.0189349	     0.0313516	
23.000	     0.0181958	     0.0313912	
23.500	     0.0181958	     0.0313912	
24.000	     0.0174012	     0.0314297	
24.500	     0.0165454	     0.0314671	
25.000	     0.0156221	     0.0315034	
25.500	     0.0156221	     0.0315034	
26.000	     0.0146243	     0.0315386	
26.500	     0.0135438	     0.0315729	
27.000	     0.0135438	     0.0315729	
27.500	     0.0123715	     0.0316061	
28.000	     0.0110969	     0.0316385	
28.500	    0.00970798	     0.0316699	
29.000	    0.00970798	     0.0316699	
29.500	    0.00819094	     0.0317005	
30.000	    0.00652983	     0.0317303	
30.500	    0.00652983	     0.0317303	
31.000	    0.00470619	     0.0317592	
31.500	    0.00269847	     0.0317874	
32.000	   0.000481511	     0.0318148	
32.500	   0.000481511	     0.0318148	
33.000	    0.00197431	     0.0318415	
33.500	    0.00470401	     0.0318675	
34.000	    0.00470401	     0.0318675	
34.500	    0.00774922	     0.0318928	
35.000	     0.0111598	     0.0319175	
35.500	     0.0111598	     0.0319175	
36.000	     0.0149956	     0.0319415	
36.500	     0.0193296	      0.031965	
37.000	     0.0242507	     0.0319878	
37.500	     0.0242507	     0.0319878	
38.000	     0.0298686	     0.0320101	
38.500	     0.0363198	     0.0320318	
39.000	     0.0363198	     0.0320318	
39.500	     0.0437759	      0.032053	
40.000	     0.0524547	     0.0320737	
40.500	     0.0626365	     0.0320939	
41.000	     0.0626365	     0.0320939	
41.500	     0.0746864	     0.0321136	
42.000	     0.0890875	     0.0321328	
42.500	     0.0890875	     0.0321328	
43.000	      0.106489	     0.0321516	
43.500	      0.127782	       0.03217	
44.000	      0.154211	     0.0321879	
44.500	      0.154211	     0.0321879	
45.000	      0.187564	     0.0322054	
45.500	      0.230481	     0.0322226	
46.000	      0.230481	     0.0322226	
46.500	      0.286986	     0.0322393	
47.000	      0.363473	     0.0322557	
47.500	      0.470589	     0.0322717	
48.000	      0.470589	     0.0322717	
48.500	      0.627163	     0.0322873	
49.000	      0.869101	     0.0323026	
49.500	      0.869101	     0.0323026	
50.000	        1.2721	     0.0323176	
50.500	        2.0195	     0.0323323	
51.000	       3.65887	     0.0323466	
51.500	       3.65887	     0.0323466	
52.000	       8.53919	     0.0323607	
52.500	       44.3344	     0.0323744	
53.000	       44.3344	     0.0323744	
53.500	       453.037	     0.0323879	
54.000	       44.3338	     0.0324011	
54.500	       8.53805	      0.032414	
55.000	       8.53805	      0.032414	
55.500	       3.65715	     0.0324267	
56.000	       2.01719	     0.0324391	
56.500	       2.01719	     0.0324391	
57.000	       1.26919	     0.0324513	
57.500	      0.865597	     0.0324632	
58.000	      0.865597	     0.0324632	
58.500	      0.623041	     0.0324749	
59.000	      0.465834	     0.0324864	
59.500	      0.358065	     0.0324977	
60.000	      0.358065	     0.0324977	
60.500	      0.280905	     0.0325087	
61.000	      0.223701	     0.0325196	
61.500	      0.223701	     0.0325196	
62.000	      0.180058	     0.0325302	
62.500	      0.145946	     0.0325407	
63.000	      0.118723	     0.0325509	
63.500	      0.118723	     0.0325509	
64.000	     0.0965964	      0.032561	
64.500	     0.0783152	     0.0325709	
65.000	     0.0783152	     0.0325709	
65.500	      0.062984	     0.0325806	
66.000	      0.049947	     0.0325901	
66.500	     0.0387145	     0.0325995	
67.000	     0.0387145	     0.0325995	
67.500	     0.0289134	     0.0326088	
68.000	     0.0202547	     0.0326178	
68.500	     0.0202547	     0.0326178	
69.000	     0.0125103	     0.0326267	
69.500	    0.00549737	     0.0326355	
70.000	   0.000933989	     0.0326441	
70.500	   0.000933989	     0.0326441	
71.000	    0.00690877	     0.0326526	
71.500	     0.0125337	      0.032661	
72.000	     0.0125337	      0.032661	
72.500	     0.0179024	     0.0326692	
73.000	     0.0230992	     0.0326773	
73.500	     0.0282026	     0.0326853	
74.000	     0.0282026	     0.0326853	
74.500	     0.0332884	     0.0326931	
75.000	     0.0384324	     0.0327009	
75.500	     0.0384324	     0.0327009	
76.000	     0.0437133	     0.0327085	
76.500	     0.0492157	      0.032716	
77.000	     0.0550338	     0.0327234	
77.500	     0.0550338	     0.0327234	
78.000	     0.0612757	     0.0327307	
78.500	     0.0680685	     0.0327379	
79.000	     0.0680685	     0.0327379	
79.500	     0.0755659	      0.032745	
80.000	     0.0839575	      0.032752	
80.500	     0.0839575	      0.032752	
81.000	     0.0934821	     0.0327589	
81.500	      0.104446	     0.0327657	
82.000	      0.117251	     0.0327724	
82.500	      0.117251	     0.0327724	
83.000	      0.132433	      0.032779	
83.500	      0.150722	     0.0327856	
84.000	      0.150722	     0.0327856	
84.500	      0.173138	     0.0327921	
85.000	      0.201142	     0.0327985	
85.500	      0.236884	     0.0328048	
86.000	      0.236884	     0.0328048	
86.500	      0.283644	      0.032811	
87.000	      0.346628	     0.0328172	
87.500	      0.346628	     0.0328172	
88.000	      0.434502	     0.0328233	
88.500	      0.562589	     0.0328294	
89.000	      0.760106	     0.0328353	
89.500	      0.760106	     0.0328353	
90.000	       1.08864	     0.0328413	
90.500	       1.69737	     0.0328471	
91.000	       1.69737	     0.0328471	
91.500	        3.0318	     0.0328529	
92.000	        7.0031	     0.0328586	
92.500	       36.1271	     0.0328643	
93.000	       36.1271	     0.0328643	
93.500	        368.54	       0.03287	
94.000	       36.1278	     0.0328755	
94.500	       36.1278	     0.0328755	
95.000	       7.00451	     0.0328811	
95.500	       3.03392	     0.0328866	
96.000	       1.70021	      0.032892	
96.500	       1.70021	      0.032892	
97.000	        1.0922	     0.0328974	
97.500	      0.764414	     0.0329027	
98.000	      0.764414	     0.0329027	
98.500	      0.567656	     0.0329081	
99.000	      0.440347	     0.0329133	
99.500	      0.353274	     0.0329186	
100.000	      0.353274	     0.0329186	
100.500	      0.291119	     0.0329238	
101.000	      0.245217	      0.032929	
101.500	      0.245217	      0.032929	
102.000	      0.210368	     0.0329341	
102.500	      0.183296	     0.0329392	
103.000	      0.183296	     0.0329392	
103.500	      0.161856	     0.0329443	
104.000	      0.144592	     0.0329494	
104.500	      0.130491	     0.0329544	
105.000	      0.130491	     0.0329544	
105.500	      0.118829	     0.0329594	
106.000	      0.109079	     0.0329644	
106.500	      0.109079	     0.0329644	
107.000	      0.100845	     0.0329694	
107.500	     0.0938332	     0.0329743	
108.000	      0.087814	     0.0329792	
108.500	      0.087814	     0.0329792	
109.000	     0.0826105	     0.0329842	
109.500	     0.0780833	     0.0329891	
110.000	     0.0780833	     0.0329891	
110.500	     0.0741214	     0.0329939	
111.000	     0.0706357	     0.0329988	
111.500	     0.0675538	     0.0330037	
112.000	     0.0675538	     0.0330037	
112.500	     0.0648165	     0.0330086	
113.000	     0.0623752	     0.0330134	
113.500	     0.0623752	     0.0330134	
114.000	     0.0601893	     0.0330183	
114.500	      0.058225	     0.0330231	
115.000	     0.0564539	      0.033028	
115.500	     0.0564539	      0.033028	
116.000	     0.0548519	     0.0330328	
116.500	     0.0533987	     0.0330376	
117.000	     0.0533987	     0.0330376	
117.500	     0.0520766	     0.0330425	
118.000	     0.0508709	     0.0330474	
118.500	     0.0497684	     0.0330522	
119.000	     0.0497684	     0.0330522	
119.500	     0.0487581	     0.0330571	
120.000	     0.0478301	      0.033062	
120.500	     0.0478301	      0.033062	
121.000	     0.0469761	     0.0330669	
121.500	     0.0461885	     0.0330718	
122.000	     0.0454608	     0.0330767	
122.500	     0.0454608	     0.0330767	
123.000	     0.0447873	     0.0330816	
123.500	     0.0441629	     0.0330866	
124.000	     0.0441629	     0.0330866	
124.500	      0.043583	     0.0330915	
125.000	     0.0430437	     0.0330965	
125.500	     0.0430437	     0.0330965	
126.000	     0.0425413	     0.0331016	
126.500	     0.0420727	     0.0331066	
127.000	     0.0416351	     0.0331117	
127.500	     0.0416351	     0.0331117	
128.000	     0.0412257	     0.0331168	
128.500	     0.0408425	     0.0331219	
129.000	     0.0408425	     0.0331219	
129.500	     0.0404831	      0.033127	
130.000	     0.0401458	     0.0331322	
130.500	     0.0398289	     0.0331375	
131.000	     0.0398289	     0.0331375	
131.500	     0.0395307	     0.0331427	
132.000	       0.03925	      0.033148	
132.500	       0.03925	      0.033148	
133.000	     0.0389854	     0.0331534	
133.500	     0.0387358	     0.0331588	
134.000	        0.0385	     0.0331642	
134.500	        0.0385	     0.0331642	
135.000	     0.0382772	     0.0331697	
135.500	     0.0380664	     0.0331753	
136.000	     0.0380664	     0.0331753	
136.500	     0.0378669	     0.0331809	
137.000	     0.0376778	     0.0331865	
137.500	     0.0374985	     0.0331922	
138.000	     0.0374985	     0.0331922	
138.500	     0.0373283	      0.033198	
139.000	     0.0371667	     0.0332038	
139.500	     0.0371667	     0.0332038	
140.000	     0.0370131	     0.0332097	
140.500	      0.036867	     0.0332157	
141.000	     0.0367279	     0.0332217	
141.500	     0.0367279	     0.0332217	
142.000	     0.0365955	     0.0332278	
142.500	     0.0364694	      0.033234	
143.000	     0.0364694	      0.033234	
143.500	     0.0363491	     0.0332403	
144.000	     0.0362343	     0.0332466	
144.500	     0.0361247	     0.0332531	
145.000	     0.0361247	     0.0332531	
145.500	       0.03602	     0.0332596	
146.000	       0.03592	     0.0332662	
146.500	       0.03592	     0.0332662	
147.000	     0.0358243	     0.0332729	
147.500	     0.0357328	     0.0332797	
148.000	     0.0357328	     0.0332797	
148.500	     0.0356451	     0.0332866	
149.000	     0.0355612	     0.0332937	
149.500	     0.0354808	     0.0333008	
150.000	     0.0354808	     0.0333008	
150.500	     0.0354037	      0.033308	
151.000	     0.0353297	     0.0333154	
151.500	     0.0353297	     0.0333154	
152.000	     0.0352588	     0.0333229	
152.500	     0.0351906	     0.0333305	
153.000	     0.0351252	     0.0333382	
153.500	     0.0351252	     0.0333382	
154.000	     0.0350623	     0.0333461	
154.500	     0.0350018	     0.0333541	
155.000	     0.0350018	     0.0333541	
155.500	     0.0349437	     0.0333622	
156.000	     0.0348877	     0.0333705	
156.500	     0.0348339	      0.033379	
157.000	     0.0348339	      0.033379	
157.500	      0.034782	     0.0333876	
158.000	     0.0347321	     0.0333963	
158.500	     0.0347321	     0.0333963	
159.000	      0.034684	     0.0334053	
159.500	     0.0346376	     0.0334144	
160.000	     0.0345928	     0.0334237	
160.500	     0.0345928	     0.0334237	
161.000	     0.0345497	     0.0334332	
161.500	      0.034508	     0.0334429	
162.000	      0.034508	     0.0334429	
162.500	     0.0344678	     0.0334528	
163.000	      0.034429	     0.0334628	
163.500	     0.0343914	     0.0334732	
164.000	     0.0343914	     0.0334732	
164.500	     0.0343552	     0.0334837	
165.000	     0.0343201	     0.0334944	
165.500	     0.0343201	     0.0334944	
166.000	     0.0342862	     0.0335054	
166.500	     0.0342534	     0.0335167	
167.000	     0.0342217	     0.0335282	
167.500	     0.0342217	     0.0335282	
168.000	      0.034191	     0.0335399	
168.500	     0.0341613	     0.0335519	
169.000	     0.0341613	     0.0335519	
169.500	     0.0341325	     0.0335643	
170.000	     0.0341045	     0.0335769	
170.500	     0.0341045	     0.0335769	
171.000	     0.0340775	     0.0335898	
171.500	     0.0340513	      0.033603	
172.000	     0.0340258	     0.0336165	
172.500	     0.0340258	     0.0336165	
173.000	     0.0340012	     0.0336304	
173.500	     0.0339772	     0.0336446	
174.000	     0.0339772	     0.0336446	
174.500	      0.033954	     0.0336592	
175.000	     0.0339315	     0.0336742	
175.500	     0.0339096	     0.0336895	
176.000	     0.0339096	     0.0336895	
176.500	     0.0338883	     0.0337052	
177.000	     0.0338676	     0.0337214	
177.500	     0.0338676	     0.0337214	
178.000	     0.0338475	      0.033738	
178.500	      0.033828	      0.033755	
179.000	      0.033809	     0.0337725	
179.500	      0.033809	     0.0337725	
180.000	     0.0337905	     0.0337905	
