
TracePro Release: 3 2 0 
Polar Candela Distribution Data for 
Data covers +/- 180.000 degrees from Normal
Data for Missed Rays
Data generated at 09:34:02 June 30, 2025

	   0.0	 180.0
0.000	      0.234099	      0.234099	
0.500	      0.233131	      0.235008	
1.000	      0.233131	      0.235008	
1.500	      0.232099	      0.235864	
2.000	      0.230998	      0.236669	
2.500	       0.22982	      0.237428	
3.000	       0.22982	      0.237428	
3.500	      0.228559	      0.238144	
4.000	      0.227207	      0.238821	
4.500	      0.227207	      0.238821	
5.000	      0.225755	      0.239462	
5.500	      0.224192	      0.240068	
6.000	      0.222508	      0.240643	
6.500	      0.222508	      0.240643	
7.000	      0.220688	      0.241188	
7.500	      0.218719	      0.241705	
8.000	      0.218719	      0.241705	
8.500	      0.216583	      0.242197	
9.000	      0.214262	      0.242665	
9.500	      0.211732	       0.24311	
10.000	      0.211732	       0.24311	
10.500	      0.208969	      0.243534	
11.000	      0.205943	      0.243938	
11.500	      0.205943	      0.243938	
12.000	      0.202618	      0.244324	
12.500	      0.198956	      0.244692	
13.000	      0.198956	      0.244692	
13.500	      0.194908	      0.245044	
14.000	      0.190418	      0.245381	
14.500	      0.185419	      0.245703	
15.000	      0.185419	      0.245703	
15.500	      0.179833	      0.246011	
16.000	      0.173562	      0.246306	
16.500	      0.173562	      0.246306	
17.000	       0.16649	      0.246589	
17.500	      0.158476	       0.24686	
18.000	      0.149343	       0.24712	
18.500	      0.149343	       0.24712	
19.000	      0.138873	       0.24737	
19.500	      0.126793	       0.24761	
20.000	      0.126793	       0.24761	
20.500	      0.112754	      0.247841	
21.000	     0.0963082	      0.248063	
21.500	     0.0768725	      0.248276	
22.000	     0.0768725	      0.248276	
22.500	     0.0536755	      0.248482	
23.000	       0.02568	      0.248679	
23.500	       0.02568	      0.248679	
24.000	    0.00853525	       0.24887	
24.500	     0.0509598	      0.249054	
25.000	      0.104447	      0.249231	
25.500	      0.104447	      0.249231	
26.000	       0.17321	      0.249402	
26.500	      0.263676	      0.249567	
27.000	      0.263676	      0.249567	
27.500	      0.386048	      0.249726	
28.000	      0.557324	       0.24988	
28.500	      0.807558	      0.250028	
29.000	      0.807558	      0.250028	
29.500	       1.19407	      0.250172	
30.000	       1.83766	      0.250311	
30.500	       1.83766	      0.250311	
31.000	       3.03103	      0.250445	
31.500	       5.64816	      0.250575	
32.000	       13.4385	      0.250701	
32.500	       13.4385	      0.250701	
33.000	       70.5751	      0.250823	
33.500	       723.326	      0.250941	
34.000	       723.326	      0.250941	
34.500	       70.5751	      0.251055	
35.000	       13.4385	      0.251166	
35.500	       13.4385	      0.251166	
36.000	       5.64814	      0.251273	
36.500	       3.03101	      0.251377	
37.000	       1.83763	      0.251479	
37.500	       1.83763	      0.251479	
38.000	       1.19403	      0.251577	
38.500	      0.807514	      0.251672	
39.000	      0.807514	      0.251672	
39.500	      0.557274	      0.251764	
40.000	      0.385992	      0.251854	
40.500	      0.263613	      0.251941	
41.000	      0.263613	      0.251941	
41.500	      0.173142	      0.252026	
42.000	      0.104372	      0.252108	
42.500	      0.104372	      0.252108	
43.000	     0.0508781	      0.252188	
43.500	    0.00844706	      0.252266	
44.000	     0.0257748	      0.252342	
44.500	     0.0257748	      0.252342	
45.000	     0.0537769	      0.252416	
45.500	     0.0769806	      0.252487	
46.000	     0.0769806	      0.252487	
46.500	      0.096423	      0.252557	
47.000	      0.112876	      0.252625	
47.500	      0.126922	      0.252691	
48.000	      0.126922	      0.252691	
48.500	      0.139009	      0.252755	
49.000	      0.149486	      0.252818	
49.500	      0.149486	      0.252818	
50.000	      0.158626	      0.252879	
50.500	      0.166647	      0.252939	
51.000	      0.173726	      0.252997	
51.500	      0.173726	      0.252997	
52.000	      0.180005	      0.253054	
52.500	      0.185599	      0.253109	
53.000	      0.185599	      0.253109	
53.500	      0.190605	      0.253163	
54.000	      0.195103	      0.253215	
54.500	      0.199159	      0.253267	
55.000	      0.199159	      0.253267	
55.500	      0.202829	      0.253317	
56.000	      0.206162	      0.253365	
56.500	      0.206162	      0.253365	
57.000	      0.209197	      0.253413	
57.500	      0.211969	       0.25346	
58.000	      0.211969	       0.25346	
58.500	      0.214507	      0.253505	
59.000	      0.216837	      0.253549	
59.500	      0.218982	      0.253593	
60.000	      0.218982	      0.253593	
60.500	       0.22096	      0.253635	
61.000	      0.222789	      0.253677	
61.500	      0.222789	      0.253677	
62.000	      0.224484	      0.253717	
62.500	      0.226056	      0.253756	
63.000	      0.227519	      0.253795	
63.500	      0.227519	      0.253795	
64.000	      0.228881	      0.253833	
64.500	      0.230153	       0.25387	
65.000	      0.230153	       0.25387	
65.500	      0.231341	      0.253906	
66.000	      0.232454	      0.253941	
66.500	      0.233497	      0.253976	
67.000	      0.233497	      0.253976	
67.500	      0.234477	       0.25401	
68.000	      0.235398	      0.254043	
68.500	      0.235398	      0.254043	
69.000	      0.236266	      0.254075	
69.500	      0.237084	      0.254107	
70.000	      0.237856	      0.254138	
70.500	      0.237856	      0.254138	
71.000	      0.238586	      0.254168	
71.500	      0.239277	      0.254198	
72.000	      0.239277	      0.254198	
72.500	      0.239931	      0.254227	
73.000	      0.240552	      0.254256	
73.500	      0.241142	      0.254283	
74.000	      0.241142	      0.254283	
74.500	      0.241703	      0.254311	
75.000	      0.242236	      0.254338	
75.500	      0.242236	      0.254338	
76.000	      0.242745	      0.254364	
76.500	       0.24323	       0.25439	
77.000	      0.243693	      0.254415	
77.500	      0.243693	      0.254415	
78.000	      0.244135	       0.25444	
78.500	      0.244559	      0.254464	
79.000	      0.244559	      0.254464	
79.500	      0.244964	      0.254487	
80.000	      0.245353	      0.254511	
80.500	      0.245353	      0.254511	
81.000	      0.245726	      0.254534	
81.500	      0.246085	      0.254556	
82.000	      0.246429	      0.254578	
82.500	      0.246429	      0.254578	
83.000	      0.246761	      0.254599	
83.500	      0.247081	       0.25462	
84.000	      0.247081	       0.25462	
84.500	      0.247389	      0.254641	
85.000	      0.247687	      0.254661	
85.500	      0.247975	      0.254681	
86.000	      0.247975	      0.254681	
86.500	      0.248254	      0.254701	
87.000	      0.248524	       0.25472	
87.500	      0.248524	       0.25472	
88.000	      0.248786	      0.254739	
88.500	      0.249041	      0.254757	
89.000	      0.249289	      0.254776	
89.500	      0.249289	      0.254776	
90.000	       0.24953	      0.254793	
90.500	      0.249765	      0.254811	
91.000	      0.249765	      0.254811	
91.500	      0.249995	      0.254828	
92.000	       0.25022	      0.254845	
92.500	       0.25044	      0.254861	
93.000	       0.25044	      0.254861	
93.500	      0.250656	      0.254878	
94.000	      0.250869	      0.254894	
94.500	      0.250869	      0.254894	
95.000	      0.251078	      0.254909	
95.500	      0.251285	      0.254925	
96.000	      0.251489	       0.25494	
96.500	      0.251489	       0.25494	
97.000	      0.251691	      0.254955	
97.500	      0.251891	      0.254969	
98.000	      0.251891	      0.254969	
98.500	      0.252091	      0.254983	
99.000	       0.25229	      0.254998	
99.500	      0.252489	      0.255011	
100.000	      0.252489	      0.255011	
100.500	      0.252688	      0.255025	
101.000	      0.252889	      0.255038	
101.500	      0.252889	      0.255038	
102.000	       0.25309	      0.255052	
102.500	      0.253294	      0.255064	
103.000	      0.253294	      0.255064	
103.500	      0.253501	      0.255077	
104.000	      0.253711	       0.25509	
104.500	      0.253925	      0.255102	
105.000	      0.253925	      0.255102	
105.500	      0.254144	      0.255114	
106.000	      0.254369	      0.255126	
106.500	      0.254369	      0.255126	
107.000	      0.254601	      0.255138	
107.500	      0.254841	      0.255149	
108.000	       0.25509	       0.25516	
108.500	       0.25509	       0.25516	
109.000	      0.255349	      0.255172	
109.500	       0.25562	      0.255183	
110.000	       0.25562	      0.255183	
110.500	      0.255905	      0.255193	
111.000	      0.256206	      0.255204	
111.500	      0.256524	      0.255214	
112.000	      0.256524	      0.255214	
112.500	      0.256863	      0.255225	
113.000	      0.257225	      0.255235	
113.500	      0.257225	      0.255235	
114.000	      0.257613	      0.255245	
114.500	      0.258032	      0.255255	
115.000	      0.258486	      0.255264	
115.500	      0.258486	      0.255264	
116.000	      0.258981	      0.255274	
116.500	      0.259523	      0.255283	
117.000	      0.259523	      0.255283	
117.500	       0.26012	      0.255293	
118.000	      0.260781	      0.255302	
118.500	      0.261516	      0.255311	
119.000	      0.261516	      0.255311	
119.500	      0.262341	       0.25532	
120.000	      0.263272	      0.255328	
120.500	      0.263272	      0.255328	
121.000	      0.264329	      0.255337	
121.500	      0.265539	      0.255346	
122.000	      0.266936	      0.255354	
122.500	      0.266936	      0.255354	
123.000	      0.268563	      0.255363	
123.500	      0.270474	      0.255371	
124.000	      0.270474	      0.255371	
124.500	      0.272745	      0.255379	
125.000	      0.275475	      0.255387	
125.500	      0.275475	      0.255387	
126.000	        0.2788	      0.255395	
126.500	       0.28291	      0.255403	
127.000	       0.28808	      0.255411	
127.500	       0.28808	      0.255411	
128.000	      0.294713	      0.255418	
128.500	      0.303425	      0.255426	
129.000	      0.303425	      0.255426	
129.500	      0.315194	      0.255433	
130.000	      0.331649	      0.255441	
130.500	      0.355671	      0.255448	
131.000	      0.355671	      0.255448	
131.500	      0.392754	      0.255456	
132.000	      0.454476	      0.255463	
132.500	      0.454476	      0.255463	
133.000	      0.568891	       0.25547	
133.500	      0.819765	      0.255478	
134.000	       1.56647	      0.255485	
134.500	       1.56647	      0.255485	
135.000	       7.04276	      0.255492	
135.500	       69.0487	      0.255499	
136.000	       69.0487	      0.255499	
136.500	       7.04282	      0.255506	
137.000	       1.56659	      0.255513	
137.500	      0.819958	       0.25552	
138.000	      0.819958	       0.25552	
138.500	      0.569149	      0.255527	
139.000	      0.454799	      0.255534	
139.500	      0.454799	      0.255534	
140.000	      0.393142	      0.255541	
140.500	      0.356125	      0.255548	
141.000	      0.332168	      0.255555	
141.500	      0.332168	      0.255555	
142.000	      0.315778	      0.255562	
142.500	      0.304076	      0.255569	
143.000	      0.304076	      0.255569	
143.500	       0.29543	      0.255576	
144.000	      0.288864	      0.255583	
144.500	      0.283762	       0.25559	
145.000	      0.283762	       0.25559	
145.500	       0.27972	      0.255597	
146.000	      0.276463	      0.255604	
146.500	      0.276463	      0.255604	
147.000	      0.273803	      0.255611	
147.500	      0.271602	      0.255618	
148.000	      0.271602	      0.255618	
148.500	      0.269761	      0.255626	
149.000	      0.268206	      0.255633	
149.500	      0.266881	      0.255641	
150.000	      0.266881	      0.255641	
150.500	      0.265744	      0.255648	
151.000	       0.26476	      0.255656	
151.500	       0.26476	      0.255656	
152.000	      0.263905	      0.255664	
152.500	      0.263156	      0.255671	
153.000	      0.262497	      0.255679	
153.500	      0.262497	      0.255679	
154.000	      0.261914	      0.255688	
154.500	      0.261396	      0.255696	
155.000	      0.261396	      0.255696	
155.500	      0.260935	      0.255704	
156.000	      0.260522	      0.255713	
156.500	      0.260151	      0.255722	
157.000	      0.260151	      0.255722	
157.500	      0.259816	      0.255731	
158.000	      0.259514	       0.25574	
158.500	      0.259514	       0.25574	
159.000	       0.25924	       0.25575	
159.500	       0.25899	      0.255759	
160.000	      0.258763	      0.255769	
160.500	      0.258763	      0.255769	
161.000	      0.258555	      0.255779	
161.500	      0.258365	       0.25579	
162.000	      0.258365	       0.25579	
162.500	      0.258191	      0.255801	
163.000	       0.25803	      0.255812	
163.500	      0.257882	      0.255824	
164.000	      0.257882	      0.255824	
164.500	      0.257746	      0.255836	
165.000	       0.25762	      0.255848	
165.500	       0.25762	      0.255848	
166.000	      0.257503	      0.255861	
166.500	      0.257394	      0.255874	
167.000	      0.257294	      0.255888	
167.500	      0.257294	      0.255888	
168.000	        0.2572	      0.255902	
168.500	      0.257113	      0.255917	
169.000	      0.257113	      0.255917	
169.500	      0.257032	      0.255932	
170.000	      0.256956	      0.255949	
170.500	      0.256956	      0.255949	
171.000	      0.256884	      0.255965	
171.500	      0.256818	      0.255983	
172.000	      0.256756	      0.256001	
172.500	      0.256756	      0.256001	
173.000	      0.256697	       0.25602	
173.500	      0.256642	       0.25604	
174.000	      0.256642	       0.25604	
174.500	       0.25659	      0.256061	
175.000	      0.256542	      0.256083	
175.500	      0.256496	      0.256106	
176.000	      0.256496	      0.256106	
176.500	      0.256453	       0.25613	
177.000	      0.256412	      0.256155	
177.500	      0.256412	      0.256155	
178.000	      0.256374	      0.256182	
178.500	      0.256337	       0.25621	
179.000	      0.256303	      0.256239	
179.500	      0.256303	      0.256239	
180.000	       0.25627	       0.25627	
