
TracePro Release: 3 2 0 
Polar Candela Distribution Data for 
Data covers +/- 180.000 degrees from Normal
Data for Missed Rays
Data generated at 09:43:20 June 30, 2025

	   0.0	 180.0
0.000	     0.0503842	     0.0503842	
0.500	     0.0446018	     0.0403467	
1.000	     0.0446018	     0.0403467	
1.500	     0.0285481	    0.00794453	
2.000	     0.0033435	      0.309212	
2.500	     0.0319138	       3.04068	
3.000	     0.0319138	       3.04068	
3.500	      0.079716	       1.75086	
4.000	      0.144483	       16.3182	
4.500	      0.144483	       16.3182	
5.000	      0.233597	       1.45511	
5.500	      0.359589	      0.160014	
6.000	      0.544777	     0.0199279	
6.500	      0.544777	     0.0199279	
7.000	      0.831845	     0.0793211	
7.500	       1.31086	      0.103081	
8.000	       1.31086	      0.103081	
8.500	       2.20011	      0.110503	
9.000	       4.15148	       0.10695	
9.500	       9.96176	     0.0926603	
10.000	       9.96176	     0.0926603	
10.500	       52.5804	     0.0639854	
11.000	       539.606	     0.0109099	
11.500	       539.606	     0.0109099	
12.000	       52.5794	     0.0935539	
12.500	       9.95966	      0.345733	
13.000	       9.95966	      0.345733	
13.500	       4.14828	        1.6474	
14.000	       2.19575	       12.5318	
14.500	       1.30526	       9.28731	
15.000	       1.30526	       9.28731	
15.500	      0.824886	       69.8566	
16.000	      0.536302	       6.69147	
16.500	      0.536302	       6.69147	
17.000	      0.349389	       1.14425	
17.500	      0.221393	      0.374665	
18.000	      0.129893	      0.112066	
18.500	      0.129893	      0.112066	
19.000	     0.0622084	    0.00904294	
19.500	     0.0107264	     0.0746199	
20.000	     0.0107264	     0.0746199	
20.500	     0.0293485	      0.113642	
21.000	     0.0611594	      0.138058	
21.500	     0.0868361	      0.153406	
22.000	     0.0868361	      0.153406	
22.500	      0.107864	      0.162331	
23.000	      0.125303	      0.165862	
23.500	      0.125303	      0.165862	
24.000	      0.139929	      0.163747	
24.500	      0.152316	      0.154043	
25.000	      0.162902	      0.131234	
25.500	      0.162902	      0.131234	
26.000	      0.172021	     0.0790681	
26.500	      0.179931	     0.0677364	
27.000	      0.179931	     0.0677364	
27.500	       0.18684	       1.01755	
28.000	      0.192909	       11.1432	
28.500	       0.19827	       2.60344	
29.000	       0.19827	       2.60344	
29.500	      0.203029	       17.7391	
30.000	      0.207274	       1.58976	
30.500	      0.207274	       1.58976	
31.000	      0.211077	      0.147553	
31.500	      0.214496	      0.063281	
32.000	      0.217583	       0.13867	
32.500	      0.217583	       0.13867	
33.000	      0.220379	      0.175055	
33.500	       0.22292	      0.195745	
34.000	       0.22292	      0.195745	
34.500	      0.225236	      0.208816	
35.000	      0.227353	      0.217709	
35.500	      0.227353	      0.217709	
36.000	      0.229293	      0.224101	
36.500	      0.231076	      0.228895	
37.000	      0.232718	      0.232616	
37.500	      0.232718	      0.232616	
38.000	      0.234234	      0.235583	
38.500	      0.235636	      0.238005	
39.000	      0.235636	      0.238005	
39.500	      0.236936	      0.240019	
40.000	      0.238143	      0.241722	
40.500	      0.239266	      0.243182	
41.000	      0.239266	      0.243182	
41.500	      0.240313	      0.244448	
42.000	       0.24129	      0.245559	
42.500	       0.24129	      0.245559	
43.000	      0.242204	      0.246541	
43.500	       0.24306	      0.247416	
44.000	      0.243863	      0.248203	
44.500	      0.243863	      0.248203	
45.000	      0.244617	      0.248913	
45.500	      0.245325	      0.249559	
46.000	      0.245325	      0.249559	
46.500	      0.245993	      0.250148	
47.000	      0.246622	      0.250689	
47.500	      0.247216	      0.251187	
48.000	      0.247216	      0.251187	
48.500	      0.247777	      0.251648	
49.000	      0.248307	      0.252075	
49.500	      0.248307	      0.252075	
50.000	       0.24881	      0.252473	
50.500	      0.249286	      0.252844	
51.000	      0.249738	      0.253191	
51.500	      0.249738	      0.253191	
52.000	      0.250167	      0.253516	
52.500	      0.250575	      0.253822	
53.000	      0.250575	      0.253822	
53.500	      0.250963	       0.25411	
54.000	      0.251332	      0.254382	
54.500	      0.251684	      0.254639	
55.000	      0.251684	      0.254639	
55.500	      0.252019	      0.254882	
56.000	       0.25234	      0.255112	
56.500	       0.25234	      0.255112	
57.000	      0.252645	      0.255331	
57.500	      0.252938	      0.255539	
58.000	      0.252938	      0.255539	
58.500	      0.253217	      0.255737	
59.000	      0.253485	      0.255926	
59.500	      0.253741	      0.256106	
60.000	      0.253741	      0.256106	
60.500	      0.253986	      0.256278	
61.000	      0.254221	      0.256443	
61.500	      0.254221	      0.256443	
62.000	      0.254447	        0.2566	
62.500	      0.254663	      0.256751	
63.000	      0.254872	      0.256896	
63.500	      0.254872	      0.256896	
64.000	      0.255071	      0.257034	
64.500	      0.255264	      0.257167	
65.000	      0.255264	      0.257167	
65.500	      0.255448	      0.257295	
66.000	      0.255626	      0.257418	
66.500	      0.255798	      0.257537	
67.000	      0.255798	      0.257537	
67.500	      0.255962	      0.257651	
68.000	      0.256121	      0.257761	
68.500	      0.256121	      0.257761	
69.000	      0.256275	      0.257867	
69.500	      0.256423	      0.257969	
70.000	      0.256565	      0.258067	
70.500	      0.256565	      0.258067	
71.000	      0.256703	      0.258162	
71.500	      0.256836	      0.258254	
72.000	      0.256836	      0.258254	
72.500	      0.256965	      0.258343	
73.000	      0.257089	      0.258429	
73.500	      0.257209	      0.258512	
74.000	      0.257209	      0.258512	
74.500	      0.257325	      0.258593	
75.000	      0.257437	      0.258671	
75.500	      0.257437	      0.258671	
76.000	      0.257546	      0.258746	
76.500	      0.257651	      0.258819	
77.000	      0.257753	       0.25889	
77.500	      0.257753	       0.25889	
78.000	      0.257852	      0.258959	
78.500	      0.257948	      0.259026	
79.000	      0.257948	      0.259026	
79.500	      0.258041	       0.25909	
80.000	      0.258131	      0.259153	
80.500	      0.258131	      0.259153	
81.000	      0.258218	      0.259214	
81.500	      0.258303	      0.259273	
82.000	      0.258385	      0.259331	
82.500	      0.258385	      0.259331	
83.000	      0.258465	      0.259387	
83.500	      0.258542	      0.259441	
84.000	      0.258542	      0.259441	
84.500	      0.258618	      0.259494	
85.000	      0.258691	      0.259545	
85.500	      0.258762	      0.259595	
86.000	      0.258762	      0.259595	
86.500	      0.258831	      0.259644	
87.000	      0.258898	      0.259692	
87.500	      0.258898	      0.259692	
88.000	      0.258964	      0.259738	
88.500	      0.259027	      0.259783	
89.000	      0.259089	      0.259826	
89.500	      0.259089	      0.259826	
90.000	      0.259149	      0.259869	
90.500	      0.259208	       0.25991	
91.000	      0.259208	       0.25991	
91.500	      0.259265	      0.259951	
92.000	       0.25932	       0.25999	
92.500	      0.259374	      0.260029	
93.000	      0.259374	      0.260029	
93.500	      0.259427	      0.260066	
94.000	      0.259478	      0.260103	
94.500	      0.259478	      0.260103	
95.000	      0.259528	      0.260139	
95.500	      0.259577	      0.260173	
96.000	      0.259625	      0.260207	
96.500	      0.259625	      0.260207	
97.000	      0.259671	       0.26024	
97.500	      0.259716	      0.260273	
98.000	      0.259716	      0.260273	
98.500	       0.25976	      0.260304	
99.000	      0.259803	      0.260335	
99.500	      0.259845	      0.260365	
100.000	      0.259845	      0.260365	
100.500	      0.259886	      0.260395	
101.000	      0.259926	      0.260423	
101.500	      0.259926	      0.260423	
102.000	      0.259965	      0.260451	
102.500	      0.260003	      0.260479	
103.000	      0.260003	      0.260479	
103.500	       0.26004	      0.260506	
104.000	      0.260077	      0.260532	
104.500	      0.260112	      0.260557	
105.000	      0.260112	      0.260557	
105.500	      0.260147	      0.260582	
106.000	       0.26018	      0.260607	
106.500	       0.26018	      0.260607	
107.000	      0.260213	       0.26063	
107.500	      0.260246	      0.260654	
108.000	      0.260277	      0.260676	
108.500	      0.260277	      0.260676	
109.000	      0.260308	      0.260699	
109.500	      0.260338	      0.260721	
110.000	      0.260338	      0.260721	
110.500	      0.260367	      0.260742	
111.000	      0.260396	      0.260763	
111.500	      0.260424	      0.260783	
112.000	      0.260424	      0.260783	
112.500	      0.260452	      0.260803	
113.000	      0.260479	      0.260822	
113.500	      0.260479	      0.260822	
114.000	      0.260505	      0.260841	
114.500	       0.26053	       0.26086	
115.000	      0.260556	      0.260878	
115.500	      0.260556	      0.260878	
116.000	       0.26058	      0.260896	
116.500	      0.260604	      0.260913	
117.000	      0.260604	      0.260913	
117.500	      0.260628	       0.26093	
118.000	      0.260651	      0.260947	
118.500	      0.260673	      0.260963	
119.000	      0.260673	      0.260963	
119.500	      0.260695	      0.260979	
120.000	      0.260717	      0.260995	
120.500	      0.260717	      0.260995	
121.000	      0.260738	       0.26101	
121.500	      0.260758	      0.261025	
122.000	      0.260779	       0.26104	
122.500	      0.260779	       0.26104	
123.000	      0.260798	      0.261054	
123.500	      0.260818	      0.261068	
124.000	      0.260818	      0.261068	
124.500	      0.260836	      0.261082	
125.000	      0.260855	      0.261095	
125.500	      0.260855	      0.261095	
126.000	      0.260873	      0.261108	
126.500	      0.260891	      0.261121	
127.000	      0.260908	      0.261133	
127.500	      0.260908	      0.261133	
128.000	      0.260925	      0.261145	
128.500	      0.260942	      0.261157	
129.000	      0.260942	      0.261157	
129.500	      0.260958	      0.261169	
130.000	      0.260974	       0.26118	
130.500	      0.260989	      0.261191	
131.000	      0.260989	      0.261191	
131.500	      0.261004	      0.261202	
132.000	      0.261019	      0.261213	
132.500	      0.261019	      0.261213	
133.000	      0.261034	      0.261223	
133.500	      0.261048	      0.261233	
134.000	      0.261062	      0.261243	
134.500	      0.261062	      0.261243	
135.000	      0.261076	      0.261253	
135.500	      0.261089	      0.261262	
136.000	      0.261089	      0.261262	
136.500	      0.261102	      0.261271	
137.000	      0.261115	       0.26128	
137.500	      0.261127	      0.261289	
138.000	      0.261127	      0.261289	
138.500	       0.26114	      0.261298	
139.000	      0.261151	      0.261306	
139.500	      0.261151	      0.261306	
140.000	      0.261163	      0.261314	
140.500	      0.261175	      0.261322	
141.000	      0.261186	       0.26133	
141.500	      0.261186	       0.26133	
142.000	      0.261197	      0.261337	
142.500	      0.261207	      0.261344	
143.000	      0.261207	      0.261344	
143.500	      0.261218	      0.261352	
144.000	      0.261228	      0.261358	
144.500	      0.261238	      0.261365	
145.000	      0.261238	      0.261365	
145.500	      0.261248	      0.261372	
146.000	      0.261257	      0.261378	
146.500	      0.261257	      0.261378	
147.000	      0.261266	      0.261384	
147.500	      0.261275	       0.26139	
148.000	      0.261275	       0.26139	
148.500	      0.261284	      0.261396	
149.000	      0.261293	      0.261402	
149.500	      0.261301	      0.261407	
150.000	      0.261301	      0.261407	
150.500	      0.261309	      0.261412	
151.000	      0.261317	      0.261417	
151.500	      0.261317	      0.261417	
152.000	      0.261325	      0.261422	
152.500	      0.261333	      0.261427	
153.000	       0.26134	      0.261432	
153.500	       0.26134	      0.261432	
154.000	      0.261347	      0.261436	
154.500	      0.261354	       0.26144	
155.000	      0.261354	       0.26144	
155.500	      0.261361	      0.261444	
156.000	      0.261368	      0.261448	
156.500	      0.261374	      0.261452	
157.000	      0.261374	      0.261452	
157.500	       0.26138	      0.261456	
158.000	      0.261386	      0.261459	
158.500	      0.261386	      0.261459	
159.000	      0.261392	      0.261463	
159.500	      0.261398	      0.261466	
160.000	      0.261403	      0.261469	
160.500	      0.261403	      0.261469	
161.000	      0.261409	      0.261472	
161.500	      0.261414	      0.261474	
162.000	      0.261414	      0.261474	
162.500	      0.261419	      0.261477	
163.000	      0.261424	      0.261479	
163.500	      0.261429	      0.261482	
164.000	      0.261429	      0.261482	
164.500	      0.261433	      0.261484	
165.000	      0.261437	      0.261486	
165.500	      0.261437	      0.261486	
166.000	      0.261442	      0.261487	
166.500	      0.261446	      0.261489	
167.000	       0.26145	      0.261491	
167.500	       0.26145	      0.261491	
168.000	      0.261453	      0.261492	
168.500	      0.261457	      0.261493	
169.000	      0.261457	      0.261493	
169.500	       0.26146	      0.261494	
170.000	      0.261464	      0.261495	
170.500	      0.261464	      0.261495	
171.000	      0.261467	      0.261496	
171.500	       0.26147	      0.261497	
172.000	      0.261472	      0.261497	
172.500	      0.261472	      0.261497	
173.000	      0.261475	      0.261498	
173.500	      0.261478	      0.261498	
174.000	      0.261478	      0.261498	
174.500	       0.26148	      0.261498	
175.000	      0.261482	      0.261498	
175.500	      0.261484	      0.261498	
176.000	      0.261484	      0.261498	
176.500	      0.261486	      0.261497	
177.000	      0.261488	      0.261497	
177.500	      0.261488	      0.261497	
178.000	       0.26149	      0.261496	
178.500	      0.261491	      0.261495	
179.000	      0.261492	      0.261495	
179.500	      0.261492	      0.261495	
180.000	      0.261494	      0.261494	
