
TracePro Release: 3 2 0 
Polar Candela Distribution Data for 
Data covers +/- 180.000 degrees from Normal
Data for Missed Rays
Data generated at 09:43:19 June 30, 2025

	   0.0	 180.0
0.000	      0.205271	      0.205271	
0.500	      0.204412	      0.206078	
1.000	      0.204412	      0.206078	
1.500	      0.203498	      0.206838	
2.000	      0.202524	      0.207555	
2.500	      0.201484	      0.208231	
3.000	      0.201484	      0.208231	
3.500	      0.200372	       0.20887	
4.000	      0.199181	      0.209474	
4.500	      0.199181	      0.209474	
5.000	      0.197904	      0.210046	
5.500	      0.196532	      0.210588	
6.000	      0.195056	      0.211102	
6.500	      0.195056	      0.211102	
7.000	      0.193464	      0.211591	
7.500	      0.191745	      0.212055	
8.000	      0.191745	      0.212055	
8.500	      0.189885	      0.212496	
9.000	      0.187867	      0.212916	
9.500	      0.185673	      0.213316	
10.000	      0.185673	      0.213316	
10.500	      0.183283	      0.213697	
11.000	      0.180671	      0.214061	
11.500	      0.180671	      0.214061	
12.000	      0.177811	      0.214408	
12.500	      0.174669	       0.21474	
13.000	      0.174669	       0.21474	
13.500	      0.171207	      0.215057	
14.000	      0.167381	       0.21536	
14.500	      0.163136	      0.215651	
15.000	      0.163136	      0.215651	
15.500	      0.158411	      0.215929	
16.000	      0.153129	      0.216195	
16.500	      0.153129	      0.216195	
17.000	      0.147201	      0.216451	
17.500	      0.140515	      0.216696	
18.000	      0.132937	      0.216932	
18.500	      0.132937	      0.216932	
19.000	      0.124302	      0.217158	
19.500	      0.114402	      0.217375	
20.000	      0.114402	      0.217375	
20.500	      0.102979	      0.217584	
21.000	     0.0897025	      0.217785	
21.500	     0.0741502	      0.217979	
22.000	     0.0741502	      0.217979	
22.500	       0.05577	      0.218165	
23.000	     0.0338322	      0.218344	
23.500	     0.0338322	      0.218344	
24.000	     0.0073557	      0.218517	
24.500	     0.0250037	      0.218684	
25.000	     0.0651279	      0.218845	
25.500	     0.0651279	      0.218845	
26.000	      0.115716	         0.219	
26.500	      0.180753	       0.21915	
27.000	      0.180753	       0.21915	
27.500	      0.266317	      0.219295	
28.000	       0.38206	      0.219435	
28.500	       0.54406	       0.21957	
29.000	       0.54406	       0.21957	
29.500	      0.780743	      0.219701	
30.000	       1.14632	      0.219827	
30.500	       1.14632	      0.219827	
31.000	       1.75508	       0.21995	
31.500	       2.88383	      0.220068	
32.000	       5.35928	      0.220183	
32.500	       5.35928	      0.220183	
33.000	       12.7279	      0.220294	
33.500	       66.7713	      0.220401	
34.000	       66.7713	      0.220401	
34.500	       684.151	      0.220506	
35.000	       66.7713	      0.220607	
35.500	       66.7713	      0.220607	
36.000	       12.7278	      0.220705	
36.500	       5.35923	        0.2208	
37.000	       2.88377	      0.220892	
37.500	       2.88377	      0.220892	
38.000	       1.75499	      0.220982	
38.500	       1.14622	      0.221068	
39.000	       1.14622	      0.221068	
39.500	      0.780627	      0.221153	
40.000	      0.543927	      0.221235	
40.500	       0.38191	      0.221315	
41.000	       0.38191	      0.221315	
41.500	       0.26615	      0.221392	
42.000	      0.180568	      0.221467	
42.500	      0.180568	      0.221467	
43.000	      0.115514	      0.221541	
43.500	     0.0649083	      0.221612	
44.000	     0.0247662	      0.221681	
44.500	     0.0247662	      0.221681	
45.000	     0.0076114	      0.221749	
45.500	     0.0341063	      0.221814	
46.000	     0.0341063	      0.221814	
46.500	     0.0560627	      0.221878	
47.000	     0.0744619	       0.22194	
47.500	     0.0900335	      0.222001	
48.000	     0.0900335	      0.222001	
48.500	      0.103329	       0.22206	
49.000	      0.114772	      0.222118	
49.500	      0.114772	      0.222118	
50.000	      0.124692	      0.222174	
50.500	      0.133349	      0.222228	
51.000	      0.140948	      0.222282	
51.500	      0.140948	      0.222282	
52.000	      0.147655	      0.222334	
52.500	      0.153606	      0.222384	
53.000	      0.153606	      0.222384	
53.500	       0.15891	      0.222434	
54.000	      0.163659	      0.222482	
54.500	      0.167927	      0.222529	
55.000	      0.167927	      0.222529	
55.500	      0.171778	      0.222575	
56.000	      0.175265	       0.22262	
56.500	      0.175265	       0.22262	
57.000	      0.178433	      0.222664	
57.500	       0.18132	      0.222707	
58.000	       0.18132	      0.222707	
58.500	      0.183959	      0.222748	
59.000	      0.186377	      0.222789	
59.500	        0.1886	      0.222829	
60.000	        0.1886	      0.222829	
60.500	      0.190649	      0.222868	
61.000	       0.19254	      0.222906	
61.500	       0.19254	      0.222906	
62.000	      0.194292	      0.222944	
62.500	      0.195916	       0.22298	
63.000	      0.197427	      0.223016	
63.500	      0.197427	      0.223016	
64.000	      0.198835	       0.22305	
64.500	       0.20015	      0.223084	
65.000	       0.20015	      0.223084	
65.500	      0.201379	      0.223118	
66.000	      0.202532	       0.22315	
66.500	      0.203614	      0.223182	
67.000	      0.203614	      0.223182	
67.500	      0.204633	      0.223214	
68.000	      0.205593	      0.223244	
68.500	      0.205593	      0.223244	
69.000	      0.206499	      0.223274	
69.500	      0.207357	      0.223303	
70.000	       0.20817	      0.223332	
70.500	       0.20817	      0.223332	
71.000	      0.208942	       0.22336	
71.500	      0.209676	      0.223388	
72.000	      0.209676	      0.223388	
72.500	      0.210376	      0.223415	
73.000	      0.211045	      0.223441	
73.500	      0.211685	      0.223467	
74.000	      0.211685	      0.223467	
74.500	      0.212299	      0.223492	
75.000	      0.212889	      0.223517	
75.500	      0.212889	      0.223517	
76.000	      0.213458	      0.223542	
76.500	      0.214007	      0.223566	
77.000	      0.214539	      0.223589	
77.500	      0.214539	      0.223589	
78.000	      0.215055	      0.223612	
78.500	      0.215558	      0.223635	
79.000	      0.215558	      0.223635	
79.500	       0.21605	      0.223657	
80.000	      0.216531	      0.223678	
80.500	      0.216531	      0.223678	
81.000	      0.217005	        0.2237	
81.500	      0.217472	      0.223721	
82.000	      0.217936	      0.223741	
82.500	      0.217936	      0.223741	
83.000	      0.218398	      0.223761	
83.500	       0.21886	      0.223781	
84.000	       0.21886	      0.223781	
84.500	      0.219324	        0.2238	
85.000	      0.219793	      0.223819	
85.500	       0.22027	      0.223838	
86.000	       0.22027	      0.223838	
86.500	      0.220759	      0.223856	
87.000	      0.221261	      0.223874	
87.500	      0.221261	      0.223874	
88.000	      0.221783	      0.223892	
88.500	      0.222327	      0.223909	
89.000	      0.222901	      0.223926	
89.500	      0.222901	      0.223926	
90.000	       0.22351	      0.223943	
90.500	      0.224162	      0.223959	
91.000	      0.224162	      0.223959	
91.500	      0.224867	      0.223976	
92.000	      0.225637	      0.223992	
92.500	      0.226487	      0.224007	
93.000	      0.226487	      0.224007	
93.500	      0.227435	      0.224023	
94.000	      0.228504	      0.224038	
94.500	      0.228504	      0.224038	
95.000	      0.229727	      0.224053	
95.500	      0.231143	      0.224067	
96.000	      0.232806	      0.224082	
96.500	      0.232806	      0.224082	
97.000	      0.234792	      0.224096	
97.500	      0.237205	       0.22411	
98.000	      0.237205	       0.22411	
98.500	      0.240192	      0.224123	
99.000	      0.243975	      0.224137	
99.500	      0.248889	       0.22415	
100.000	      0.248889	       0.22415	
100.500	      0.255464	      0.224163	
101.000	      0.264588	      0.224176	
101.500	      0.264588	      0.224176	
102.000	      0.277825	      0.224188	
102.500	       0.29816	      0.224201	
103.000	       0.29816	      0.224201	
103.500	      0.331884	      0.224213	
104.000	      0.394237	      0.224225	
104.500	      0.530725	      0.224237	
105.000	      0.530725	      0.224237	
105.500	      0.936571	      0.224249	
106.000	       3.91171	       0.22426	
106.500	       3.91171	       0.22426	
107.000	       37.4237	      0.224272	
107.500	       3.91221	      0.224283	
108.000	      0.937573	      0.224294	
108.500	      0.937573	      0.224294	
109.000	      0.532235	      0.224305	
109.500	      0.396262	      0.224316	
110.000	      0.396262	      0.224316	
110.500	      0.334436	      0.224326	
111.000	      0.301252	      0.224337	
111.500	      0.281475	      0.224347	
112.000	      0.281475	      0.224347	
112.500	      0.268818	      0.224357	
113.000	      0.260299	      0.224367	
113.500	      0.260299	      0.224367	
114.000	      0.254358	      0.224377	
114.500	      0.250115	      0.224387	
115.000	      0.247044	      0.224397	
115.500	      0.247044	      0.224397	
116.000	      0.244817	      0.224406	
116.500	      0.243222	      0.224416	
117.000	      0.243222	      0.224416	
117.500	      0.242121	      0.224425	
118.000	      0.241422	      0.224434	
118.500	      0.241064	      0.224444	
119.000	      0.241064	      0.224444	
119.500	      0.241012	      0.224453	
120.000	      0.241246	      0.224462	
120.500	      0.241246	      0.224462	
121.000	      0.241764	       0.22447	
121.500	      0.242577	      0.224479	
122.000	      0.243711	      0.224488	
122.500	      0.243711	      0.224488	
123.000	      0.245209	      0.224497	
123.500	      0.247137	      0.224505	
124.000	      0.247137	      0.224505	
124.500	      0.249588	      0.224514	
125.000	      0.252696	      0.224522	
125.500	      0.252696	      0.224522	
126.000	      0.256652	       0.22453	
126.500	      0.261733	      0.224539	
127.000	      0.268353	      0.224547	
127.500	      0.268353	      0.224547	
128.000	      0.277144	      0.224555	
128.500	      0.289116	      0.224563	
129.000	      0.289116	      0.224563	
129.500	      0.305949	      0.224571	
130.000	      0.330618	      0.224579	
130.500	        0.3688	      0.224587	
131.000	        0.3688	      0.224587	
131.500	      0.432461	      0.224595	
132.000	      0.550593	      0.224603	
132.500	      0.550593	      0.224603	
133.000	      0.809775	      0.224611	
133.500	       1.58143	      0.224619	
134.000	       7.24144	      0.224627	
134.500	       7.24144	      0.224627	
135.000	       71.4041	      0.224635	
135.500	       7.24134	      0.224643	
136.000	       7.24134	      0.224643	
136.500	       1.58122	      0.224651	
137.000	      0.809454	      0.224659	
137.500	      0.550159	      0.224667	
138.000	      0.550159	      0.224667	
138.500	      0.431908	      0.224674	
139.000	      0.368123	      0.224682	
139.500	      0.368123	      0.224682	
140.000	      0.329808	       0.22469	
140.500	      0.304995	      0.224698	
141.000	      0.288007	      0.224706	
141.500	      0.288007	      0.224706	
142.000	      0.275866	      0.224714	
142.500	      0.266887	      0.224723	
143.000	      0.266887	      0.224723	
143.500	       0.26006	      0.224731	
144.000	      0.254748	      0.224739	
144.500	      0.250534	      0.224747	
145.000	      0.250534	      0.224747	
145.500	      0.247134	      0.224756	
146.000	      0.244351	      0.224764	
146.500	      0.244351	      0.224764	
147.000	      0.242045	      0.224773	
147.500	      0.240113	      0.224781	
148.000	      0.240113	      0.224781	
148.500	      0.238478	       0.22479	
149.000	      0.237082	      0.224799	
149.500	      0.235881	      0.224808	
150.000	      0.235881	      0.224808	
150.500	       0.23484	      0.224817	
151.000	      0.233933	      0.224826	
151.500	      0.233933	      0.224826	
152.000	      0.233137	      0.224836	
152.500	      0.232435	      0.224845	
153.000	      0.231812	      0.224855	
153.500	      0.231812	      0.224855	
154.000	      0.231258	      0.224865	
154.500	      0.230763	      0.224875	
155.000	      0.230763	      0.224875	
155.500	      0.230318	      0.224885	
156.000	      0.229918	      0.224896	
156.500	      0.229556	      0.224907	
157.000	      0.229556	      0.224907	
157.500	      0.229228	      0.224918	
158.000	       0.22893	      0.224929	
158.500	       0.22893	      0.224929	
159.000	      0.228658	      0.224941	
159.500	      0.228409	      0.224953	
160.000	      0.228181	      0.224965	
160.500	      0.228181	      0.224965	
161.000	      0.227972	      0.224977	
161.500	      0.227779	       0.22499	
162.000	      0.227779	       0.22499	
162.500	      0.227602	      0.225004	
163.000	      0.227437	      0.225017	
163.500	      0.227285	      0.225031	
164.000	      0.227285	      0.225031	
164.500	      0.227144	      0.225046	
165.000	      0.227013	      0.225061	
165.500	      0.227013	      0.225061	
166.000	      0.226892	      0.225077	
166.500	      0.226778	      0.225093	
167.000	      0.226672	      0.225109	
167.500	      0.226672	      0.225109	
168.000	      0.226573	      0.225127	
168.500	      0.226481	      0.225144	
169.000	      0.226481	      0.225144	
169.500	      0.226394	      0.225163	
170.000	      0.226312	      0.225182	
170.500	      0.226312	      0.225182	
171.000	      0.226236	      0.225202	
171.500	      0.226164	      0.225223	
172.000	      0.226096	      0.225245	
172.500	      0.226096	      0.225245	
173.000	      0.226033	      0.225267	
173.500	      0.225972	      0.225291	
174.000	      0.225972	      0.225291	
174.500	      0.225916	      0.225315	
175.000	      0.225862	      0.225341	
175.500	      0.225811	      0.225368	
176.000	      0.225811	      0.225368	
176.500	      0.225763	      0.225396	
177.000	      0.225717	      0.225425	
177.500	      0.225717	      0.225425	
178.000	      0.225674	      0.225456	
178.500	      0.225633	      0.225488	
179.000	      0.225594	      0.225521	
179.500	      0.225594	      0.225521	
180.000	      0.225557	      0.225557	
