
TracePro Release: 3 2 0 
Polar Candela Distribution Data for 
Data covers +/- 180.000 degrees from Normal
Data for Missed Rays
Data generated at 09:40:23 June 25, 2025

	   0.0	 180.0
0.000	     0.0420008	     0.0420008	
0.500	     0.0578693	     0.0401298	
1.000	     0.0578693	     0.0401298	
1.500	      0.166232	     0.0397991	
2.000	     0.0576362	     0.0399606	
2.500	     0.0414995	     0.0403671	
3.000	     0.0414995	     0.0403671	
3.500	     0.0386883	     0.0407902	
4.000	     0.0218299	     0.0382563	
4.500	     0.0218299	     0.0382563	
5.000	      0.418379	      0.099277	
5.500	      0.693593	     0.0489091	
6.000	      0.171149	      0.103023	
6.500	      0.171149	      0.103023	
7.000	        0.8317	      0.665386	
7.500	      0.612759	       1.21748	
8.000	      0.612759	       1.21748	
8.500	      0.458119	       2.13061	
9.000	       1.09033	       1.08353	
9.500	      0.227823	       1.66243	
10.000	      0.227823	       1.66243	
10.500	      0.214732	      0.202833	
11.000	        1.1861	     0.0354973	
11.500	        1.1861	     0.0354973	
12.000	      0.821495	      0.830216	
12.500	       0.67086	       1.32285	
13.000	       0.67086	       1.32285	
13.500	      0.254259	      0.301247	
14.000	        1.7683	      0.457483	
14.500	       1.06483	        0.1422	
15.000	       1.06483	        0.1422	
15.500	      0.675602	     0.0500206	
16.000	      0.159474	     0.0463317	
16.500	      0.159474	     0.0463317	
17.000	      0.946873	     0.0439262	
17.500	       2.77715	     0.0425158	
18.000	       5.07421	      0.041522	
18.500	       5.07421	      0.041522	
19.000	        2.4741	     0.0406205	
19.500	       2.41137	     0.0394219	
20.000	       2.41137	     0.0394219	
20.500	       1.75955	     0.0366625	
21.000	       1.25517	     0.0178154	
21.500	       2.44274	      0.286638	
22.000	       2.44274	      0.286638	
22.500	       2.10279	     0.0522445	
23.000	      0.375915	       0.10221	
23.500	      0.375915	       0.10221	
24.000	       2.79997	     0.0243725	
24.500	       2.54551	      0.169369	
25.000	       3.21249	      0.148472	
25.500	       3.21249	      0.148472	
26.000	        1.2233	      0.207649	
26.500	       3.22139	     0.0646286	
27.000	       3.22139	     0.0646286	
27.500	       1.91616	     0.0988239	
28.000	       2.55416	     0.0352789	
28.500	      0.956712	     0.0384878	
29.000	      0.956712	     0.0384878	
29.500	       4.10952	     0.0378988	
30.000	       1.90456	     0.0340647	
30.500	       1.90456	     0.0340647	
31.000	       3.20769	      0.013627	
31.500	       1.04607	       1.05315	
32.000	       2.92695	       2.74591	
32.500	       2.92695	       2.74591	
33.000	       5.44903	       3.81775	
33.500	       32.2543	       3.86341	
34.000	       32.2543	       3.86341	
34.500	       310.036	       4.25186	
35.000	         32.42	       2.64603	
35.500	         32.42	       2.64603	
36.000	       5.07189	       2.01654	
36.500	       3.62195	       2.07664	
37.000	      0.883422	      0.956642	
37.500	      0.883422	      0.956642	
38.000	       3.84443	      0.403776	
38.500	      0.251786	      0.641451	
39.000	      0.251786	      0.641451	
39.500	       2.08837	      0.229183	
40.000	       1.11661	      0.604267	
40.500	       3.95712	      0.197829	
41.000	       3.95712	      0.197829	
41.500	      0.631506	      0.292308	
42.000	       1.68578	     0.0354729	
42.500	       1.68578	     0.0354729	
43.000	        1.6041	      0.115786	
43.500	       1.52573	     0.0905641	
44.000	      0.161617	     0.0554794	
44.500	      0.161617	     0.0554794	
45.000	      0.818737	     0.0106412	
45.500	        1.5282	      0.045939	
46.000	        1.5282	      0.045939	
46.500	      0.444043	      0.041652	
47.000	      0.787916	     0.0410784	
47.500	     0.0386447	     0.0409176	
48.000	     0.0386447	     0.0409176	
48.500	      0.903643	     0.0408696	
49.000	       1.20038	      0.040862	
49.500	       1.20038	      0.040862	
50.000	       2.47461	     0.0408708	
50.500	       2.13178	     0.0408866	
51.000	       1.23974	     0.0409052	
51.500	       1.23974	     0.0409052	
52.000	      0.391843	     0.0409246	
52.500	       1.64026	     0.0409439	
53.000	       1.64026	     0.0409439	
53.500	      0.904415	     0.0409628	
54.000	       3.43575	     0.0409809	
54.500	       2.09735	     0.0409982	
55.000	       2.09735	     0.0409982	
55.500	       23.1024	     0.0410148	
56.000	       213.233	     0.0410306	
56.500	       213.233	     0.0410306	
57.000	       26.6862	     0.0410457	
57.500	      0.859228	     0.0410601	
58.000	      0.859228	     0.0410601	
58.500	       4.63338	     0.0410739	
59.000	       2.18711	     0.0410871	
59.500	       2.23332	     0.0410998	
60.000	       2.23332	     0.0410998	
60.500	       1.38421	     0.0411119	
61.000	        3.7304	     0.0411237	
61.500	        3.7304	     0.0411237	
62.000	       4.10321	     0.0411349	
62.500	       10.1794	     0.0411458	
63.000	       3.08515	     0.0411563	
63.500	       3.08515	     0.0411563	
64.000	       4.82666	     0.0411664	
64.500	       4.42243	     0.0411762	
65.000	       4.42243	     0.0411762	
65.500	       6.64364	     0.0411857	
66.000	       4.17884	     0.0411948	
66.500	       4.08049	     0.0412037	
67.000	       4.08049	     0.0412037	
67.500	       4.26942	     0.0412124	
68.000	       3.23283	     0.0412208	
68.500	       3.23283	     0.0412208	
69.000	       2.63374	     0.0412289	
69.500	       4.02901	     0.0412368	
70.000	       4.53863	     0.0412445	
70.500	       4.53863	     0.0412445	
71.000	       5.39959	      0.041252	
71.500	       9.66105	     0.0412593	
72.000	       9.66105	     0.0412593	
72.500	       9.31352	     0.0412664	
73.000	       2.13215	     0.0412733	
73.500	       2.75566	       0.04128	
74.000	       2.75566	       0.04128	
74.500	       2.29727	     0.0412866	
75.000	       2.48435	      0.041293	
75.500	       2.48435	      0.041293	
76.000	       1.63542	     0.0412992	
76.500	       1.84364	     0.0413053	
77.000	       2.20106	     0.0413113	
77.500	       2.20106	     0.0413113	
78.000	       1.61841	     0.0413171	
78.500	        1.1332	     0.0413227	
79.000	        1.1332	     0.0413227	
79.500	      0.550239	     0.0413283	
80.000	       3.33868	     0.0413337	
80.500	       3.33868	     0.0413337	
81.000	       24.8005	      0.041339	
81.500	       2.89379	     0.0413442	
82.000	     0.0545466	     0.0413492	
82.500	     0.0545466	     0.0413492	
83.000	      0.185396	     0.0413542	
83.500	     0.0692708	      0.041359	
84.000	     0.0692708	      0.041359	
84.500	     0.0264815	     0.0413637	
85.000	    0.00426927	     0.0413683	
85.500	    0.00883171	     0.0413729	
86.000	    0.00883171	     0.0413729	
86.500	     0.0172046	     0.0413773	
87.000	     0.0228692	     0.0413816	
87.500	     0.0228692	     0.0413816	
88.000	     0.0268691	     0.0413859	
88.500	     0.0297897	       0.04139	
89.000	     0.0319802	     0.0413941	
89.500	     0.0319802	     0.0413941	
90.000	       0.03366	     0.0413981	
90.500	     0.0349719	      0.041402	
91.000	     0.0349719	      0.041402	
91.500	     0.0360128	     0.0414058	
92.000	     0.0368498	     0.0414096	
92.500	     0.0375308	     0.0414132	
93.000	     0.0375308	     0.0414132	
93.500	     0.0380904	     0.0414168	
94.000	     0.0385546	     0.0414204	
94.500	     0.0385546	     0.0414204	
95.000	     0.0389426	     0.0414238	
95.500	     0.0392693	     0.0414272	
96.000	     0.0395463	     0.0414305	
96.500	     0.0395463	     0.0414305	
97.000	     0.0397824	     0.0414338	
97.500	     0.0399848	     0.0414369	
98.000	     0.0399848	     0.0414369	
98.500	     0.0401591	     0.0414401	
99.000	       0.04031	     0.0414431	
99.500	     0.0404411	     0.0414461	
100.000	     0.0404411	     0.0414461	
100.500	     0.0405555	     0.0414491	
101.000	     0.0406556	     0.0414519	
101.500	     0.0406556	     0.0414519	
102.000	     0.0407436	     0.0414548	
102.500	     0.0408211	     0.0414576	
103.000	     0.0408211	     0.0414576	
103.500	     0.0408897	     0.0414603	
104.000	     0.0409504	     0.0414629	
104.500	     0.0410045	     0.0414656	
105.000	     0.0410045	     0.0414656	
105.500	     0.0410526	     0.0414681	
106.000	     0.0410957	     0.0414706	
106.500	     0.0410957	     0.0414706	
107.000	     0.0411342	     0.0414731	
107.500	     0.0411688	     0.0414755	
108.000	     0.0411999	     0.0414779	
108.500	     0.0411999	     0.0414779	
109.000	      0.041228	     0.0414802	
109.500	     0.0412534	     0.0414825	
110.000	     0.0412534	     0.0414825	
110.500	     0.0412763	     0.0414848	
111.000	     0.0412971	      0.041487	
111.500	     0.0413161	     0.0414891	
112.000	     0.0413161	     0.0414891	
112.500	     0.0413333	     0.0414912	
113.000	      0.041349	     0.0414933	
113.500	      0.041349	     0.0414933	
114.000	     0.0413633	     0.0414953	
114.500	     0.0413765	     0.0414973	
115.000	     0.0413885	     0.0414993	
115.500	     0.0413885	     0.0414993	
116.000	     0.0413996	     0.0415012	
116.500	     0.0414098	     0.0415031	
117.000	     0.0414098	     0.0415031	
117.500	     0.0414191	     0.0415049	
118.000	     0.0414278	     0.0415067	
118.500	     0.0414358	     0.0415085	
119.000	     0.0414358	     0.0415085	
119.500	     0.0414432	     0.0415103	
120.000	     0.0414501	      0.041512	
120.500	     0.0414501	      0.041512	
121.000	     0.0414565	     0.0415136	
121.500	     0.0414624	     0.0415153	
122.000	     0.0414679	     0.0415169	
122.500	     0.0414679	     0.0415169	
123.000	     0.0414731	     0.0415185	
123.500	     0.0414779	       0.04152	
124.000	     0.0414779	       0.04152	
124.500	     0.0414824	     0.0415215	
125.000	     0.0414867	      0.041523	
125.500	     0.0414867	      0.041523	
126.000	     0.0414906	     0.0415245	
126.500	     0.0414944	     0.0415259	
127.000	     0.0414979	     0.0415273	
127.500	     0.0414979	     0.0415273	
128.000	     0.0415012	     0.0415287	
128.500	     0.0415043	       0.04153	
129.000	     0.0415043	       0.04153	
129.500	     0.0415073	     0.0415313	
130.000	     0.0415101	     0.0415326	
130.500	     0.0415128	     0.0415339	
131.000	     0.0415128	     0.0415339	
131.500	     0.0415153	     0.0415351	
132.000	     0.0415177	     0.0415363	
132.500	     0.0415177	     0.0415363	
133.000	     0.0415199	     0.0415375	
133.500	     0.0415221	     0.0415387	
134.000	     0.0415242	     0.0415398	
134.500	     0.0415242	     0.0415398	
135.000	     0.0415261	     0.0415409	
135.500	      0.041528	      0.041542	
136.000	      0.041528	      0.041542	
136.500	     0.0415298	      0.041543	
137.000	     0.0415315	     0.0415441	
137.500	     0.0415332	     0.0415451	
138.000	     0.0415332	     0.0415451	
138.500	     0.0415348	     0.0415461	
139.000	     0.0415363	     0.0415471	
139.500	     0.0415363	     0.0415471	
140.000	     0.0415378	      0.041548	
140.500	     0.0415392	     0.0415489	
141.000	     0.0415405	     0.0415498	
141.500	     0.0415405	     0.0415498	
142.000	     0.0415418	     0.0415507	
142.500	      0.041543	     0.0415516	
143.000	      0.041543	     0.0415516	
143.500	     0.0415443	     0.0415524	
144.000	     0.0415454	     0.0415532	
144.500	     0.0415465	      0.041554	
145.000	     0.0415465	      0.041554	
145.500	     0.0415476	     0.0415548	
146.000	     0.0415487	     0.0415556	
146.500	     0.0415487	     0.0415556	
147.000	     0.0415497	     0.0415563	
147.500	     0.0415506	      0.041557	
148.000	     0.0415506	      0.041557	
148.500	     0.0415516	     0.0415577	
149.000	     0.0415525	     0.0415584	
149.500	     0.0415534	     0.0415591	
150.000	     0.0415534	     0.0415591	
150.500	     0.0415542	     0.0415597	
151.000	     0.0415551	     0.0415603	
151.500	     0.0415551	     0.0415603	
152.000	     0.0415558	     0.0415609	
152.500	     0.0415566	     0.0415615	
153.000	     0.0415574	     0.0415621	
153.500	     0.0415574	     0.0415621	
154.000	     0.0415581	     0.0415626	
154.500	     0.0415588	     0.0415632	
155.000	     0.0415588	     0.0415632	
155.500	     0.0415594	     0.0415637	
156.000	     0.0415601	     0.0415642	
156.500	     0.0415607	     0.0415646	
157.000	     0.0415607	     0.0415646	
157.500	     0.0415613	     0.0415651	
158.000	     0.0415619	     0.0415655	
158.500	     0.0415619	     0.0415655	
159.000	     0.0415625	      0.041566	
159.500	      0.041563	     0.0415664	
160.000	     0.0415636	     0.0415668	
160.500	     0.0415636	     0.0415668	
161.000	     0.0415641	     0.0415672	
161.500	     0.0415646	     0.0415675	
162.000	     0.0415646	     0.0415675	
162.500	      0.041565	     0.0415679	
163.000	     0.0415655	     0.0415682	
163.500	     0.0415659	     0.0415685	
164.000	     0.0415659	     0.0415685	
164.500	     0.0415663	     0.0415688	
165.000	     0.0415667	     0.0415691	
165.500	     0.0415667	     0.0415691	
166.000	     0.0415671	     0.0415693	
166.500	     0.0415675	     0.0415696	
167.000	     0.0415678	     0.0415698	
167.500	     0.0415678	     0.0415698	
168.000	     0.0415681	       0.04157	
168.500	     0.0415685	     0.0415702	
169.000	     0.0415685	     0.0415702	
169.500	     0.0415688	     0.0415704	
170.000	      0.041569	     0.0415706	
170.500	      0.041569	     0.0415706	
171.000	     0.0415693	     0.0415707	
171.500	     0.0415695	     0.0415709	
172.000	     0.0415698	      0.041571	
172.500	     0.0415698	      0.041571	
173.000	       0.04157	     0.0415711	
173.500	     0.0415702	     0.0415712	
174.000	     0.0415702	     0.0415712	
174.500	     0.0415704	     0.0415713	
175.000	     0.0415705	     0.0415713	
175.500	     0.0415707	     0.0415714	
176.000	     0.0415707	     0.0415714	
176.500	     0.0415708	     0.0415714	
177.000	      0.041571	     0.0415714	
177.500	      0.041571	     0.0415714	
178.000	     0.0415711	     0.0415714	
178.500	     0.0415712	     0.0415714	
179.000	     0.0415712	     0.0415714	
179.500	     0.0415712	     0.0415714	
180.000	     0.0415713	     0.0415713	
