
TracePro Release: 3 2 0 
Polar Candela Distribution Data for 
Data covers +/- 180.000 degrees from Normal
Data for Missed Rays
Data generated at 09:40:23 June 25, 2025

	   0.0	 180.0
0.000	     0.0940734	     0.0940734	
0.500	     0.0946192	     0.0935086	
1.000	     0.0946192	     0.0935086	
1.500	     0.0950752	     0.0929215	
2.000	     0.0949097	      0.092273	
2.500	     0.0840889	     0.0914565	
3.000	     0.0840889	     0.0914565	
3.500	      0.342142	     0.0900874	
4.000	      0.392088	     0.0842329	
4.500	      0.392088	     0.0842329	
5.000	      0.127782	      0.151081	
5.500	     0.0323298	     0.0797293	
6.000	      0.999302	      0.075911	
6.500	      0.999302	      0.075911	
7.000	      0.662201	     0.0111891	
7.500	      0.504815	      0.954246	
8.000	      0.504815	      0.954246	
8.500	      0.669374	       0.17237	
9.000	       2.48928	      0.276525	
9.500	      0.754615	      0.697006	
10.000	      0.754615	      0.697006	
10.500	       3.16414	       1.95397	
11.000	        1.8839	       1.77826	
11.500	        1.8839	       1.77826	
12.000	       2.06196	       1.27915	
12.500	       2.34984	       1.09388	
13.000	       2.34984	       1.09388	
13.500	       2.76582	      0.188243	
14.000	      0.694219	      0.107188	
14.500	       1.72086	     0.0974426	
15.000	       1.72086	     0.0974426	
15.500	       1.38401	     0.0949167	
16.000	       1.70817	      0.097674	
16.500	       1.70817	      0.097674	
17.000	      0.597425	     0.0414908	
17.500	       5.73002	     0.0969914	
18.000	      0.765963	     0.0931147	
18.500	      0.765963	     0.0931147	
19.000	       14.0985	     0.0930066	
19.500	       123.342	     0.0937681	
20.000	       123.342	     0.0937681	
20.500	         14.45	     0.0958093	
21.000	       2.37041	      0.102051	
21.500	       5.11268	      0.148499	
22.000	       5.11268	      0.148499	
22.500	       1.10495	      0.519504	
23.000	       1.65189	      0.320048	
23.500	       1.65189	      0.320048	
24.000	       2.07852	      0.124875	
24.500	        2.2389	      0.239914	
25.000	       2.41572	     0.0267625	
25.500	       2.41572	     0.0267625	
26.000	       1.39194	      0.201157	
26.500	       1.72871	     0.0448101	
27.000	       1.72871	     0.0448101	
27.500	       2.03603	      0.101351	
28.000	       3.30842	      0.101827	
28.500	       2.16376	      0.110698	
29.000	       2.16376	      0.110698	
29.500	       1.56046	     0.0560185	
30.000	       1.02769	       0.18883	
30.500	       1.02769	       0.18883	
31.000	       2.54608	      0.718338	
31.500	       2.17271	      0.294944	
32.000	      0.767336	      0.956634	
32.500	      0.767336	      0.956634	
33.000	       2.56737	       3.79413	
33.500	        2.1813	       2.96296	
34.000	        2.1813	       2.96296	
34.500	       2.05058	        3.2493	
35.000	      0.671754	        11.065	
35.500	      0.671754	        11.065	
36.000	       1.50045	       2.88562	
36.500	        3.5555	       2.16487	
37.000	       4.75282	       2.60131	
37.500	       4.75282	       2.60131	
38.000	       4.20503	       1.03845	
38.500	       3.45091	       1.10661	
39.000	       3.45091	       1.10661	
39.500	       4.59996	     0.0486322	
40.000	       3.21167	       2.37145	
40.500	       4.10225	       16.0163	
41.000	       4.10225	       16.0163	
41.500	       3.93012	        1.8702	
42.000	       3.75443	      0.301576	
42.500	       3.75443	      0.301576	
43.000	       3.42016	      0.340416	
43.500	       2.86049	       0.14557	
44.000	       3.75033	      0.176743	
44.500	       3.75033	      0.176743	
45.000	         3.229	      0.115731	
45.500	       2.41729	       0.11097	
46.000	       2.41729	       0.11097	
46.500	       2.93661	      0.105973	
47.000	       2.29456	      0.102313	
47.500	       4.25458	     0.0996105	
48.000	       4.25458	     0.0996105	
48.500	       1.40556	     0.0975661	
49.000	       1.09113	     0.0959829	
49.500	       1.09113	     0.0959829	
50.000	       2.05214	     0.0947313	
50.500	       3.50005	     0.0937238	
51.000	       3.48291	     0.0929001	
51.500	       3.48291	     0.0929001	
52.000	       1.62584	     0.0922174	
52.500	       2.70316	     0.0916448	
53.000	       2.70316	     0.0916448	
53.500	       1.75575	     0.0911595	
54.000	       2.52276	     0.0907442	
54.500	       1.78071	     0.0903859	
55.000	       1.78071	     0.0903859	
55.500	      0.918551	     0.0900745	
56.000	      0.635622	     0.0898019	
56.500	      0.635622	     0.0898019	
57.000	        1.7714	     0.0895618	
57.500	       1.88187	     0.0893491	
58.000	       1.88187	     0.0893491	
58.500	       1.25334	     0.0891598	
59.000	       3.40592	     0.0889905	
59.500	       2.10312	     0.0888384	
60.000	       2.10312	     0.0888384	
60.500	        5.2239	     0.0887012	
61.000	       3.62857	      0.088577	
61.500	       3.62857	      0.088577	
62.000	       5.76266	     0.0884641	
62.500	       3.30834	     0.0883612	
63.000	       2.65327	     0.0882671	
63.500	       2.65327	     0.0882671	
64.000	       2.51519	     0.0881808	
64.500	       4.53355	     0.0881015	
65.000	       4.53355	     0.0881015	
65.500	       5.24541	     0.0880284	
66.000	        3.3315	     0.0879608	
66.500	        1.3641	     0.0878982	
67.000	        1.3641	     0.0878982	
67.500	       3.11019	     0.0878402	
68.000	       4.70587	     0.0877862	
68.500	       4.70587	     0.0877862	
69.000	       8.78518	     0.0877359	
69.500	       0.28133	      0.087689	
70.000	       44.3272	     0.0876452	
70.500	       44.3272	     0.0876452	
71.000	       358.475	     0.0876041	
71.500	       40.9758	     0.0875656	
72.000	       40.9758	     0.0875656	
72.500	       18.0231	     0.0875295	
73.000	       6.47434	     0.0874955	
73.500	      0.627156	     0.0874635	
74.000	      0.627156	     0.0874635	
74.500	       1.46959	     0.0874333	
75.000	     0.0331814	     0.0874049	
75.500	     0.0331814	     0.0874049	
76.000	       1.00273	     0.0873781	
76.500	     0.0683697	     0.0873527	
77.000	      0.672462	     0.0873288	
77.500	      0.672462	     0.0873288	
78.000	      0.438545	     0.0873061	
78.500	      0.434246	     0.0872847	
79.000	      0.434246	     0.0872847	
79.500	      0.266507	     0.0872645	
80.000	      0.421048	     0.0872454	
80.500	      0.421048	     0.0872454	
81.000	      0.164037	     0.0872274	
81.500	      0.357773	     0.0872105	
82.000	      0.165706	     0.0871947	
82.500	      0.165706	     0.0871947	
83.000	      0.168364	     0.0871801	
83.500	      0.146431	     0.0871666	
84.000	      0.146431	     0.0871666	
84.500	    0.00234865	     0.0871545	
85.000	     0.0186687	     0.0871439	
85.500	     0.0259813	     0.0871352	
86.000	     0.0259813	     0.0871352	
86.500	     0.0317521	     0.0871289	
87.000	     0.0366514	     0.0871262	
87.500	     0.0366514	     0.0871262	
88.000	     0.0409028	     0.0871287	
88.500	     0.0446318	     0.0871398	
89.000	      0.047926	     0.0871669	
89.500	      0.047926	     0.0871669	
90.000	     0.0508527	     0.0872275	
90.500	     0.0534655	     0.0873744	
91.000	     0.0534655	     0.0873744	
91.500	     0.0558081	     0.0878336	
92.000	     0.0579165	     0.0912685	
92.500	     0.0598212	     0.0433895	
93.000	     0.0598212	     0.0433895	
93.500	     0.0615474	     0.0912489	
94.000	     0.0631168	     0.0877945	
94.500	     0.0631168	     0.0877945	
95.000	     0.0645477	     0.0873158	
95.500	     0.0658559	     0.0871492	
96.000	      0.067055	     0.0870687	
96.500	      0.067055	     0.0870687	
97.000	     0.0681568	     0.0870215	
97.500	     0.0691714	     0.0869901	
98.000	     0.0691714	     0.0869901	
98.500	     0.0701078	     0.0869672	
99.000	     0.0709737	     0.0869491	
99.500	      0.071776	     0.0869343	
100.000	      0.071776	     0.0869343	
100.500	     0.0725208	     0.0869215	
101.000	     0.0732134	     0.0869101	
101.500	     0.0732134	     0.0869101	
102.000	     0.0738586	     0.0868999	
102.500	     0.0744604	     0.0868905	
103.000	     0.0744604	     0.0868905	
103.500	     0.0750228	     0.0868817	
104.000	      0.075549	     0.0868734	
104.500	     0.0760421	     0.0868655	
105.000	     0.0760421	     0.0868655	
105.500	     0.0765048	      0.086858	
106.000	     0.0769394	     0.0868507	
106.500	     0.0769394	     0.0868507	
107.000	     0.0773483	     0.0868438	
107.500	     0.0777334	      0.086837	
108.000	     0.0780964	     0.0868304	
108.500	     0.0780964	     0.0868304	
109.000	      0.078439	      0.086824	
109.500	     0.0787628	     0.0868177	
110.000	     0.0787628	     0.0868177	
110.500	      0.079069	     0.0868116	
111.000	     0.0793589	     0.0868056	
111.500	     0.0796336	     0.0867997	
112.000	     0.0796336	     0.0867997	
112.500	     0.0798942	     0.0867939	
113.000	     0.0801416	     0.0867881	
113.500	     0.0801416	     0.0867881	
114.000	     0.0803766	     0.0867825	
114.500	     0.0806001	     0.0867769	
115.000	     0.0808128	     0.0867714	
115.500	     0.0808128	     0.0867714	
116.000	     0.0810153	      0.086766	
116.500	     0.0812084	     0.0867606	
117.000	     0.0812084	     0.0867606	
117.500	     0.0813926	     0.0867553	
118.000	     0.0815683	       0.08675	
118.500	     0.0817362	     0.0867448	
119.000	     0.0817362	     0.0867448	
119.500	     0.0818967	     0.0867395	
120.000	     0.0820501	     0.0867344	
120.500	     0.0820501	     0.0867344	
121.000	      0.082197	     0.0867292	
121.500	     0.0823376	     0.0867241	
122.000	     0.0824723	      0.086719	
122.500	     0.0824723	      0.086719	
123.000	     0.0826015	     0.0867139	
123.500	     0.0827253	     0.0867088	
124.000	     0.0827253	     0.0867088	
124.500	     0.0828442	     0.0867037	
125.000	     0.0829584	     0.0866987	
125.500	     0.0829584	     0.0866987	
126.000	     0.0830681	     0.0866936	
126.500	     0.0831735	     0.0866885	
127.000	     0.0832749	     0.0866835	
127.500	     0.0832749	     0.0866835	
128.000	     0.0833724	     0.0866784	
128.500	     0.0834663	     0.0866733	
129.000	     0.0834663	     0.0866733	
129.500	     0.0835568	     0.0866683	
130.000	     0.0836439	     0.0866632	
130.500	     0.0837279	     0.0866581	
131.000	     0.0837279	     0.0866581	
131.500	     0.0838088	      0.086653	
132.000	      0.083887	     0.0866478	
132.500	      0.083887	     0.0866478	
133.000	     0.0839623	     0.0866427	
133.500	     0.0840351	     0.0866375	
134.000	     0.0841054	     0.0866323	
134.500	     0.0841054	     0.0866323	
135.000	     0.0841733	      0.086627	
135.500	      0.084239	     0.0866218	
136.000	      0.084239	     0.0866218	
136.500	     0.0843024	     0.0866165	
137.000	     0.0843638	     0.0866111	
137.500	     0.0844232	     0.0866057	
138.000	     0.0844232	     0.0866057	
138.500	     0.0844807	     0.0866003	
139.000	     0.0845364	     0.0865949	
139.500	     0.0845364	     0.0865949	
140.000	     0.0845903	     0.0865894	
140.500	     0.0846426	     0.0865838	
141.000	     0.0846932	     0.0865782	
141.500	     0.0846932	     0.0865782	
142.000	     0.0847423	     0.0865726	
142.500	     0.0847899	     0.0865669	
143.000	     0.0847899	     0.0865669	
143.500	      0.084836	     0.0865612	
144.000	     0.0848808	     0.0865554	
144.500	     0.0849243	     0.0865495	
145.000	     0.0849243	     0.0865495	
145.500	     0.0849665	     0.0865436	
146.000	     0.0850075	     0.0865376	
146.500	     0.0850075	     0.0865376	
147.000	     0.0850473	     0.0865315	
147.500	      0.085086	     0.0865254	
148.000	      0.085086	     0.0865254	
148.500	     0.0851236	     0.0865192	
149.000	     0.0851602	     0.0865129	
149.500	     0.0851957	     0.0865066	
150.000	     0.0851957	     0.0865066	
150.500	     0.0852303	     0.0865002	
151.000	      0.085264	     0.0864937	
151.500	      0.085264	     0.0864937	
152.000	     0.0852967	     0.0864871	
152.500	     0.0853286	     0.0864804	
153.000	     0.0853596	     0.0864737	
153.500	     0.0853596	     0.0864737	
154.000	     0.0853898	     0.0864668	
154.500	     0.0854192	     0.0864599	
155.000	     0.0854192	     0.0864599	
155.500	     0.0854479	     0.0864528	
156.000	     0.0854758	     0.0864457	
156.500	      0.085503	     0.0864385	
157.000	      0.085503	     0.0864385	
157.500	     0.0855296	     0.0864311	
158.000	     0.0855554	     0.0864237	
158.500	     0.0855554	     0.0864237	
159.000	     0.0855807	     0.0864161	
159.500	     0.0856053	     0.0864084	
160.000	     0.0856293	     0.0864007	
160.500	     0.0856293	     0.0864007	
161.000	     0.0856527	     0.0863927	
161.500	     0.0856756	     0.0863847	
162.000	     0.0856756	     0.0863847	
162.500	     0.0856979	     0.0863766	
163.000	     0.0857197	     0.0863683	
163.500	      0.085741	     0.0863599	
164.000	      0.085741	     0.0863599	
164.500	     0.0857618	     0.0863513	
165.000	     0.0857821	     0.0863426	
165.500	     0.0857821	     0.0863426	
166.000	      0.085802	     0.0863338	
166.500	     0.0858214	     0.0863248	
167.000	     0.0858404	     0.0863156	
167.500	     0.0858404	     0.0863156	
168.000	     0.0858589	     0.0863063	
168.500	      0.085877	     0.0862969	
169.000	      0.085877	     0.0862969	
169.500	     0.0858948	     0.0862873	
170.000	     0.0859121	     0.0862775	
170.500	     0.0859121	     0.0862775	
171.000	     0.0859291	     0.0862675	
171.500	     0.0859457	     0.0862574	
172.000	     0.0859619	      0.086247	
172.500	     0.0859619	      0.086247	
173.000	     0.0859778	     0.0862365	
173.500	     0.0859934	     0.0862258	
174.000	     0.0859934	     0.0862258	
174.500	     0.0860086	     0.0862149	
175.000	     0.0860236	     0.0862038	
175.500	     0.0860382	     0.0861925	
176.000	     0.0860382	     0.0861925	
176.500	     0.0860525	      0.086181	
177.000	     0.0860665	     0.0861692	
177.500	     0.0860665	     0.0861692	
178.000	     0.0860803	     0.0861572	
178.500	     0.0860937	      0.086145	
179.000	     0.0861069	     0.0861326	
179.500	     0.0861069	     0.0861326	
180.000	     0.0861199	     0.0861199	
