
TracePro Release: 3 2 0 
Polar Candela Distribution Data for 
Data covers +/- 180.000 degrees from Normal
Data for Missed Rays
Data generated at 09:43:34 June 30, 2025

	   0.0	 180.0
0.000	      0.219173	      0.219173	
0.500	      0.217093	      0.221086	
1.000	      0.217093	      0.221086	
1.500	      0.214824	      0.222848	
2.000	      0.212344	      0.224475	
2.500	      0.209627	      0.225979	
3.000	      0.209627	      0.225979	
3.500	       0.20664	      0.227373	
4.000	      0.203348	      0.228667	
4.500	      0.203348	      0.228667	
5.000	      0.199709	       0.22987	
5.500	       0.19567	       0.23099	
6.000	      0.191173	      0.232034	
6.500	      0.191173	      0.232034	
7.000	      0.186146	      0.233009	
7.500	      0.180501	       0.23392	
8.000	      0.180501	       0.23392	
8.500	      0.174134	      0.234773	
9.000	      0.166916	      0.235572	
9.500	       0.15869	      0.236322	
10.000	       0.15869	      0.236322	
10.500	      0.149259	      0.237025	
11.000	      0.138375	      0.237686	
11.500	      0.138375	      0.237686	
12.000	      0.125726	      0.238307	
12.500	      0.110906	      0.238892	
13.000	      0.110906	      0.238892	
13.500	     0.0933903	      0.239442	
14.000	     0.0724837	       0.23996	
14.500	      0.047251	      0.240448	
15.000	      0.047251	      0.240448	
15.500	     0.0164107	      0.240908	
16.000	     0.0218306	      0.241342	
16.500	     0.0218306	      0.241342	
17.000	     0.0700459	      0.241751	
17.500	      0.132032	      0.242137	
18.000	      0.213584	        0.2425	
18.500	      0.213584	        0.2425	
19.000	      0.323901	      0.242842	
19.500	      0.478307	      0.243164	
20.000	      0.478307	      0.243164	
20.500	      0.703895	      0.243467	
21.000	       1.05234	      0.243752	
21.500	       1.63255	      0.244019	
22.000	       1.63255	      0.244019	
22.500	        2.7084	      0.244269	
23.000	       5.06781	      0.244503	
23.500	       5.06781	      0.244503	
24.000	        12.091	      0.244721	
24.500	       63.6011	      0.244924	
25.000	       652.121	      0.245112	
25.500	       652.121	      0.245112	
26.000	       63.6011	      0.245285	
26.500	        12.091	      0.245443	
27.000	        12.091	      0.245443	
27.500	       5.06777	      0.245586	
28.000	       2.70835	      0.245716	
28.500	       1.63249	       0.24583	
29.000	       1.63249	       0.24583	
29.500	       1.05226	       0.24593	
30.000	      0.703809	      0.246015	
30.500	      0.703809	      0.246015	
31.000	      0.478209	      0.246084	
31.500	      0.323791	      0.246137	
32.000	      0.213462	      0.246174	
32.500	      0.213462	      0.246174	
33.000	      0.131897	      0.246194	
33.500	     0.0698981	      0.246195	
34.000	     0.0698981	      0.246195	
34.500	       0.02167	      0.246177	
35.000	     0.0165842	      0.246138	
35.500	     0.0165842	      0.246138	
36.000	     0.0474376	      0.246076	
36.500	     0.0726836	       0.24599	
37.000	     0.0936035	      0.245877	
37.500	     0.0936035	      0.245877	
38.000	      0.111133	      0.245735	
38.500	      0.125966	      0.245559	
39.000	      0.125966	      0.245559	
39.500	       0.13863	      0.245347	
40.000	      0.149528	      0.245093	
40.500	      0.158973	      0.244792	
41.000	      0.158973	      0.244792	
41.500	      0.167214	      0.244436	
42.000	      0.174446	      0.244017	
42.500	      0.174446	      0.244017	
43.000	      0.180828	      0.243525	
43.500	      0.186488	      0.242947	
44.000	      0.191532	      0.242266	
44.500	      0.191532	      0.242266	
45.000	      0.196045	      0.241463	
45.500	        0.2001	      0.240511	
46.000	        0.2001	      0.240511	
46.500	      0.203756	      0.239378	
47.000	      0.207065	      0.238021	
47.500	      0.210069	      0.236381	
48.000	      0.210069	      0.236381	
48.500	      0.212804	      0.234383	
49.000	      0.215302	       0.23192	
49.500	      0.215302	       0.23192	
50.000	      0.217589	      0.228846	
50.500	      0.219689	      0.224947	
51.000	      0.221622	      0.219912	
51.500	      0.221622	      0.219912	
52.000	      0.223404	      0.213264	
52.500	      0.225051	      0.204243	
53.000	      0.225051	      0.204243	
53.500	      0.226577	      0.191589	
54.000	      0.227993	      0.173069	
54.500	       0.22931	      0.144425	
55.000	       0.22931	      0.144425	
55.500	      0.230536	     0.0966863	
56.000	       0.23168	    0.00811393	
56.500	       0.23168	    0.00811393	
57.000	      0.232749	      0.186203	
57.500	       0.23375	      0.764739	
58.000	       0.23375	      0.764739	
58.500	      0.234687	       5.00824	
59.000	      0.235568	       53.9552	
59.500	      0.236395	       5.00814	
60.000	      0.236395	       5.00814	
60.500	      0.237174	      0.764526	
61.000	      0.237908	      0.185884	
61.500	      0.237908	      0.185884	
62.000	        0.2386	    0.00854054	
62.500	      0.239254	     0.0972202	
63.000	      0.239873	      0.145067	
63.500	      0.239873	      0.145067	
64.000	      0.240459	      0.173819	
64.500	      0.241014	      0.192448	
65.000	      0.241014	      0.192448	
65.500	      0.241541	      0.205212	
66.000	      0.242041	      0.214343	
66.500	      0.242516	      0.221103	
67.000	      0.242516	      0.221103	
67.500	      0.242969	      0.226251	
68.000	        0.2434	      0.230263	
68.500	        0.2434	      0.230263	
69.000	      0.243811	      0.233452	
69.500	      0.244203	      0.236031	
70.000	      0.244577	      0.238147	
70.500	      0.244577	      0.238147	
71.000	      0.244935	      0.239906	
71.500	      0.245278	      0.241384	
72.000	      0.245278	      0.241384	
72.500	      0.245606	       0.24264	
73.000	       0.24592	      0.243716	
73.500	      0.246221	      0.244647	
74.000	      0.246221	      0.244647	
74.500	      0.246511	      0.245456	
75.000	      0.246788	      0.246166	
75.500	      0.246788	      0.246166	
76.000	      0.247056	      0.246792	
76.500	      0.247313	      0.247347	
77.000	       0.24756	      0.247843	
77.500	       0.24756	      0.247843	
78.000	      0.247798	      0.248286	
78.500	      0.248028	      0.248686	
79.000	      0.248028	      0.248686	
79.500	       0.24825	      0.249047	
80.000	      0.248465	      0.249375	
80.500	      0.248465	      0.249375	
81.000	      0.248672	      0.249673	
81.500	      0.248873	      0.249946	
82.000	      0.249067	      0.250196	
82.500	      0.249067	      0.250196	
83.000	      0.249255	      0.250427	
83.500	      0.249438	      0.250639	
84.000	      0.249438	      0.250639	
84.500	      0.249615	      0.250835	
85.000	      0.249787	      0.251017	
85.500	      0.249955	      0.251187	
86.000	      0.249955	      0.251187	
86.500	      0.250118	      0.251344	
87.000	      0.250277	      0.251492	
87.500	      0.250277	      0.251492	
88.000	      0.250432	      0.251629	
88.500	      0.250583	      0.251758	
89.000	      0.250731	       0.25188	
89.500	      0.250731	       0.25188	
90.000	      0.250876	      0.251994	
90.500	      0.251018	      0.252101	
91.000	      0.251018	      0.252101	
91.500	      0.251157	      0.252203	
92.000	      0.251294	      0.252299	
92.500	      0.251428	       0.25239	
93.000	      0.251428	       0.25239	
93.500	      0.251561	      0.252476	
94.000	      0.251691	      0.252557	
94.500	      0.251691	      0.252557	
95.000	       0.25182	      0.252635	
95.500	      0.251948	      0.252709	
96.000	      0.252074	       0.25278	
96.500	      0.252074	       0.25278	
97.000	        0.2522	      0.252847	
97.500	      0.252325	      0.252911	
98.000	      0.252325	      0.252911	
98.500	      0.252449	      0.252972	
99.000	      0.252573	      0.253031	
99.500	      0.252697	      0.253087	
100.000	      0.252697	      0.253087	
100.500	      0.252822	      0.253141	
101.000	      0.252947	      0.253193	
101.500	      0.252947	      0.253193	
102.000	      0.253073	      0.253243	
102.500	        0.2532	       0.25329	
103.000	        0.2532	       0.25329	
103.500	      0.253328	      0.253336	
104.000	      0.253458	       0.25338	
104.500	      0.253591	      0.253423	
105.000	      0.253591	      0.253423	
105.500	      0.253726	      0.253464	
106.000	      0.253864	      0.253504	
106.500	      0.253864	      0.253504	
107.000	      0.254006	      0.253542	
107.500	      0.254152	      0.253579	
108.000	      0.254302	      0.253615	
108.500	      0.254302	      0.253615	
109.000	      0.254458	      0.253649	
109.500	       0.25462	      0.253682	
110.000	       0.25462	      0.253682	
110.500	      0.254788	      0.253715	
111.000	      0.254965	      0.253746	
111.500	       0.25515	      0.253777	
112.000	       0.25515	      0.253777	
112.500	      0.255345	      0.253806	
113.000	      0.255551	      0.253835	
113.500	      0.255551	      0.253835	
114.000	       0.25577	      0.253862	
114.500	      0.256003	      0.253889	
115.000	      0.256252	      0.253916	
115.500	      0.256252	      0.253916	
116.000	       0.25652	      0.253941	
116.500	      0.256809	      0.253966	
117.000	      0.256809	      0.253966	
117.500	      0.257122	       0.25399	
118.000	      0.257462	      0.254013	
118.500	      0.257835	      0.254036	
119.000	      0.257835	      0.254036	
119.500	      0.258244	      0.254059	
120.000	      0.258697	       0.25408	
120.500	      0.258697	       0.25408	
121.000	      0.259199	      0.254101	
121.500	       0.25976	      0.254122	
122.000	       0.26039	      0.254142	
122.500	       0.26039	      0.254142	
123.000	      0.261102	      0.254162	
123.500	      0.261913	      0.254181	
124.000	      0.261913	      0.254181	
124.500	      0.262843	        0.2542	
125.000	      0.263918	      0.254218	
125.500	      0.263918	      0.254218	
126.000	      0.265171	      0.254236	
126.500	      0.266645	      0.254254	
127.000	      0.268398	      0.254271	
127.500	      0.268398	      0.254271	
128.000	      0.270507	      0.254288	
128.500	      0.273077	      0.254305	
129.000	      0.273077	      0.254305	
129.500	      0.276257	      0.254321	
130.000	      0.280258	      0.254337	
130.500	      0.285393	      0.254352	
131.000	      0.285393	      0.254352	
131.500	      0.292141	      0.254368	
132.000	      0.301259	      0.254383	
132.500	      0.301259	      0.254383	
133.000	      0.314009	      0.254397	
133.500	      0.332626	      0.254412	
134.000	      0.361368	      0.254426	
134.500	      0.361368	      0.254426	
135.000	      0.409212	       0.25444	
135.500	      0.497904	      0.254454	
136.000	      0.497904	      0.254454	
136.500	      0.692383	      0.254468	
137.000	       1.27124	      0.254481	
137.500	       5.51662	      0.254494	
138.000	       5.51662	      0.254494	
138.500	       53.4717	      0.254507	
139.000	       5.51666	       0.25452	
139.500	       5.51666	       0.25452	
140.000	       1.27132	      0.254533	
140.500	      0.692505	      0.254546	
141.000	      0.498065	      0.254558	
141.500	      0.498065	      0.254558	
142.000	      0.409414	      0.254571	
142.500	      0.361611	      0.254583	
143.000	      0.361611	      0.254583	
143.500	       0.33291	      0.254595	
144.000	      0.314334	      0.254607	
144.500	      0.301624	      0.254619	
145.000	      0.301624	      0.254619	
145.500	      0.292548	      0.254631	
146.000	      0.285842	      0.254642	
146.500	      0.285842	      0.254642	
147.000	      0.280748	      0.254654	
147.500	      0.276789	      0.254666	
148.000	      0.276789	      0.254666	
148.500	      0.273651	      0.254677	
149.000	      0.271124	      0.254689	
149.500	      0.269058	      0.254701	
150.000	      0.269058	      0.254701	
150.500	      0.267348	      0.254712	
151.000	      0.265917	      0.254724	
151.500	      0.265917	      0.254724	
152.000	      0.264708	      0.254736	
152.500	      0.263678	      0.254747	
153.000	      0.262793	      0.254759	
153.500	      0.262793	      0.254759	
154.000	      0.262027	      0.254771	
154.500	       0.26136	      0.254782	
155.000	       0.26136	      0.254782	
155.500	      0.260777	      0.254794	
156.000	      0.260263	      0.254806	
156.500	      0.259808	      0.254818	
157.000	      0.259808	      0.254818	
157.500	      0.259403	      0.254831	
158.000	      0.259043	      0.254843	
158.500	      0.259043	      0.254843	
159.000	      0.258719	      0.254856	
159.500	      0.258429	      0.254868	
160.000	      0.258166	      0.254881	
160.500	      0.258166	      0.254881	
161.000	      0.257929	      0.254894	
161.500	      0.257713	      0.254908	
162.000	      0.257713	      0.254908	
162.500	      0.257517	      0.254922	
163.000	      0.257338	      0.254935	
163.500	      0.257174	       0.25495	
164.000	      0.257174	       0.25495	
164.500	      0.257024	      0.254964	
165.000	      0.256885	      0.254979	
165.500	      0.256885	      0.254979	
166.000	      0.256758	      0.254994	
166.500	       0.25664	       0.25501	
167.000	      0.256532	      0.255026	
167.500	      0.256532	      0.255026	
168.000	      0.256431	      0.255043	
168.500	      0.256338	       0.25506	
169.000	      0.256338	       0.25506	
169.500	      0.256251	      0.255078	
170.000	       0.25617	      0.255096	
170.500	       0.25617	      0.255096	
171.000	      0.256094	      0.255115	
171.500	      0.256024	      0.255134	
172.000	      0.255958	      0.255155	
172.500	      0.255958	      0.255155	
173.000	      0.255896	      0.255176	
173.500	      0.255838	      0.255198	
174.000	      0.255838	      0.255198	
174.500	      0.255784	      0.255221	
175.000	      0.255732	      0.255245	
175.500	      0.255684	      0.255269	
176.000	      0.255684	      0.255269	
176.500	      0.255638	      0.255295	
177.000	      0.255595	      0.255323	
177.500	      0.255595	      0.255323	
178.000	      0.255555	      0.255351	
178.500	      0.255516	      0.255381	
179.000	       0.25548	      0.255412	
179.500	       0.25548	      0.255412	
180.000	      0.255445	      0.255445	
