
TracePro Release: 3 2 0 
Polar Candela Distribution Data for 
Data covers +/- 180.000 degrees from Normal
Data for Missed Rays
Data generated at 09:35:53 June 25, 2025

	   0.0	 180.0
0.000	      0.132924	      0.132924	
0.500	      0.131548	      0.314553	
1.000	      0.131548	      0.314553	
1.500	     0.0524841	      0.601529	
2.000	      0.823989	      0.402251	
2.500	     0.0666681	       2.22209	
3.000	     0.0666681	       2.22209	
3.500	      0.155987	       1.30456	
4.000	      0.496339	   0.000146581	
4.500	      0.496339	   0.000146581	
5.000	      0.846833	      0.609324	
5.500	      0.375724	      0.736796	
6.000	      0.938474	      0.308838	
6.500	      0.938474	      0.308838	
7.000	      0.426763	       1.03761	
7.500	      0.540608	       1.13571	
8.000	      0.540608	       1.13571	
8.500	       1.33148	      0.393564	
9.000	       1.72854	      0.298968	
9.500	      0.240815	       1.37546	
10.000	      0.240815	       1.37546	
10.500	      0.202125	        1.9495	
11.000	      0.831524	       1.19641	
11.500	      0.831524	       1.19641	
12.000	      0.727894	       2.33142	
12.500	      0.703147	       2.76296	
13.000	      0.703147	       2.76296	
13.500	       2.37745	       3.55091	
14.000	      0.965292	       1.23177	
14.500	      0.183126	       8.78316	
15.000	      0.183126	       8.78316	
15.500	        0.4282	       38.9947	
16.000	       1.31531	       5.68431	
16.500	       1.31531	       5.68431	
17.000	      0.769421	       1.47037	
17.500	       2.53776	       2.41596	
18.000	       0.20229	     0.0530432	
18.500	       0.20229	     0.0530432	
19.000	       1.02348	      0.173126	
19.500	      0.581671	      0.116377	
20.000	      0.581671	      0.116377	
20.500	       1.22879	      0.563007	
21.000	       1.68921	     0.0485607	
21.500	       2.41245	       0.54797	
22.000	       2.41245	       0.54797	
22.500	      0.791198	     0.0688345	
23.000	       2.48287	     0.0978068	
23.500	       2.48287	     0.0978068	
24.000	      0.161162	     0.0990388	
24.500	      0.486806	      0.122221	
25.000	     0.0453294	      0.311161	
25.500	     0.0453294	      0.311161	
26.000	       1.74843	     0.0929396	
26.500	       2.16445	     0.0197351	
27.000	       2.16445	     0.0197351	
27.500	       1.76642	      0.957378	
28.000	       4.84257	     0.0549442	
28.500	        5.0758	    0.00541924	
29.000	        5.0758	    0.00541924	
29.500	        4.5405	     0.0245569	
30.000	       4.24555	      0.060818	
30.500	       4.24555	      0.060818	
31.000	       3.58507	      0.115098	
31.500	       5.09091	      0.181916	
32.000	       5.21556	      0.652936	
32.500	       5.21556	      0.652936	
33.000	       6.04653	      0.611433	
33.500	       2.95554	       1.24739	
34.000	       2.95554	       1.24739	
34.500	       6.39883	       3.07624	
35.000	       4.51224	       16.4764	
35.500	       4.51224	       16.4764	
36.000	       3.31396	        169.76	
36.500	      0.823214	       16.5939	
37.000	       1.26114	       3.00358	
37.500	       1.26114	       3.00358	
38.000	       1.21221	       1.87308	
38.500	       1.88267	      0.332631	
39.000	       1.88267	      0.332631	
39.500	       1.43707	       2.56759	
40.000	       1.91637	      0.755979	
40.500	     0.0698247	       3.09983	
41.000	     0.0698247	       3.09983	
41.500	      0.773527	        1.6733	
42.000	      0.605131	       1.97816	
42.500	      0.605131	       1.97816	
43.000	       1.14399	      0.952556	
43.500	       3.67588	       1.03395	
44.000	        1.0479	      0.319343	
44.500	        1.0479	      0.319343	
45.000	        3.3038	      0.329816	
45.500	       1.80995	      0.567203	
46.000	       1.80995	      0.567203	
46.500	       1.74447	      0.182842	
47.000	       2.83281	      0.386455	
47.500	       1.50182	      0.257985	
48.000	       1.50182	      0.257985	
48.500	      0.473938	        0.3053	
49.000	        2.2492	     0.0758535	
49.500	        2.2492	     0.0758535	
50.000	       2.12673	      0.165465	
50.500	       2.36496	     0.0148399	
51.000	       2.87387	      0.156927	
51.500	       2.87387	      0.156927	
52.000	       1.43235	      0.100703	
52.500	       2.28094	      0.105201	
53.000	       2.28094	      0.105201	
53.500	       1.10883	      0.106944	
54.000	       2.81044	      0.108335	
54.500	       2.11699	      0.109541	
55.000	       2.11699	      0.109541	
55.500	      0.901729	      0.110607	
56.000	      0.906784	      0.111555	
56.500	      0.906784	      0.111555	
57.000	       2.05659	      0.112398	
57.500	       1.62635	      0.113143	
58.000	       1.62635	      0.113143	
58.500	       1.16969	      0.113787	
59.000	        1.6099	      0.114311	
59.500	       1.25157	      0.114652	
60.000	       1.25157	      0.114652	
60.500	       1.53291	      0.114596	
61.000	       4.25768	      0.113179	
61.500	       4.25768	      0.113179	
62.000	       1.92678	     0.0986888	
62.500	        1.1834	      0.311595	
63.000	       4.00338	       0.10205	
63.500	       4.00338	       0.10205	
64.000	       2.19327	      0.131551	
64.500	       2.64604	     0.0588843	
65.000	       2.64604	     0.0588843	
65.500	       2.24007	      0.135012	
66.000	       3.25199	      0.121767	
66.500	       2.58561	      0.120356	
67.000	       2.58561	      0.120356	
67.500	       1.05594	      0.120133	
68.000	      0.848339	      0.120238	
68.500	      0.848339	      0.120238	
69.000	       3.36669	      0.120516	
69.500	      0.842855	      0.121021	
70.000	       3.48813	      0.122237	
70.500	       3.48813	      0.122237	
71.000	        1.3205	      0.130168	
71.500	       4.18007	     0.0219099	
72.000	       4.18007	     0.0219099	
72.500	       3.26392	       0.13002	
73.000	       25.3889	      0.118944	
73.500	        229.76	      0.169493	
74.000	        229.76	      0.169493	
74.500	        22.939	      0.119887	
75.000	       3.19332	      0.134978	
75.500	       3.19332	      0.134978	
76.000	       2.64351	     0.0236975	
76.500	      0.217942	      0.135745	
77.000	      0.635822	      0.124441	
77.500	      0.635822	      0.124441	
78.000	      0.267279	      0.123003	
78.500	      0.264943	      0.122589	
79.000	      0.264943	      0.122589	
79.500	      0.138601	      0.122451	
80.000	     0.0832384	      0.122418	
80.500	     0.0832384	      0.122418	
81.000	      0.088147	      0.122431	
81.500	      0.741697	      0.122469	
82.000	       1.41514	       0.12252	
82.500	       1.41514	       0.12252	
83.000	      0.130507	      0.122579	
83.500	      0.689339	      0.122643	
84.000	      0.689339	      0.122643	
84.500	      0.598371	      0.122713	
85.000	      0.116834	       0.12279	
85.500	     0.0659893	      0.122877	
86.000	     0.0659893	      0.122877	
86.500	      0.548638	      0.122983	
87.000	      0.665224	      0.123132	
87.500	      0.665224	      0.123132	
88.000	      0.238132	      0.123389	
88.500	      0.569539	      0.124039	
89.000	      0.188528	      0.128428	
89.500	      0.188528	      0.128428	
90.000	     0.0933374	     0.0683992	
90.500	      0.954922	      0.128586	
91.000	      0.954922	      0.128586	
91.500	      0.556382	      0.124381	
92.000	      0.311436	      0.124003	
92.500	      0.508976	      0.124349	
93.000	      0.508976	      0.124349	
93.500	       1.54607	      0.127994	
94.000	       0.69982	     0.0766203	
94.500	       0.69982	     0.0766203	
95.000	       4.49792	      0.127991	
95.500	       40.4988	      0.124311	
96.000	       8.99835	      0.123828	
96.500	       8.99835	      0.123828	
97.000	       2.39652	      0.123682	
97.500	       1.12821	       0.12363	
98.000	       1.12821	       0.12363	
98.500	       1.29542	      0.123614	
99.000	      0.973076	      0.123615	
99.500	      0.296961	      0.123624	
100.000	      0.296961	      0.123624	
100.500	       1.04051	      0.123638	
101.000	      0.456903	      0.123655	
101.500	      0.456903	      0.123655	
102.000	       1.53431	      0.123674	
102.500	       1.45518	      0.123693	
103.000	       1.45518	      0.123693	
103.500	        1.4172	      0.123713	
104.000	       2.10201	      0.123733	
104.500	        1.1584	      0.123752	
105.000	        1.1584	      0.123752	
105.500	       0.40741	      0.123772	
106.000	      0.714951	      0.123791	
106.500	      0.714951	      0.123791	
107.000	      0.555184	       0.12381	
107.500	      0.566562	      0.123829	
108.000	     0.0737114	      0.123847	
108.500	     0.0737114	      0.123847	
109.000	      0.141388	      0.123865	
109.500	      0.128969	      0.123882	
110.000	      0.128969	      0.123882	
110.500	       0.12704	      0.123899	
111.000	       0.12613	      0.123915	
111.500	      0.125546	      0.123931	
112.000	      0.125546	      0.123931	
112.500	      0.125123	      0.123947	
113.000	        0.1248	      0.123962	
113.500	        0.1248	      0.123962	
114.000	      0.124546	      0.123977	
114.500	      0.124343	      0.123991	
115.000	      0.124179	      0.124005	
115.500	      0.124179	      0.124005	
116.000	      0.124046	      0.124019	
116.500	      0.123937	      0.124032	
117.000	      0.123937	      0.124032	
117.500	      0.123849	      0.124045	
118.000	      0.123777	      0.124057	
118.500	      0.123719	      0.124069	
119.000	      0.123719	      0.124069	
119.500	      0.123673	      0.124081	
120.000	      0.123636	      0.124093	
120.500	      0.123636	      0.124093	
121.000	      0.123608	      0.124104	
121.500	      0.123586	      0.124114	
122.000	      0.123571	      0.124125	
122.500	      0.123571	      0.124125	
123.000	       0.12356	      0.124135	
123.500	      0.123553	      0.124145	
124.000	      0.123553	      0.124145	
124.500	       0.12355	      0.124154	
125.000	       0.12355	      0.124164	
125.500	       0.12355	      0.124164	
126.000	      0.123553	      0.124173	
126.500	      0.123558	      0.124181	
127.000	      0.123565	       0.12419	
127.500	      0.123565	       0.12419	
128.000	      0.123573	      0.124198	
128.500	      0.123583	      0.124206	
129.000	      0.123583	      0.124206	
129.500	      0.123594	      0.124214	
130.000	      0.123606	      0.124221	
130.500	      0.123619	      0.124228	
131.000	      0.123619	      0.124228	
131.500	      0.123632	      0.124235	
132.000	      0.123646	      0.124242	
132.500	      0.123646	      0.124242	
133.000	       0.12366	      0.124249	
133.500	      0.123675	      0.124255	
134.000	      0.123689	      0.124261	
134.500	      0.123689	      0.124261	
135.000	      0.123704	      0.124267	
135.500	       0.12372	      0.124273	
136.000	       0.12372	      0.124273	
136.500	      0.123735	      0.124278	
137.000	       0.12375	      0.124284	
137.500	      0.123765	      0.124289	
138.000	      0.123765	      0.124289	
138.500	       0.12378	      0.124294	
139.000	      0.123795	      0.124299	
139.500	      0.123795	      0.124299	
140.000	       0.12381	      0.124303	
140.500	      0.123825	      0.124308	
141.000	       0.12384	      0.124312	
141.500	       0.12384	      0.124312	
142.000	      0.123854	      0.124316	
142.500	      0.123869	       0.12432	
143.000	      0.123869	       0.12432	
143.500	      0.123883	      0.124324	
144.000	      0.123897	      0.124327	
144.500	       0.12391	      0.124331	
145.000	       0.12391	      0.124331	
145.500	      0.123924	      0.124334	
146.000	      0.123937	      0.124337	
146.500	      0.123937	      0.124337	
147.000	       0.12395	       0.12434	
147.500	      0.123963	      0.124343	
148.000	      0.123963	      0.124343	
148.500	      0.123975	      0.124345	
149.000	      0.123988	      0.124348	
149.500	         0.124	       0.12435	
150.000	         0.124	       0.12435	
150.500	      0.124012	      0.124352	
151.000	      0.124023	      0.124354	
151.500	      0.124023	      0.124354	
152.000	      0.124035	      0.124356	
152.500	      0.124046	      0.124358	
153.000	      0.124057	       0.12436	
153.500	      0.124057	       0.12436	
154.000	      0.124067	      0.124361	
154.500	      0.124078	      0.124362	
155.000	      0.124078	      0.124362	
155.500	      0.124088	      0.124364	
156.000	      0.124098	      0.124365	
156.500	      0.124108	      0.124366	
157.000	      0.124108	      0.124366	
157.500	      0.124117	      0.124366	
158.000	      0.124127	      0.124367	
158.500	      0.124127	      0.124367	
159.000	      0.124136	      0.124367	
159.500	      0.124145	      0.124368	
160.000	      0.124153	      0.124368	
160.500	      0.124153	      0.124368	
161.000	      0.124162	      0.124368	
161.500	       0.12417	      0.124368	
162.000	       0.12417	      0.124368	
162.500	      0.124178	      0.124368	
163.000	      0.124186	      0.124368	
163.500	      0.124194	      0.124367	
164.000	      0.124194	      0.124367	
164.500	      0.124201	      0.124367	
165.000	      0.124208	      0.124366	
165.500	      0.124208	      0.124366	
166.000	      0.124216	      0.124365	
166.500	      0.124222	      0.124364	
167.000	      0.124229	      0.124363	
167.500	      0.124229	      0.124363	
168.000	      0.124236	      0.124362	
168.500	      0.124242	      0.124361	
169.000	      0.124242	      0.124361	
169.500	      0.124248	      0.124359	
170.000	      0.124254	      0.124358	
170.500	      0.124254	      0.124358	
171.000	       0.12426	      0.124356	
171.500	      0.124266	      0.124354	
172.000	      0.124271	      0.124352	
172.500	      0.124271	      0.124352	
173.000	      0.124276	       0.12435	
173.500	      0.124281	      0.124347	
174.000	      0.124281	      0.124347	
174.500	      0.124286	      0.124345	
175.000	      0.124291	      0.124342	
175.500	      0.124296	       0.12434	
176.000	      0.124296	       0.12434	
176.500	        0.1243	      0.124337	
177.000	      0.124305	      0.124334	
177.500	      0.124305	      0.124334	
178.000	      0.124309	      0.124331	
178.500	      0.124313	      0.124327	
179.000	      0.124317	      0.124324	
179.500	      0.124317	      0.124324	
180.000	       0.12432	       0.12432	
