
TracePro Release: 3 2 0 
Polar Candela Distribution Data for 
Data covers +/- 180.000 degrees from Normal
Data for Missed Rays
Data generated at 09:41:24 June 30, 2025

	   0.0	 180.0
0.000	      0.272445	      0.272445	
0.500	      0.270427	      0.274312	
1.000	      0.270427	      0.274312	
1.500	      0.268235	      0.276046	
2.000	      0.265845	      0.277667	
2.500	      0.263228	      0.279189	
3.000	      0.263228	      0.279189	
3.500	      0.260349	      0.280629	
4.000	       0.25717	      0.282001	
4.500	       0.25717	      0.282001	
5.000	      0.253643	       0.28332	
5.500	      0.249714	      0.284601	
6.000	      0.245316	      0.285861	
6.500	      0.245316	      0.285861	
7.000	      0.240367	      0.287122	
7.500	      0.234769	      0.288406	
8.000	      0.234769	      0.288406	
8.500	      0.228401	      0.289744	
9.000	      0.221113	      0.291179	
9.500	      0.212714	      0.292771	
10.000	      0.212714	      0.292771	
10.500	      0.202964	      0.294606	
11.000	      0.191555	      0.296822	
11.500	      0.191555	      0.296822	
12.000	      0.178085	      0.299645	
12.500	      0.162019	      0.303473	
13.000	      0.162019	      0.303473	
13.500	      0.142645	      0.309059	
14.000	       0.11898	      0.317993	
14.500	     0.0896531	      0.334119	
15.000	     0.0896531	      0.334119	
15.500	     0.0526956	      0.368911	
16.000	    0.00520263	      0.471592	
16.500	    0.00520263	      0.471592	
17.000	     0.0572585	       1.22205	
17.500	      0.141725	       9.19959	
18.000	      0.259919	       1.22278	
18.500	      0.259919	       1.22278	
19.000	      0.432568	       0.47305	
19.500	      0.699198	      0.371104	
20.000	      0.699198	      0.371104	
20.500	       1.14313	      0.337054	
21.000	       1.96621	      0.321681	
21.500	       3.77117	      0.313512	
22.000	       3.77117	      0.313512	
22.500	        9.1438	      0.308706	
23.000	       48.5476	      0.305677	
23.500	       48.5476	      0.305677	
24.000	       498.959	      0.303674	
24.500	       48.5478	      0.302302	
25.000	       9.14417	      0.301339	
25.500	       9.14417	      0.301339	
26.000	       3.77173	      0.300652	
26.500	       1.96696	      0.300157	
27.000	       1.96696	      0.300157	
27.500	       1.14407	      0.299799	
28.000	      0.700326	       0.29954	
28.500	      0.433889	      0.299356	
29.000	      0.433889	      0.299356	
29.500	      0.261438	      0.299228	
30.000	      0.143443	      0.299143	
30.500	      0.143443	      0.299143	
31.000	     0.0591806	      0.299091	
31.500	    0.00307247	      0.299064	
32.000	     0.0503527	      0.299057	
32.500	     0.0503527	      0.299057	
33.000	     0.0870921	      0.299065	
33.500	      0.116195	      0.299086	
34.000	      0.116195	      0.299086	
34.500	      0.139629	      0.299117	
35.000	      0.158767	      0.299156	
35.500	      0.158767	      0.299156	
36.000	      0.174586	        0.2992	
36.500	      0.187803	      0.299249	
37.000	      0.198949	      0.299302	
37.500	      0.198949	      0.299302	
38.000	      0.208425	      0.299358	
38.500	      0.216539	      0.299415	
39.000	      0.216539	      0.299415	
39.500	       0.22353	      0.299474	
40.000	      0.229587	      0.299534	
40.500	       0.23486	      0.299595	
41.000	       0.23486	      0.299595	
41.500	      0.239468	      0.299655	
42.000	      0.243508	      0.299716	
42.500	      0.243508	      0.299716	
43.000	      0.247059	      0.299777	
43.500	      0.250187	      0.299837	
44.000	      0.252944	      0.299897	
44.500	      0.252944	      0.299897	
45.000	      0.255375	      0.299956	
45.500	      0.257518	      0.300015	
46.000	      0.257518	      0.300015	
46.500	      0.259401	      0.300073	
47.000	      0.261052	       0.30013	
47.500	      0.262491	      0.300186	
48.000	      0.262491	      0.300186	
48.500	      0.263736	      0.300241	
49.000	      0.264802	      0.300295	
49.500	      0.264802	      0.300295	
50.000	        0.2657	      0.300348	
50.500	       0.26644	        0.3004	
51.000	      0.267028	      0.300451	
51.500	      0.267028	      0.300451	
52.000	      0.267469	      0.300501	
52.500	      0.267768	      0.300551	
53.000	      0.267768	      0.300551	
53.500	      0.267925	      0.300599	
54.000	      0.267939	      0.300646	
54.500	      0.267808	      0.300692	
55.000	      0.267808	      0.300692	
55.500	      0.267527	      0.300738	
56.000	       0.26709	      0.300782	
56.500	       0.26709	      0.300782	
57.000	      0.266487	      0.300825	
57.500	      0.265707	      0.300868	
58.000	      0.265707	      0.300868	
58.500	      0.264733	      0.300909	
59.000	      0.263548	       0.30095	
59.500	      0.262128	       0.30099	
60.000	      0.262128	       0.30099	
60.500	      0.260443	      0.301029	
61.000	      0.258458	      0.301067	
61.500	      0.258458	      0.301067	
62.000	       0.25613	      0.301104	
62.500	      0.253404	       0.30114	
63.000	      0.250213	      0.301176	
63.500	      0.250213	      0.301176	
64.000	      0.246471	      0.301211	
64.500	      0.242073	      0.301245	
65.000	      0.242073	      0.301245	
65.500	      0.236882	      0.301278	
66.000	      0.230722	      0.301311	
66.500	      0.223364	      0.301343	
67.000	      0.223364	      0.301343	
67.500	      0.214504	      0.301374	
68.000	      0.203734	      0.301405	
68.500	      0.203734	      0.301405	
69.000	      0.190493	      0.301435	
69.500	      0.173995	      0.301464	
70.000	      0.153115	      0.301492	
70.500	      0.153115	      0.301492	
71.000	      0.126187	       0.30152	
71.500	     0.0906733	      0.301548	
72.000	     0.0906733	      0.301548	
72.500	     0.0425431	      0.301574	
73.000	     0.0249196	        0.3016	
73.500	      0.123589	      0.301626	
74.000	      0.123589	      0.301626	
74.500	       0.27611	      0.301651	
75.000	      0.530221	      0.301675	
75.500	      0.530221	      0.301675	
76.000	       1.00156	      0.301699	
76.500	       2.03546	      0.301723	
77.000	       5.11338	      0.301746	
77.500	       5.11338	      0.301746	
78.000	       27.6888	      0.301768	
78.500	       285.994	       0.30179	
79.000	       285.994	       0.30179	
79.500	       27.6885	      0.301811	
80.000	       5.11278	      0.301832	
80.500	       5.11278	      0.301832	
81.000	       2.03456	      0.301853	
81.500	       1.00036	      0.301873	
82.000	      0.528709	      0.301892	
82.500	      0.528709	      0.301892	
83.000	       0.27429	      0.301911	
83.500	      0.121456	       0.30193	
84.000	      0.121456	       0.30193	
84.500	       0.02247	      0.301948	
85.000	     0.0453146	      0.301966	
85.500	     0.0937725	      0.301984	
86.000	     0.0937725	      0.301984	
86.500	       0.12962	      0.302001	
87.000	      0.156889	      0.302017	
87.500	      0.156889	      0.302017	
88.000	       0.17812	      0.302034	
88.500	      0.194976	       0.30205	
89.000	      0.208585	      0.302065	
89.500	      0.208585	      0.302065	
90.000	      0.219734	       0.30208	
90.500	      0.228984	      0.302095	
91.000	      0.228984	      0.302095	
91.500	      0.236745	       0.30211	
92.000	      0.243323	      0.302124	
92.500	      0.248947	      0.302138	
93.000	      0.248947	      0.302138	
93.500	      0.253795	      0.302151	
94.000	      0.258004	      0.302164	
94.500	      0.258004	      0.302164	
95.000	      0.261683	      0.302177	
95.500	      0.264917	       0.30219	
96.000	      0.267778	      0.302202	
96.500	      0.267778	      0.302202	
97.000	      0.270319	      0.302214	
97.500	      0.272589	      0.302226	
98.000	      0.272589	      0.302226	
98.500	      0.274625	      0.302237	
99.000	      0.276458	      0.302248	
99.500	      0.278114	      0.302259	
100.000	      0.278114	      0.302259	
100.500	      0.279617	      0.302269	
101.000	      0.280985	       0.30228	
101.500	      0.280985	       0.30228	
102.000	      0.282233	       0.30229	
102.500	      0.283376	      0.302299	
103.000	      0.283376	      0.302299	
103.500	      0.284425	      0.302309	
104.000	      0.285391	      0.302318	
104.500	      0.286282	      0.302327	
105.000	      0.286282	      0.302327	
105.500	      0.287106	      0.302336	
106.000	      0.287869	      0.302344	
106.500	      0.287869	      0.302344	
107.000	      0.288579	      0.302352	
107.500	      0.289238	       0.30236	
108.000	      0.289854	      0.302368	
108.500	      0.289854	      0.302368	
109.000	      0.290428	      0.302375	
109.500	      0.290965	      0.302383	
110.000	      0.290965	      0.302383	
110.500	      0.291469	      0.302389	
111.000	      0.291941	      0.302396	
111.500	      0.292386	      0.302403	
112.000	      0.292386	      0.302403	
112.500	      0.292803	      0.302409	
113.000	      0.293197	      0.302415	
113.500	      0.293197	      0.302415	
114.000	      0.293569	      0.302421	
114.500	       0.29392	      0.302427	
115.000	      0.294252	      0.302432	
115.500	      0.294252	      0.302432	
116.000	      0.294567	      0.302437	
116.500	      0.294865	      0.302442	
117.000	      0.294865	      0.302442	
117.500	      0.295148	      0.302447	
118.000	      0.295416	      0.302452	
118.500	      0.295672	      0.302456	
119.000	      0.295672	      0.302456	
119.500	      0.295915	       0.30246	
120.000	      0.296147	      0.302464	
120.500	      0.296147	      0.302464	
121.000	      0.296368	      0.302468	
121.500	      0.296578	      0.302472	
122.000	       0.29678	      0.302475	
122.500	       0.29678	      0.302475	
123.000	      0.296972	      0.302478	
123.500	      0.297156	      0.302481	
124.000	      0.297156	      0.302481	
124.500	      0.297332	      0.302484	
125.000	      0.297501	      0.302487	
125.500	      0.297501	      0.302487	
126.000	      0.297662	      0.302489	
126.500	      0.297818	      0.302491	
127.000	      0.297966	      0.302493	
127.500	      0.297966	      0.302493	
128.000	      0.298109	      0.302495	
128.500	      0.298247	      0.302496	
129.000	      0.298247	      0.302496	
129.500	      0.298379	      0.302498	
130.000	      0.298505	      0.302499	
130.500	      0.298628	        0.3025	
131.000	      0.298628	        0.3025	
131.500	      0.298745	      0.302501	
132.000	      0.298859	      0.302502	
132.500	      0.298859	      0.302502	
133.000	      0.298968	      0.302502	
133.500	      0.299073	      0.302502	
134.000	      0.299175	      0.302502	
134.500	      0.299175	      0.302502	
135.000	      0.299273	      0.302502	
135.500	      0.299368	      0.302502	
136.000	      0.299368	      0.302502	
136.500	       0.29946	      0.302501	
137.000	      0.299548	      0.302501	
137.500	      0.299634	        0.3025	
138.000	      0.299634	        0.3025	
138.500	      0.299716	      0.302499	
139.000	      0.299797	      0.302498	
139.500	      0.299797	      0.302498	
140.000	      0.299874	      0.302496	
140.500	      0.299949	      0.302494	
141.000	      0.300022	      0.302493	
141.500	      0.300022	      0.302493	
142.000	      0.300092	      0.302491	
142.500	       0.30016	      0.302488	
143.000	       0.30016	      0.302488	
143.500	      0.300227	      0.302486	
144.000	      0.300291	      0.302483	
144.500	      0.300353	       0.30248	
145.000	      0.300353	       0.30248	
145.500	      0.300414	      0.302477	
146.000	      0.300472	      0.302474	
146.500	      0.300472	      0.302474	
147.000	      0.300529	      0.302471	
147.500	      0.300584	      0.302467	
148.000	      0.300584	      0.302467	
148.500	      0.300638	      0.302463	
149.000	       0.30069	      0.302459	
149.500	      0.300741	      0.302455	
150.000	      0.300741	      0.302455	
150.500	       0.30079	       0.30245	
151.000	      0.300838	      0.302445	
151.500	      0.300838	      0.302445	
152.000	      0.300885	      0.302441	
152.500	       0.30093	      0.302435	
153.000	      0.300975	       0.30243	
153.500	      0.300975	       0.30243	
154.000	      0.301018	      0.302424	
154.500	      0.301059	      0.302419	
155.000	      0.301059	      0.302419	
155.500	        0.3011	      0.302413	
156.000	       0.30114	      0.302406	
156.500	      0.301178	        0.3024	
157.000	      0.301178	        0.3024	
157.500	      0.301216	      0.302393	
158.000	      0.301252	      0.302386	
158.500	      0.301252	      0.302386	
159.000	      0.301288	      0.302379	
159.500	      0.301323	      0.302372	
160.000	      0.301357	      0.302364	
160.500	      0.301357	      0.302364	
161.000	       0.30139	      0.302356	
161.500	      0.301422	      0.302348	
162.000	      0.301422	      0.302348	
162.500	      0.301453	      0.302339	
163.000	      0.301484	       0.30233	
163.500	      0.301514	      0.302321	
164.000	      0.301514	      0.302321	
164.500	      0.301543	      0.302312	
165.000	      0.301571	      0.302303	
165.500	      0.301571	      0.302303	
166.000	      0.301599	      0.302293	
166.500	      0.301626	      0.302283	
167.000	      0.301652	      0.302272	
167.500	      0.301652	      0.302272	
168.000	      0.301678	      0.302262	
168.500	      0.301703	      0.302251	
169.000	      0.301703	      0.302251	
169.500	      0.301727	       0.30224	
170.000	      0.301751	      0.302228	
170.500	      0.301751	      0.302228	
171.000	      0.301774	      0.302216	
171.500	      0.301797	      0.302204	
172.000	      0.301819	      0.302191	
172.500	      0.301819	      0.302191	
173.000	      0.301841	      0.302179	
173.500	      0.301862	      0.302165	
174.000	      0.301862	      0.302165	
174.500	      0.301883	      0.302152	
175.000	      0.301903	      0.302138	
175.500	      0.301922	      0.302124	
176.000	      0.301922	      0.302124	
176.500	      0.301941	      0.302109	
177.000	       0.30196	      0.302094	
177.500	       0.30196	      0.302094	
178.000	      0.301978	      0.302079	
178.500	      0.301996	      0.302063	
179.000	      0.302014	      0.302047	
179.500	      0.302014	      0.302047	
180.000	       0.30203	       0.30203	
