
TracePro Release: 3 2 0 
Polar Candela Distribution Data for 
Data covers +/- 180.000 degrees from Normal
Data for Missed Rays
Data generated at 09:41:24 June 30, 2025

	   0.0	 180.0
0.000	      0.308501	      0.308501	
0.500	      0.308104	      0.308878	
1.000	      0.308104	      0.308878	
1.500	      0.307686	      0.309236	
2.000	      0.307246	      0.309577	
2.500	      0.306781	      0.309902	
3.000	      0.306781	      0.309902	
3.500	      0.306289	      0.310212	
4.000	      0.305769	      0.310508	
4.500	      0.305769	      0.310508	
5.000	      0.305218	      0.310791	
5.500	      0.304633	      0.311061	
6.000	      0.304012	       0.31132	
6.500	      0.304012	       0.31132	
7.000	      0.303351	      0.311567	
7.500	      0.302647	      0.311804	
8.000	      0.302647	      0.311804	
8.500	      0.301896	      0.312031	
9.000	      0.301093	      0.312249	
9.500	      0.300233	      0.312459	
10.000	      0.300233	      0.312459	
10.500	      0.299311	      0.312659	
11.000	       0.29832	      0.312853	
11.500	       0.29832	      0.312853	
12.000	      0.297253	      0.313038	
12.500	      0.296102	      0.313217	
13.000	      0.296102	      0.313217	
13.500	      0.294857	      0.313389	
14.000	      0.293507	      0.313554	
14.500	       0.29204	      0.313714	
15.000	       0.29204	      0.313714	
15.500	      0.290441	      0.313868	
16.000	      0.288694	      0.314016	
16.500	      0.288694	      0.314016	
17.000	      0.286778	      0.314159	
17.500	      0.284671	      0.314298	
18.000	      0.282346	      0.314431	
18.500	      0.282346	      0.314431	
19.000	       0.27977	       0.31456	
19.500	      0.276904	      0.314685	
20.000	      0.276904	      0.314685	
20.500	      0.273703	      0.314805	
21.000	       0.27011	      0.314922	
21.500	      0.266057	      0.315035	
22.000	      0.266057	      0.315035	
22.500	      0.261458	      0.315144	
23.000	       0.25621	      0.315249	
23.500	       0.25621	      0.315249	
24.000	      0.250179	      0.315352	
24.500	        0.2432	      0.315451	
25.000	      0.235057	      0.315547	
25.500	      0.235057	      0.315547	
26.000	       0.22547	      0.315641	
26.500	       0.21407	      0.315731	
27.000	       0.21407	      0.315731	
27.500	      0.200359	      0.315819	
28.000	      0.183657	      0.315904	
28.500	       0.16301	      0.315987	
29.000	       0.16301	      0.315987	
29.500	      0.137054	      0.316067	
30.000	      0.103771	      0.316145	
30.500	      0.103771	      0.316145	
31.000	     0.0600866	      0.316221	
31.500	    0.00111933	      0.316295	
32.000	     0.0812623	      0.316367	
32.500	     0.0812623	      0.316367	
33.000	      0.201433	      0.316436	
33.500	      0.386807	      0.316504	
34.000	      0.386807	      0.316504	
34.500	      0.695167	       0.31657	
35.000	       1.26649	      0.316634	
35.500	       1.26649	      0.316634	
36.000	       2.51876	      0.316696	
36.500	       6.24516	      0.316757	
37.000	       33.5714	      0.316816	
37.500	       33.5714	      0.316816	
38.000	        346.11	      0.316874	
38.500	        33.573	       0.31693	
39.000	        33.573	       0.31693	
39.500	       6.24835	      0.316984	
40.000	       2.52357	      0.317038	
40.500	       1.27295	       0.31709	
41.000	       1.27295	       0.31709	
41.500	      0.703323	       0.31714	
42.000	      0.396708	       0.31719	
42.500	      0.396708	       0.31719	
43.000	      0.213144	      0.317238	
43.500	     0.0948615	      0.317284	
44.000	     0.0144617	       0.31733	
44.500	     0.0144617	       0.31733	
45.000	     0.0424139	      0.317375	
45.500	     0.0838781	      0.317418	
46.000	     0.0838781	      0.317418	
46.500	      0.114791	      0.317461	
47.000	      0.138205	      0.317502	
47.500	      0.156107	      0.317543	
48.000	      0.156107	      0.317543	
48.500	      0.169832	      0.317582	
49.000	      0.180294	      0.317621	
49.500	      0.180294	      0.317621	
50.000	       0.18813	      0.317658	
50.500	      0.193784	      0.317695	
51.000	      0.197561	      0.317731	
51.500	      0.197561	      0.317731	
52.000	      0.199666	      0.317766	
52.500	      0.200219	        0.3178	
53.000	      0.200219	        0.3178	
53.500	      0.199273	      0.317834	
54.000	      0.196817	      0.317867	
54.500	      0.192775	      0.317898	
55.000	      0.192775	      0.317898	
55.500	      0.187006	       0.31793	
56.000	      0.179285	       0.31796	
56.500	      0.179285	       0.31796	
57.000	      0.169287	       0.31799	
57.500	      0.156557	      0.318019	
58.000	      0.156557	      0.318019	
58.500	      0.140456	      0.318048	
59.000	       0.12009	      0.318075	
59.500	      0.094188	      0.318103	
60.000	      0.094188	      0.318103	
60.500	     0.0609133	      0.318129	
61.000	     0.0175395	      0.318155	
61.500	     0.0175395	      0.318155	
62.000	     0.0401061	      0.318181	
62.500	       0.11866	      0.318206	
63.000	      0.229191	       0.31823	
63.500	      0.229191	       0.31823	
64.000	      0.391275	      0.318254	
64.500	      0.642264	      0.318277	
65.000	      0.642264	      0.318277	
65.500	        1.0609	        0.3183	
66.000	       1.83794	      0.318322	
66.500	       3.54306	      0.318344	
67.000	       3.54306	      0.318344	
67.500	       8.62019	      0.318365	
68.000	       45.8617	      0.318386	
68.500	       45.8617	      0.318386	
69.000	       471.611	      0.318406	
69.500	       45.8605	      0.318426	
70.000	       8.61785	      0.318446	
70.500	       8.61785	      0.318446	
71.000	       3.53953	      0.318465	
71.500	        1.8332	      0.318483	
72.000	        1.8332	      0.318483	
72.500	       1.05491	      0.318501	
73.000	      0.634999	      0.318519	
73.500	      0.382682	      0.318537	
74.000	      0.382682	      0.318537	
74.500	      0.219212	      0.318554	
75.000	      0.107228	       0.31857	
75.500	      0.107228	       0.31857	
76.000	     0.0271392	      0.318587	
76.500	     0.0321352	      0.318602	
77.000	     0.0772476	      0.318618	
77.500	     0.0772476	      0.318618	
78.000	      0.112388	      0.318633	
78.500	      0.140303	      0.318648	
79.000	      0.140303	      0.318648	
79.500	      0.162855	      0.318662	
80.000	      0.181339	      0.318677	
80.500	      0.181339	      0.318677	
81.000	      0.196685	      0.318691	
81.500	      0.209568	      0.318704	
82.000	      0.220492	      0.318717	
82.500	      0.220492	      0.318717	
83.000	      0.229838	       0.31873	
83.500	      0.237898	      0.318743	
84.000	      0.237898	      0.318743	
84.500	        0.2449	      0.318755	
85.000	      0.251023	      0.318767	
85.500	      0.256409	      0.318779	
86.000	      0.256409	      0.318779	
86.500	      0.261174	       0.31879	
87.000	       0.26541	      0.318801	
87.500	       0.26541	      0.318801	
88.000	      0.269194	      0.318812	
88.500	      0.272589	      0.318823	
89.000	      0.275646	      0.318833	
89.500	      0.275646	      0.318833	
90.000	      0.278411	      0.318843	
90.500	      0.280919	      0.318853	
91.000	      0.280919	      0.318853	
91.500	      0.283202	      0.318863	
92.000	      0.285286	      0.318872	
92.500	      0.287194	      0.318881	
93.000	      0.287194	      0.318881	
93.500	      0.288946	       0.31889	
94.000	      0.290559	      0.318898	
94.500	      0.290559	      0.318898	
95.000	      0.292047	      0.318907	
95.500	      0.293423	      0.318915	
96.000	      0.294697	      0.318923	
96.500	      0.294697	      0.318923	
97.000	      0.295881	       0.31893	
97.500	      0.296983	      0.318938	
98.000	      0.296983	      0.318938	
98.500	      0.298009	      0.318945	
99.000	      0.298967	      0.318952	
99.500	      0.299864	      0.318959	
100.000	      0.299864	      0.318959	
100.500	      0.300703	      0.318965	
101.000	      0.301491	      0.318972	
101.500	      0.301491	      0.318972	
102.000	      0.302231	      0.318978	
102.500	      0.302927	      0.318984	
103.000	      0.302927	      0.318984	
103.500	      0.303582	      0.318989	
104.000	      0.304201	      0.318995	
104.500	      0.304785	         0.319	
105.000	      0.304785	         0.319	
105.500	      0.305337	      0.319005	
106.000	      0.305859	       0.31901	
106.500	      0.305859	       0.31901	
107.000	      0.306354	      0.319015	
107.500	      0.306824	      0.319019	
108.000	      0.307269	      0.319023	
108.500	      0.307269	      0.319023	
109.000	      0.307693	      0.319027	
109.500	      0.308096	      0.319031	
110.000	      0.308096	      0.319031	
110.500	      0.308479	      0.319035	
111.000	      0.308844	      0.319039	
111.500	      0.309193	      0.319042	
112.000	      0.309193	      0.319042	
112.500	      0.309525	      0.319045	
113.000	      0.309843	      0.319048	
113.500	      0.309843	      0.319048	
114.000	      0.310146	      0.319051	
114.500	      0.310436	      0.319053	
115.000	      0.310714	      0.319056	
115.500	      0.310714	      0.319056	
116.000	       0.31098	      0.319058	
116.500	      0.311235	       0.31906	
117.000	      0.311235	       0.31906	
117.500	       0.31148	      0.319062	
118.000	      0.311714	      0.319064	
118.500	       0.31194	      0.319065	
119.000	       0.31194	      0.319065	
119.500	      0.312156	      0.319066	
120.000	      0.312364	      0.319067	
120.500	      0.312364	      0.319067	
121.000	      0.312564	      0.319068	
121.500	      0.312756	      0.319069	
122.000	      0.312942	       0.31907	
122.500	      0.312942	       0.31907	
123.000	       0.31312	       0.31907	
123.500	      0.313292	       0.31907	
124.000	      0.313292	       0.31907	
124.500	      0.313458	       0.31907	
125.000	      0.313618	       0.31907	
125.500	      0.313618	       0.31907	
126.000	      0.313772	       0.31907	
126.500	      0.313921	      0.319069	
127.000	      0.314065	      0.319069	
127.500	      0.314065	      0.319069	
128.000	      0.314204	      0.319068	
128.500	      0.314338	      0.319067	
129.000	      0.314338	      0.319067	
129.500	      0.314468	      0.319066	
130.000	      0.314593	      0.319064	
130.500	      0.314715	      0.319063	
131.000	      0.314715	      0.319063	
131.500	      0.314833	      0.319061	
132.000	      0.314946	      0.319059	
132.500	      0.314946	      0.319059	
133.000	      0.315057	      0.319057	
133.500	      0.315164	      0.319055	
134.000	      0.315267	      0.319052	
134.500	      0.315267	      0.319052	
135.000	      0.315368	       0.31905	
135.500	      0.315465	      0.319047	
136.000	      0.315465	      0.319047	
136.500	       0.31556	      0.319044	
137.000	      0.315651	       0.31904	
137.500	       0.31574	      0.319037	
138.000	       0.31574	      0.319037	
138.500	      0.315827	      0.319033	
139.000	      0.315911	       0.31903	
139.500	      0.315911	       0.31903	
140.000	      0.315992	      0.319026	
140.500	      0.316072	      0.319022	
141.000	      0.316149	      0.319017	
141.500	      0.316149	      0.319017	
142.000	      0.316224	      0.319013	
142.500	      0.316296	      0.319008	
143.000	      0.316296	      0.319008	
143.500	      0.316367	      0.319003	
144.000	      0.316436	      0.318998	
144.500	      0.316503	      0.318992	
145.000	      0.316503	      0.318992	
145.500	      0.316568	      0.318987	
146.000	      0.316632	      0.318981	
146.500	      0.316632	      0.318981	
147.000	      0.316694	      0.318975	
147.500	      0.316754	      0.318969	
148.000	      0.316754	      0.318969	
148.500	      0.316813	      0.318962	
149.000	       0.31687	      0.318956	
149.500	      0.316926	      0.318949	
150.000	      0.316926	      0.318949	
150.500	       0.31698	      0.318942	
151.000	      0.317033	      0.318935	
151.500	      0.317033	      0.318935	
152.000	      0.317084	      0.318927	
152.500	      0.317135	      0.318919	
153.000	      0.317184	      0.318912	
153.500	      0.317184	      0.318912	
154.000	      0.317232	      0.318903	
154.500	      0.317278	      0.318895	
155.000	      0.317278	      0.318895	
155.500	      0.317324	      0.318886	
156.000	      0.317368	      0.318877	
156.500	      0.317412	      0.318868	
157.000	      0.317412	      0.318868	
157.500	      0.317454	      0.318859	
158.000	      0.317495	      0.318849	
158.500	      0.317495	      0.318849	
159.000	      0.317536	      0.318839	
159.500	      0.317575	      0.318829	
160.000	      0.317614	      0.318819	
160.500	      0.317614	      0.318819	
161.000	      0.317651	      0.318808	
161.500	      0.317688	      0.318797	
162.000	      0.317688	      0.318797	
162.500	      0.317724	      0.318786	
163.000	      0.317759	      0.318774	
163.500	      0.317793	      0.318762	
164.000	      0.317793	      0.318762	
164.500	      0.317826	       0.31875	
165.000	      0.317859	      0.318738	
165.500	      0.317859	      0.318738	
166.000	      0.317891	      0.318725	
166.500	      0.317922	      0.318712	
167.000	      0.317953	      0.318699	
167.500	      0.317953	      0.318699	
168.000	      0.317983	      0.318685	
168.500	      0.318012	      0.318671	
169.000	      0.318012	      0.318671	
169.500	       0.31804	      0.318657	
170.000	      0.318068	      0.318643	
170.500	      0.318068	      0.318643	
171.000	      0.318095	      0.318628	
171.500	      0.318122	      0.318612	
172.000	      0.318148	      0.318597	
172.500	      0.318148	      0.318597	
173.000	      0.318174	      0.318581	
173.500	      0.318199	      0.318564	
174.000	      0.318199	      0.318564	
174.500	      0.318223	      0.318548	
175.000	      0.318247	      0.318531	
175.500	       0.31827	      0.318513	
176.000	       0.31827	      0.318513	
176.500	      0.318293	      0.318495	
177.000	      0.318315	      0.318477	
177.500	      0.318315	      0.318477	
178.000	      0.318337	      0.318458	
178.500	      0.318358	      0.318439	
179.000	      0.318379	       0.31842	
179.500	      0.318379	       0.31842	
180.000	        0.3184	        0.3184	
