
TracePro Release: 3 2 0 
Polar Candela Distribution Data for 
Data covers +/- 180.000 degrees from Normal
Data for Missed Rays
Data generated at 09:43:27 June 25, 2025

	   0.0	 180.0
0.000	       0.30165	       0.30165	
0.500	       0.22267	       0.12273	
1.000	       0.22267	       0.12273	
1.500	      0.226902	      0.242688	
2.000	      0.228531	       0.15312	
2.500	      0.239878	      0.234485	
3.000	      0.239878	      0.234485	
3.500	     0.0801146	      0.225119	
4.000	      0.243055	      0.273411	
4.500	      0.243055	      0.273411	
5.000	      0.160645	       0.22587	
5.500	       0.35916	      0.238954	
6.000	     0.0902747	      0.106003	
6.500	     0.0902747	      0.106003	
7.000	      0.327377	      0.239874	
7.500	       0.13204	      0.231036	
8.000	       0.13204	      0.231036	
8.500	      0.459029	      0.235876	
9.000	     0.0592688	      0.134922	
9.500	      0.401352	      0.305643	
10.000	      0.401352	      0.305643	
10.500	     0.0482571	      0.223333	
11.000	      0.299089	      0.232183	
11.500	      0.299089	      0.232183	
12.000	     0.0616531	      0.163437	
12.500	      0.425608	      0.229377	
13.000	      0.425608	      0.229377	
13.500	     0.0743251	      0.213536	
14.000	       0.49202	      0.324226	
14.500	    0.00726746	       0.15561	
15.000	    0.00726746	       0.15561	
15.500	      0.433629	      0.915793	
16.000	      0.205625	      0.620037	
16.500	      0.205625	      0.620037	
17.000	       0.48733	       2.07906	
17.500	      0.182256	      0.906169	
18.000	       0.54202	       1.46155	
18.500	       0.54202	       1.46155	
19.000	      0.024655	       1.06208	
19.500	      0.894817	       1.46686	
20.000	      0.894817	       1.46686	
20.500	     0.0510072	       1.64324	
21.000	      0.568878	       1.15818	
21.500	      0.023741	     0.0831153	
22.000	      0.023741	     0.0831153	
22.500	      0.581057	      0.234793	
23.000	     0.0981989	      0.230512	
23.500	     0.0981989	      0.230512	
24.000	      0.427891	      0.230182	
24.500	     0.0399801	      0.230066	
25.000	      0.698988	      0.230017	
25.500	      0.698988	      0.230017	
26.000	     0.0172873	      0.229999	
26.500	      0.321401	      0.229994	
27.000	      0.321401	      0.229994	
27.500	      0.288787	      0.229992	
28.000	      0.529928	      0.229981	
28.500	     0.0867593	      0.229945	
29.000	     0.0867593	      0.229945	
29.500	      0.628311	      0.229851	
30.000	      0.242391	      0.229604	
30.500	      0.242391	      0.229604	
31.000	      0.361146	      0.228816	
31.500	      0.326939	      0.223051	
32.000	      0.126879	      0.301277	
32.500	      0.126879	      0.301277	
33.000	      0.366478	      0.217839	
33.500	      0.115212	      0.305673	
34.000	      0.115212	      0.305673	
34.500	       0.57004	      0.154385	
35.000	      0.395215	      0.235585	
35.500	      0.395215	      0.235585	
36.000	       1.58591	      0.231064	
36.500	       3.15448	      0.230673	
37.000	        18.923	      0.230609	
37.500	        18.923	      0.230609	
38.000	       192.746	      0.230613	
38.500	       19.7097	      0.230636	
39.000	       19.7097	      0.230636	
39.500	       2.40432	      0.230664	
40.000	        1.6959	      0.230693	
40.500	      0.374649	      0.230723	
41.000	      0.374649	      0.230723	
41.500	      0.484048	      0.230752	
42.000	      0.837067	      0.230779	
42.500	      0.837067	      0.230779	
43.000	         1.261	      0.230806	
43.500	      0.111724	      0.230832	
44.000	      0.080077	      0.230858	
44.500	      0.080077	      0.230858	
45.000	       1.25213	      0.230882	
45.500	       1.59159	      0.230905	
46.000	       1.59159	      0.230905	
46.500	      0.434839	      0.230928	
47.000	      0.695109	       0.23095	
47.500	        1.3374	      0.230972	
48.000	        1.3374	      0.230972	
48.500	       2.42715	      0.230992	
49.000	       1.34613	      0.231013	
49.500	       1.34613	      0.231013	
50.000	     0.0764634	      0.231032	
50.500	       0.53404	      0.231051	
51.000	       3.28919	       0.23107	
51.500	       3.28919	       0.23107	
52.000	       2.21907	      0.231088	
52.500	      0.811498	      0.231105	
53.000	      0.811498	      0.231105	
53.500	       1.07566	      0.231122	
54.000	     0.0696698	      0.231139	
54.500	       1.99234	      0.231155	
55.000	       1.99234	      0.231155	
55.500	      0.886387	      0.231171	
56.000	      0.387614	      0.231186	
56.500	      0.387614	      0.231186	
57.000	      0.794315	      0.231201	
57.500	       1.15162	      0.231215	
58.000	       1.15162	      0.231215	
58.500	      0.916684	       0.23123	
59.000	        2.8071	      0.231243	
59.500	       1.10463	      0.231257	
60.000	       1.10463	      0.231257	
60.500	       2.05434	       0.23127	
61.000	      0.862973	      0.231282	
61.500	      0.862973	      0.231282	
62.000	       1.22603	      0.231295	
62.500	        1.8403	      0.231307	
63.000	       3.69684	      0.231319	
63.500	       3.69684	      0.231319	
64.000	       1.21973	       0.23133	
64.500	       2.85765	      0.231341	
65.000	       2.85765	      0.231341	
65.500	       2.11656	      0.231352	
66.000	       2.82059	      0.231363	
66.500	     0.0508862	      0.231373	
67.000	     0.0508862	      0.231373	
67.500	        1.1751	      0.231383	
68.000	       1.56912	      0.231393	
68.500	       1.56912	      0.231393	
69.000	       2.67963	      0.231402	
69.500	       7.85818	      0.231411	
70.000	       7.50839	       0.23142	
70.500	       7.50839	       0.23142	
71.000	       9.89719	      0.231429	
71.500	       8.37987	      0.231437	
72.000	       8.37987	      0.231437	
72.500	       9.08231	      0.231446	
73.000	       8.31004	      0.231454	
73.500	        8.9914	      0.231461	
74.000	        8.9914	      0.231461	
74.500	       6.55376	      0.231469	
75.000	       7.94229	      0.231476	
75.500	       7.94229	      0.231476	
76.000	       6.41287	      0.231483	
76.500	       5.23049	       0.23149	
77.000	       2.32854	      0.231497	
77.500	       2.32854	      0.231497	
78.000	        5.3248	      0.231503	
78.500	       5.19599	      0.231509	
79.000	       5.19599	      0.231509	
79.500	       2.83656	      0.231515	
80.000	       1.34739	      0.231521	
80.500	       1.34739	      0.231521	
81.000	       1.85421	      0.231527	
81.500	       3.90867	      0.231532	
82.000	       3.36888	      0.231538	
82.500	       3.36888	      0.231538	
83.000	      0.579055	      0.231543	
83.500	       2.74983	      0.231548	
84.000	       2.74983	      0.231548	
84.500	        5.4676	      0.231552	
85.000	       3.07532	      0.231557	
85.500	       2.37902	      0.231561	
86.000	       2.37902	      0.231561	
86.500	       2.42599	      0.231565	
87.000	       2.69903	      0.231569	
87.500	       2.69903	      0.231569	
88.000	       3.86884	      0.231573	
88.500	      0.538531	      0.231577	
89.000	       3.97796	       0.23158	
89.500	       3.97796	       0.23158	
90.000	       17.3522	      0.231583	
90.500	       3.44644	      0.231587	
91.000	       3.44644	      0.231587	
91.500	      0.142965	      0.231589	
92.000	        2.6881	      0.231592	
92.500	      0.781289	      0.231595	
93.000	      0.781289	      0.231595	
93.500	       3.22239	      0.231597	
94.000	        6.7044	        0.2316	
94.500	        6.7044	        0.2316	
95.000	       39.4072	      0.231602	
95.500	       403.918	      0.231604	
96.000	       39.3327	      0.231606	
96.500	       39.3327	      0.231606	
97.000	       7.42667	      0.231607	
97.500	       3.07429	      0.231609	
98.000	       3.07429	      0.231609	
98.500	       1.61125	       0.23161	
99.000	      0.943661	      0.231611	
99.500	      0.583358	      0.231612	
100.000	      0.583358	      0.231612	
100.500	      0.366817	      0.231613	
101.000	      0.226515	      0.231614	
101.500	      0.226515	      0.231614	
102.000	       0.13041	      0.231615	
102.500	     0.0616934	      0.231615	
103.000	     0.0616934	      0.231615	
103.500	     0.0108557	      0.231615	
104.000	     0.0278145	      0.231615	
104.500	     0.0579161	      0.231615	
105.000	     0.0579161	      0.231615	
105.500	     0.0818086	      0.231615	
106.000	      0.101091	      0.231615	
106.500	      0.101091	      0.231615	
107.000	       0.11688	      0.231614	
107.500	      0.129971	      0.231614	
108.000	      0.140947	      0.231613	
108.500	      0.140947	      0.231613	
109.000	      0.150241	      0.231612	
109.500	       0.15818	      0.231611	
110.000	       0.15818	      0.231611	
110.500	      0.165016	       0.23161	
111.000	      0.170944	      0.231608	
111.500	       0.17612	      0.231607	
112.000	       0.17612	      0.231607	
112.500	      0.180664	      0.231605	
113.000	      0.184677	      0.231603	
113.500	      0.184677	      0.231603	
114.000	      0.188238	      0.231601	
114.500	      0.191412	      0.231599	
115.000	      0.194254	      0.231597	
115.500	      0.194254	      0.231597	
116.000	      0.196809	      0.231594	
116.500	      0.199115	      0.231592	
117.000	      0.199115	      0.231592	
117.500	      0.201202	      0.231589	
118.000	      0.203098	      0.231586	
118.500	      0.204825	      0.231583	
119.000	      0.204825	      0.231583	
119.500	      0.206403	      0.231579	
120.000	      0.207849	      0.231576	
120.500	      0.207849	      0.231576	
121.000	      0.209177	      0.231572	
121.500	        0.2104	      0.231568	
122.000	      0.211528	      0.231564	
122.500	      0.211528	      0.231564	
123.000	      0.212571	       0.23156	
123.500	      0.213538	      0.231556	
124.000	      0.213538	      0.231556	
124.500	      0.214436	      0.231552	
125.000	       0.21527	      0.231547	
125.500	       0.21527	      0.231547	
126.000	      0.216048	      0.231542	
126.500	      0.216774	      0.231537	
127.000	      0.217453	      0.231532	
127.500	      0.217453	      0.231532	
128.000	      0.218088	      0.231527	
128.500	      0.218684	      0.231521	
129.000	      0.218684	      0.231521	
129.500	      0.219243	      0.231515	
130.000	      0.219769	      0.231509	
130.500	      0.220263	      0.231503	
131.000	      0.220263	      0.231503	
131.500	       0.22073	      0.231497	
132.000	       0.22117	      0.231491	
132.500	       0.22117	      0.231491	
133.000	      0.221586	      0.231484	
133.500	      0.221979	      0.231477	
134.000	      0.222351	       0.23147	
134.500	      0.222351	       0.23147	
135.000	      0.222704	      0.231463	
135.500	      0.223038	      0.231455	
136.000	      0.223038	      0.231455	
136.500	      0.223356	      0.231447	
137.000	      0.223658	      0.231439	
137.500	      0.223945	      0.231431	
138.000	      0.223945	      0.231431	
138.500	      0.224218	      0.231423	
139.000	      0.224479	      0.231414	
139.500	      0.224479	      0.231414	
140.000	      0.224727	      0.231405	
140.500	      0.224964	      0.231396	
141.000	       0.22519	      0.231387	
141.500	       0.22519	      0.231387	
142.000	      0.225406	      0.231378	
142.500	      0.225613	      0.231368	
143.000	      0.225613	      0.231368	
143.500	       0.22581	      0.231358	
144.000	         0.226	      0.231347	
144.500	      0.226181	      0.231337	
145.000	      0.226181	      0.231337	
145.500	      0.226355	      0.231326	
146.000	      0.226522	      0.231315	
146.500	      0.226522	      0.231315	
147.000	      0.226682	      0.231304	
147.500	      0.226836	      0.231292	
148.000	      0.226836	      0.231292	
148.500	      0.226984	       0.23128	
149.000	      0.227126	      0.231268	
149.500	      0.227262	      0.231256	
150.000	      0.227262	      0.231256	
150.500	      0.227394	      0.231243	
151.000	       0.22752	       0.23123	
151.500	       0.22752	       0.23123	
152.000	      0.227642	      0.231216	
152.500	       0.22776	      0.231202	
153.000	      0.227873	      0.231188	
153.500	      0.227873	      0.231188	
154.000	      0.227982	      0.231174	
154.500	      0.228088	      0.231159	
155.000	      0.228088	      0.231159	
155.500	       0.22819	      0.231144	
156.000	      0.228288	      0.231129	
156.500	      0.228383	      0.231113	
157.000	      0.228383	      0.231113	
157.500	      0.228475	      0.231097	
158.000	      0.228563	       0.23108	
158.500	      0.228563	       0.23108	
159.000	      0.228649	      0.231063	
159.500	      0.228732	      0.231046	
160.000	      0.228813	      0.231028	
160.500	      0.228813	      0.231028	
161.000	       0.22889	       0.23101	
161.500	      0.228966	      0.230991	
162.000	      0.228966	      0.230991	
162.500	      0.229039	      0.230972	
163.000	       0.22911	      0.230953	
163.500	      0.229178	      0.230933	
164.000	      0.229178	      0.230933	
164.500	      0.229245	      0.230912	
165.000	      0.229309	      0.230892	
165.500	      0.229309	      0.230892	
166.000	      0.229372	       0.23087	
166.500	      0.229433	      0.230848	
167.000	      0.229492	      0.230826	
167.500	      0.229492	      0.230826	
168.000	      0.229549	      0.230803	
168.500	      0.229604	      0.230779	
169.000	      0.229604	      0.230779	
169.500	      0.229658	      0.230755	
170.000	      0.229711	       0.23073	
170.500	      0.229711	       0.23073	
171.000	      0.229762	      0.230705	
171.500	      0.229812	      0.230679	
172.000	       0.22986	      0.230652	
172.500	       0.22986	      0.230652	
173.000	      0.229907	      0.230625	
173.500	      0.229952	      0.230597	
174.000	      0.229952	      0.230597	
174.500	      0.229997	      0.230569	
175.000	       0.23004	      0.230539	
175.500	      0.230082	      0.230509	
176.000	      0.230082	      0.230509	
176.500	      0.230123	      0.230478	
177.000	      0.230163	      0.230447	
177.500	      0.230163	      0.230447	
178.000	      0.230202	      0.230414	
178.500	      0.230239	      0.230381	
179.000	      0.230276	      0.230347	
179.500	      0.230276	      0.230347	
180.000	      0.230312	      0.230312	
