
TracePro Release: 3 2 0 
Polar Candela Distribution Data for 
Data covers +/- 180.000 degrees from Normal
Data for Missed Rays
Data generated at 09:43:30 June 25, 2025

	   0.0	 180.0
0.000	      0.103459	      0.103459	
0.500	      0.112935	      0.103209	
1.000	      0.112935	      0.103209	
1.500	      0.183098	      0.103473	
2.000	       1.07536	      0.104472	
2.500	      0.790868	      0.108193	
3.000	      0.790868	      0.108193	
3.500	       2.04701	      0.138191	
4.000	       2.22485	      0.286176	
4.500	       2.22485	      0.286176	
5.000	       1.50857	      0.136694	
5.500	       4.59123	      0.104653	
6.000	       5.71328	     0.0965744	
6.500	       5.71328	     0.0965744	
7.000	       6.65025	      0.068854	
7.500	       5.79029	      0.427339	
8.000	       5.79029	      0.427339	
8.500	       9.64271	     0.0667553	
9.000	       11.0843	     0.0916889	
9.500	       11.3227	     0.0941533	
10.000	       11.3227	     0.0941533	
10.500	       13.4196	     0.0940515	
11.000	       16.9737	     0.0929624	
11.500	       16.9737	     0.0929624	
12.000	       11.0576	     0.0911809	
12.500	      0.610984	     0.0892178	
13.000	      0.610984	     0.0892178	
13.500	     0.0143135	     0.0988644	
14.000	     0.0755811	      0.189206	
14.500	     0.0927283	      0.367687	
15.000	     0.0927283	      0.367687	
15.500	      0.102514	      0.020623	
16.000	      0.134304	      0.173984	
16.500	      0.134304	      0.173984	
17.000	       0.27024	       1.93215	
17.500	      0.136375	        31.875	
18.000	      0.107693	        59.549	
18.500	      0.107693	        59.549	
19.000	      0.104203	       62.7946	
19.500	      0.103541	       54.4579	
20.000	      0.103541	       54.4579	
20.500	      0.104277	        59.225	
21.000	       0.10792	       47.3263	
21.500	      0.137175	       31.6165	
22.000	      0.137175	       31.6165	
22.500	      0.273822	       15.7084	
23.000	      0.136563	       1.08639	
23.500	      0.136563	       1.08639	
24.000	      0.106574	      0.204955	
24.500	      0.101858	      0.272157	
25.000	       0.09914	     0.0987715	
25.500	       0.09914	     0.0987715	
26.000	     0.0946562	     0.0990629	
26.500	     0.0662801	     0.0778905	
27.000	     0.0662801	     0.0778905	
27.500	      0.457394	      0.336076	
28.000	     0.0686231	     0.0652152	
28.500	      0.119964	      0.203266	
29.000	      0.119964	      0.203266	
29.500	      0.284615	     0.0671217	
30.000	      0.471523	      0.309659	
30.500	      0.471523	      0.309659	
31.000	     0.0669165	     0.0783275	
31.500	     0.0834181	     0.0957458	
32.000	     0.0346306	     0.0983904	
32.500	     0.0346306	     0.0983904	
33.000	      0.748322	     0.0993777	
33.500	     0.0355774	     0.0998226	
34.000	     0.0355774	     0.0998226	
34.500	     0.0869759	     0.0997535	
35.000	     0.0939771	      0.095108	
35.500	     0.0939771	      0.095108	
36.000	     0.0962781	      0.194719	
36.500	     0.0972424	     0.0717146	
37.000	     0.0976119	      0.189783	
37.500	     0.0976119	      0.189783	
38.000	     0.0974904	     0.0911697	
38.500	     0.0962432	      0.180437	
39.000	     0.0962432	      0.180437	
39.500	     0.0847372	     0.0278487	
40.000	      0.252649	      0.126158	
40.500	      0.088437	     0.0922346	
41.000	      0.088437	     0.0922346	
41.500	      0.120367	      0.126563	
42.000	      0.154487	      0.043686	
42.500	      0.154487	      0.043686	
43.000	      0.122612	      0.109038	
43.500	      0.103056	      0.103805	
44.000	      0.100692	      0.106278	
44.500	      0.100692	      0.106278	
45.000	      0.100362	     0.0374135	
45.500	        0.1013	      0.220134	
46.000	        0.1013	      0.220134	
46.500	      0.105495	      0.041381	
47.000	      0.140514	      0.113472	
47.500	       0.36225	    0.00136048	
48.000	       0.36225	    0.00136048	
48.500	      0.132935	      0.157111	
49.000	     0.0563034	      0.089901	
49.500	     0.0563034	      0.089901	
50.000	      0.615607	      0.192794	
50.500	     0.0502807	     0.0927241	
51.000	     0.0913087	     0.0999445	
51.500	     0.0913087	     0.0999445	
52.000	      0.100817	       0.10092	
52.500	      0.143941	      0.101244	
53.000	      0.143941	      0.101244	
53.500	      0.571423	       0.10139	
54.000	      0.769958	       0.10147	
54.500	     0.0105682	      0.101519	
55.000	     0.0105682	      0.101519	
55.500	      0.873924	      0.101553	
56.000	       1.28659	      0.101577	
56.500	       1.28659	      0.101577	
57.000	      0.280337	      0.101596	
57.500	       0.56471	      0.101612	
58.000	       0.56471	      0.101612	
58.500	      0.225953	      0.101625	
59.000	      0.650249	      0.101636	
59.500	      0.998097	      0.101646	
60.000	      0.998097	      0.101646	
60.500	       1.56043	      0.101655	
61.000	        1.6829	      0.101663	
61.500	        1.6829	      0.101663	
62.000	     0.0471635	      0.101671	
62.500	     0.0231645	      0.101678	
63.000	      0.197497	      0.101685	
63.500	      0.197497	      0.101685	
64.000	       3.24419	      0.101691	
64.500	       1.95697	      0.101697	
65.000	       1.95697	      0.101697	
65.500	       2.57605	      0.101703	
66.000	      0.956592	      0.101708	
66.500	       1.09972	      0.101713	
67.000	       1.09972	      0.101713	
67.500	       2.55568	      0.101718	
68.000	       2.81481	      0.101723	
68.500	       2.81481	      0.101723	
69.000	       1.75424	      0.101727	
69.500	       1.14146	      0.101731	
70.000	       1.70279	      0.101735	
70.500	       1.70279	      0.101735	
71.000	       2.03637	      0.101739	
71.500	       2.67139	      0.101743	
72.000	       2.67139	      0.101743	
72.500	       2.97536	      0.101746	
73.000	         3.669	       0.10175	
73.500	       3.72079	      0.101753	
74.000	       3.72079	      0.101753	
74.500	       2.09871	      0.101756	
75.000	       3.72233	      0.101759	
75.500	       3.72233	      0.101759	
76.000	       3.77653	      0.101762	
76.500	       3.88799	      0.101765	
77.000	        3.5961	      0.101767	
77.500	        3.5961	      0.101767	
78.000	        1.1518	       0.10177	
78.500	       1.19123	      0.101772	
79.000	       1.19123	      0.101772	
79.500	       4.45648	      0.101774	
80.000	       4.06058	      0.101777	
80.500	       4.06058	      0.101777	
81.000	       4.41181	      0.101779	
81.500	       2.76303	       0.10178	
82.000	       8.56844	      0.101782	
82.500	       8.56844	      0.101782	
83.000	       4.65363	      0.101784	
83.500	       7.13901	      0.101786	
84.000	       7.13901	      0.101786	
84.500	       4.87809	      0.101787	
85.000	        2.3567	      0.101789	
85.500	       6.39275	       0.10179	
86.000	       6.39275	       0.10179	
86.500	       5.96456	      0.101791	
87.000	       8.41193	      0.101792	
87.500	       8.41193	      0.101792	
88.000	       4.73783	      0.101794	
88.500	       5.44302	      0.101795	
89.000	       5.92413	      0.101795	
89.500	       5.92413	      0.101795	
90.000	       11.3281	      0.101796	
90.500	        2.0277	      0.101797	
91.000	        2.0277	      0.101797	
91.500	       27.9774	      0.101798	
92.000	       256.271	      0.101798	
92.500	       24.8882	      0.101799	
93.000	       24.8882	      0.101799	
93.500	       4.70876	      0.101799	
94.000	        1.9705	        0.1018	
94.500	        1.9705	        0.1018	
95.000	      0.971177	        0.1018	
95.500	      0.727019	        0.1018	
96.000	      0.395221	        0.1018	
96.500	      0.395221	        0.1018	
97.000	      0.266228	        0.1018	
97.500	      0.175847	        0.1018	
98.000	      0.175847	        0.1018	
98.500	      0.169248	        0.1018	
99.000	     0.0738187	        0.1018	
99.500	     0.0461776	        0.1018	
100.000	     0.0461776	        0.1018	
100.500	     0.0227972	        0.1018	
101.000	    0.00438528	      0.101799	
101.500	    0.00438528	      0.101799	
102.000	      0.010274	      0.101799	
102.500	     0.0221157	      0.101798	
103.000	     0.0221157	      0.101798	
103.500	     0.0318126	      0.101798	
104.000	     0.0398511	      0.101797	
104.500	     0.0465882	      0.101796	
105.000	     0.0465882	      0.101796	
105.500	     0.0522901	      0.101796	
106.000	     0.0571584	      0.101795	
106.500	     0.0571584	      0.101795	
107.000	     0.0613481	      0.101794	
107.500	     0.0649796	      0.101793	
108.000	     0.0681479	      0.101792	
108.500	     0.0681479	      0.101792	
109.000	     0.0709285	      0.101791	
109.500	     0.0733824	       0.10179	
110.000	     0.0733824	       0.10179	
110.500	     0.0755587	      0.101788	
111.000	     0.0774978	      0.101787	
111.500	      0.079233	      0.101785	
112.000	      0.079233	      0.101785	
112.500	      0.080792	      0.101784	
113.000	     0.0821978	      0.101782	
113.500	     0.0821978	      0.101782	
114.000	     0.0834699	      0.101781	
114.500	     0.0846247	      0.101779	
115.000	     0.0856762	      0.101777	
115.500	     0.0856762	      0.101777	
116.000	     0.0866364	      0.101776	
116.500	     0.0875156	      0.101774	
117.000	     0.0875156	      0.101774	
117.500	     0.0883226	      0.101772	
118.000	     0.0890652	       0.10177	
118.500	       0.08975	      0.101767	
119.000	       0.08975	      0.101767	
119.500	     0.0903828	      0.101765	
120.000	     0.0909689	      0.101763	
120.500	     0.0909689	      0.101763	
121.000	     0.0915126	       0.10176	
121.500	      0.092018	      0.101758	
122.000	     0.0924887	      0.101756	
122.500	     0.0924887	      0.101756	
123.000	     0.0929276	      0.101753	
123.500	     0.0933377	       0.10175	
124.000	     0.0933377	       0.10175	
124.500	     0.0937213	      0.101747	
125.000	     0.0940807	      0.101745	
125.500	     0.0940807	      0.101745	
126.000	      0.094418	      0.101742	
126.500	     0.0947348	      0.101739	
127.000	     0.0950328	      0.101736	
127.500	     0.0950328	      0.101736	
128.000	     0.0953135	      0.101732	
128.500	     0.0955782	      0.101729	
129.000	     0.0955782	      0.101729	
129.500	     0.0958281	      0.101726	
130.000	     0.0960642	      0.101722	
130.500	     0.0962875	      0.101719	
131.000	     0.0962875	      0.101719	
131.500	     0.0964991	      0.101715	
132.000	     0.0966996	      0.101711	
132.500	     0.0966996	      0.101711	
133.000	     0.0968898	      0.101708	
133.500	     0.0970704	      0.101704	
134.000	     0.0972421	        0.1017	
134.500	     0.0972421	        0.1017	
135.000	     0.0974054	      0.101695	
135.500	     0.0975609	      0.101691	
136.000	     0.0975609	      0.101691	
136.500	     0.0977091	      0.101687	
137.000	     0.0978503	      0.101682	
137.500	     0.0979851	      0.101678	
138.000	     0.0979851	      0.101678	
138.500	     0.0981138	      0.101673	
139.000	     0.0982368	      0.101669	
139.500	     0.0982368	      0.101669	
140.000	     0.0983544	      0.101664	
140.500	     0.0984669	      0.101659	
141.000	     0.0985746	      0.101654	
141.500	     0.0985746	      0.101654	
142.000	     0.0986778	      0.101648	
142.500	     0.0987767	      0.101643	
143.000	     0.0987767	      0.101643	
143.500	     0.0988716	      0.101638	
144.000	     0.0989626	      0.101632	
144.500	       0.09905	      0.101626	
145.000	       0.09905	      0.101626	
145.500	      0.099134	      0.101621	
146.000	     0.0992148	      0.101615	
146.500	     0.0992148	      0.101615	
147.000	     0.0992924	      0.101609	
147.500	     0.0993671	      0.101602	
148.000	     0.0993671	      0.101602	
148.500	      0.099439	      0.101596	
149.000	     0.0995082	      0.101589	
149.500	      0.099575	      0.101583	
150.000	      0.099575	      0.101583	
150.500	     0.0996393	      0.101576	
151.000	     0.0997013	      0.101569	
151.500	     0.0997013	      0.101569	
152.000	     0.0997611	      0.101562	
152.500	     0.0998188	      0.101555	
153.000	     0.0998746	      0.101547	
153.500	     0.0998746	      0.101547	
154.000	     0.0999284	       0.10154	
154.500	     0.0999805	      0.101532	
155.000	     0.0999805	      0.101532	
155.500	      0.100031	      0.101524	
156.000	      0.100079	      0.101516	
156.500	      0.100126	      0.101508	
157.000	      0.100126	      0.101508	
157.500	      0.100172	      0.101499	
158.000	      0.100216	       0.10149	
158.500	      0.100216	       0.10149	
159.000	      0.100259	      0.101482	
159.500	        0.1003	      0.101473	
160.000	       0.10034	      0.101463	
160.500	       0.10034	      0.101463	
161.000	      0.100379	      0.101454	
161.500	      0.100416	      0.101444	
162.000	      0.100416	      0.101444	
162.500	      0.100453	      0.101434	
163.000	      0.100488	      0.101424	
163.500	      0.100523	      0.101414	
164.000	      0.100523	      0.101414	
164.500	      0.100556	      0.101403	
165.000	      0.100588	      0.101392	
165.500	      0.100588	      0.101392	
166.000	       0.10062	      0.101381	
166.500	       0.10065	       0.10137	
167.000	       0.10068	      0.101358	
167.500	       0.10068	      0.101358	
168.000	      0.100709	      0.101346	
168.500	      0.100737	      0.101334	
169.000	      0.100737	      0.101334	
169.500	      0.100764	      0.101322	
170.000	       0.10079	      0.101309	
170.500	       0.10079	      0.101309	
171.000	      0.100816	      0.101296	
171.500	      0.100841	      0.101283	
172.000	      0.100865	      0.101269	
172.500	      0.100865	      0.101269	
173.000	      0.100889	      0.101255	
173.500	      0.100912	      0.101241	
174.000	      0.100912	      0.101241	
174.500	      0.100935	      0.101226	
175.000	      0.100957	      0.101211	
175.500	      0.100978	      0.101196	
176.000	      0.100978	      0.101196	
176.500	      0.100999	       0.10118	
177.000	      0.101019	      0.101164	
177.500	      0.101019	      0.101164	
178.000	      0.101039	      0.101147	
178.500	      0.101058	       0.10113	
179.000	      0.101077	      0.101113	
179.500	      0.101077	      0.101113	
180.000	      0.101095	      0.101095	
