
TracePro Release: 3 2 0 
Polar Candela Distribution Data for 
Data covers +/- 180.000 degrees from Normal
Data for Missed Rays
Data generated at 09:43:30 June 25, 2025

	   0.0	 180.0
0.000	      0.280465	      0.280465	
0.500	      0.281291	        0.2778	
1.000	      0.281291	        0.2778	
1.500	      0.281617	       0.25741	
2.000	      0.281753	      0.543445	
2.500	      0.281801	      0.258082	
3.000	      0.281801	      0.258082	
3.500	      0.281803	      0.279493	
4.000	      0.281778	      0.284693	
4.500	      0.281778	      0.284693	
5.000	      0.281735	      0.302853	
5.500	      0.281681	     0.0648604	
6.000	      0.281619	       0.30362	
6.500	      0.281619	       0.30362	
7.000	      0.281549	      0.286647	
7.500	      0.281475	      0.284447	
8.000	      0.281475	      0.284447	
8.500	      0.281396	      0.283771	
9.000	      0.281312	      0.283503	
9.500	      0.281225	      0.283388	
10.000	      0.281225	      0.283388	
10.500	      0.281134	       0.28334	
11.000	       0.28104	      0.283326	
11.500	       0.28104	      0.283326	
12.000	      0.280942	      0.283327	
12.500	      0.280841	      0.283334	
13.000	      0.280841	      0.283334	
13.500	      0.280737	      0.283339	
14.000	      0.280628	      0.283328	
14.500	      0.280517	       0.28327	
15.000	      0.280517	       0.28327	
15.500	      0.280402	      0.283069	
16.000	      0.280283	      0.282252	
16.500	      0.280283	      0.282252	
17.000	       0.28016	       0.27424	
17.500	      0.280033	      0.412169	
18.000	      0.279903	      0.156756	
18.500	      0.279903	      0.156756	
19.000	      0.279768	      0.291853	
19.500	       0.27963	       0.27715	
20.000	       0.27963	       0.27715	
20.500	      0.279487	      0.397649	
21.000	       0.27934	      0.175745	
21.500	      0.279188	      0.301054	
22.000	      0.279188	      0.301054	
22.500	      0.279033	      0.189506	
23.000	      0.278873	      0.293478	
23.500	      0.278873	      0.293478	
24.000	      0.278709	      0.285581	
24.500	      0.278542	      0.283807	
25.000	      0.278371	      0.277454	
25.500	      0.278371	      0.277454	
26.000	      0.278198	      0.365233	
26.500	      0.278022	      0.279515	
27.000	      0.278022	      0.279515	
27.500	      0.277847	      0.297533	
28.000	      0.277675	      0.137639	
28.500	      0.277508	      0.299693	
29.000	      0.277508	      0.299693	
29.500	      0.277352	      0.290343	
30.000	      0.277217	       0.30427	
30.500	      0.277217	       0.30427	
31.000	      0.277117	     0.0894479	
31.500	      0.277078	      0.303596	
32.000	      0.277151	      0.288073	
32.500	      0.277151	      0.288073	
33.000	      0.277437	      0.285919	
33.500	      0.278182	      0.285181	
34.000	      0.278182	      0.285181	
34.500	      0.280098	      0.284824	
35.000	      0.286198	      0.284571	
35.500	      0.286198	      0.284571	
36.000	      0.331499	      0.284141	
36.500	      0.295544	      0.280652	
37.000	      0.333814	      0.340866	
37.500	      0.333814	      0.340866	
38.000	      0.294747	      0.230569	
38.500	      0.336648	      0.292899	
39.000	      0.336648	      0.292899	
39.500	      0.342058	      0.238436	
40.000	      0.332181	      0.289161	
40.500	      0.282066	      0.285391	
41.000	      0.282066	      0.285391	
41.500	      0.273882	      0.284858	
42.000	      0.269684	      0.284679	
42.500	      0.269684	      0.284679	
43.000	      0.265651	      0.284601	
43.500	      0.259263	      0.284563	
44.000	      0.242743	      0.284544	
44.500	      0.242743	      0.284544	
45.000	      0.127829	      0.284536	
45.500	       1.70299	      0.284534	
46.000	       1.70299	      0.284534	
46.500	     0.0809876	      0.284535	
47.000	       1.11411	      0.284539	
47.500	        1.2977	      0.284545	
48.000	        1.2977	      0.284545	
48.500	      0.380308	      0.284552	
49.000	      0.224867	       0.28456	
49.500	      0.224867	       0.28456	
50.000	       1.14862	      0.284568	
50.500	       1.47645	      0.284577	
51.000	       2.00805	      0.284586	
51.500	       2.00805	      0.284586	
52.000	      0.651793	      0.284595	
52.500	      0.287708	      0.284604	
53.000	      0.287708	      0.284604	
53.500	      0.119814	      0.284614	
54.000	       1.89651	      0.284623	
54.500	      0.756961	      0.284632	
55.000	      0.756961	      0.284632	
55.500	       1.16264	      0.284641	
56.000	      0.688901	       0.28465	
56.500	      0.688901	       0.28465	
57.000	       1.17708	      0.284659	
57.500	      0.740141	      0.284668	
58.000	      0.740141	      0.284668	
58.500	       2.15679	      0.284677	
59.000	       2.32315	      0.284686	
59.500	      0.512078	      0.284694	
60.000	      0.512078	      0.284694	
60.500	      0.614713	      0.284702	
61.000	       1.20202	      0.284711	
61.500	       1.20202	      0.284711	
62.000	      0.712926	      0.284719	
62.500	       1.23781	      0.284726	
63.000	       1.63874	      0.284734	
63.500	       1.63874	      0.284734	
64.000	       2.14067	      0.284742	
64.500	       2.91695	      0.284749	
65.000	       2.91695	      0.284749	
65.500	       6.35585	      0.284756	
66.000	        3.0253	      0.284763	
66.500	       2.85007	       0.28477	
67.000	       2.85007	       0.28477	
67.500	       1.07229	      0.284777	
68.000	       2.90766	      0.284783	
68.500	       2.90766	      0.284783	
69.000	       2.59295	      0.284789	
69.500	       1.44796	      0.284796	
70.000	       3.35895	      0.284802	
70.500	       3.35895	      0.284802	
71.000	       2.27676	      0.284807	
71.500	       2.61173	      0.284813	
72.000	       2.61173	      0.284813	
72.500	       2.32852	      0.284819	
73.000	         5.374	      0.284824	
73.500	       3.92846	      0.284829	
74.000	       3.92846	      0.284829	
74.500	       4.12791	      0.284834	
75.000	       5.15694	      0.284839	
75.500	       5.15694	      0.284839	
76.000	       2.48703	      0.284844	
76.500	      0.586746	      0.284848	
77.000	       3.50224	      0.284852	
77.500	       3.50224	      0.284852	
78.000	      0.720394	      0.284857	
78.500	       3.07985	      0.284861	
79.000	       3.07985	      0.284861	
79.500	       0.44237	      0.284865	
80.000	       7.96215	      0.284868	
80.500	       7.96215	      0.284868	
81.000	       8.92338	      0.284872	
81.500	        75.779	      0.284875	
82.000	       731.033	      0.284879	
82.500	       731.033	      0.284879	
83.000	       71.2218	      0.284882	
83.500	       13.5339	      0.284885	
84.000	       13.5339	      0.284885	
84.500	       5.67238	      0.284888	
85.000	       3.03169	       0.28489	
85.500	       1.82757	      0.284893	
86.000	       1.82757	      0.284893	
86.500	       1.17814	      0.284895	
87.000	      0.788098	      0.284897	
87.500	      0.788098	      0.284897	
88.000	      0.535555	      0.284899	
88.500	      0.362685	      0.284901	
89.000	      0.239166	      0.284903	
89.500	      0.239166	      0.284903	
90.000	      0.147846	      0.284905	
90.500	     0.0784286	      0.284906	
91.000	     0.0784286	      0.284906	
91.500	     0.0244289	      0.284907	
92.000	     0.0184039	      0.284909	
92.500	     0.0529501	       0.28491	
93.000	     0.0529501	       0.28491	
93.500	     0.0812176	      0.284911	
94.000	      0.104641	      0.284911	
94.500	      0.104641	      0.284911	
95.000	      0.124267	      0.284912	
95.500	      0.140875	      0.284912	
96.000	      0.155053	      0.284913	
96.500	      0.155053	      0.284913	
97.000	      0.167253	      0.284913	
97.500	      0.177826	      0.284913	
98.000	      0.177826	      0.284913	
98.500	       0.18705	      0.284913	
99.000	      0.195145	      0.284912	
99.500	      0.202288	      0.284912	
100.000	      0.202288	      0.284912	
100.500	      0.208622	      0.284911	
101.000	      0.214265	      0.284911	
101.500	      0.214265	      0.284911	
102.000	      0.219314	       0.28491	
102.500	       0.22385	      0.284909	
103.000	       0.22385	      0.284909	
103.500	      0.227939	      0.284907	
104.000	      0.231639	      0.284906	
104.500	      0.234998	      0.284905	
105.000	      0.234998	      0.284905	
105.500	      0.238055	      0.284903	
106.000	      0.240847	      0.284901	
106.500	      0.240847	      0.284901	
107.000	      0.243403	      0.284899	
107.500	      0.245749	      0.284897	
108.000	      0.247907	      0.284895	
108.500	      0.247907	      0.284895	
109.000	      0.249897	      0.284893	
109.500	      0.251736	       0.28489	
110.000	      0.251736	       0.28489	
110.500	      0.253438	      0.284887	
111.000	      0.255017	      0.284885	
111.500	      0.256485	      0.284882	
112.000	      0.256485	      0.284882	
112.500	      0.257852	      0.284878	
113.000	      0.259126	      0.284875	
113.500	      0.259126	      0.284875	
114.000	      0.260317	      0.284872	
114.500	       0.26143	      0.284868	
115.000	      0.262473	      0.284864	
115.500	      0.262473	      0.284864	
116.000	      0.263452	       0.28486	
116.500	      0.264371	      0.284856	
117.000	      0.264371	      0.284856	
117.500	      0.265236	      0.284852	
118.000	       0.26605	      0.284848	
118.500	      0.266817	      0.284843	
119.000	      0.266817	      0.284843	
119.500	      0.267542	      0.284838	
120.000	      0.268227	      0.284833	
120.500	      0.268227	      0.284833	
121.000	      0.268874	      0.284828	
121.500	      0.269487	      0.284823	
122.000	      0.270068	      0.284817	
122.500	      0.270068	      0.284817	
123.000	       0.27062	      0.284812	
123.500	      0.271143	      0.284806	
124.000	      0.271143	      0.284806	
124.500	      0.271641	        0.2848	
125.000	      0.272114	      0.284794	
125.500	      0.272114	      0.284794	
126.000	      0.272564	      0.284787	
126.500	      0.272993	      0.284781	
127.000	      0.273402	      0.284774	
127.500	      0.273402	      0.284774	
128.000	      0.273792	      0.284767	
128.500	      0.274165	       0.28476	
129.000	      0.274165	       0.28476	
129.500	      0.274521	      0.284752	
130.000	      0.274861	      0.284745	
130.500	      0.275187	      0.284737	
131.000	      0.275187	      0.284737	
131.500	      0.275499	      0.284729	
132.000	      0.275798	      0.284721	
132.500	      0.275798	      0.284721	
133.000	      0.276084	      0.284713	
133.500	      0.276358	      0.284704	
134.000	      0.276622	      0.284695	
134.500	      0.276622	      0.284695	
135.000	      0.276875	      0.284686	
135.500	      0.277118	      0.284677	
136.000	      0.277118	      0.284677	
136.500	      0.277351	      0.284668	
137.000	      0.277576	      0.284658	
137.500	      0.277792	      0.284648	
138.000	      0.277792	      0.284648	
138.500	      0.277999	      0.284638	
139.000	        0.2782	      0.284628	
139.500	        0.2782	      0.284628	
140.000	      0.278393	      0.284617	
140.500	      0.278578	      0.284606	
141.000	      0.278758	      0.284595	
141.500	      0.278758	      0.284595	
142.000	      0.278931	      0.284584	
142.500	      0.279098	      0.284572	
143.000	      0.279098	      0.284572	
143.500	      0.279259	       0.28456	
144.000	      0.279414	      0.284548	
144.500	      0.279565	      0.284535	
145.000	      0.279565	      0.284535	
145.500	       0.27971	      0.284523	
146.000	      0.279851	       0.28451	
146.500	      0.279851	       0.28451	
147.000	      0.279986	      0.284496	
147.500	      0.280118	      0.284483	
148.000	      0.280118	      0.284483	
148.500	      0.280245	      0.284469	
149.000	      0.280369	      0.284455	
149.500	      0.280488	       0.28444	
150.000	      0.280488	       0.28444	
150.500	      0.280604	      0.284425	
151.000	      0.280716	       0.28441	
151.500	      0.280716	       0.28441	
152.000	      0.280824	      0.284395	
152.500	       0.28093	      0.284379	
153.000	      0.281032	      0.284363	
153.500	      0.281032	      0.284363	
154.000	      0.281131	      0.284346	
154.500	      0.281227	       0.28433	
155.000	      0.281227	       0.28433	
155.500	      0.281321	      0.284312	
156.000	      0.281411	      0.284295	
156.500	        0.2815	      0.284277	
157.000	        0.2815	      0.284277	
157.500	      0.281585	      0.284258	
158.000	      0.281668	       0.28424	
158.500	      0.281668	       0.28424	
159.000	      0.281749	      0.284221	
159.500	      0.281828	      0.284201	
160.000	      0.281904	      0.284181	
160.500	      0.281904	      0.284181	
161.000	      0.281979	      0.284161	
161.500	      0.282051	       0.28414	
162.000	      0.282051	       0.28414	
162.500	      0.282122	      0.284119	
163.000	       0.28219	      0.284097	
163.500	      0.282257	      0.284075	
164.000	      0.282257	      0.284075	
164.500	      0.282322	      0.284052	
165.000	      0.282385	      0.284029	
165.500	      0.282385	      0.284029	
166.000	      0.282447	      0.284005	
166.500	      0.282507	      0.283981	
167.000	      0.282565	      0.283956	
167.500	      0.282565	      0.283956	
168.000	      0.282622	      0.283931	
168.500	      0.282678	      0.283905	
169.000	      0.282678	      0.283905	
169.500	      0.282732	      0.283879	
170.000	      0.282785	      0.283852	
170.500	      0.282785	      0.283852	
171.000	      0.282836	      0.283824	
171.500	      0.282887	      0.283796	
172.000	      0.282936	      0.283767	
172.500	      0.282936	      0.283767	
173.000	      0.282984	      0.283738	
173.500	       0.28303	      0.283708	
174.000	       0.28303	      0.283708	
174.500	      0.283076	      0.283677	
175.000	      0.283121	      0.283646	
175.500	      0.283164	      0.283613	
176.000	      0.283164	      0.283613	
176.500	      0.283206	       0.28358	
177.000	      0.283248	      0.283547	
177.500	      0.283248	      0.283547	
178.000	      0.283288	      0.283512	
178.500	      0.283328	      0.283477	
179.000	      0.283367	      0.283441	
179.500	      0.283367	      0.283441	
180.000	      0.283404	      0.283404	
