
TracePro Release: 3 2 0 
Polar Candela Distribution Data for 
Data covers +/- 180.000 degrees from Normal
Data for Missed Rays
Data generated at 09:32:22 June 30, 2025

	   0.0	 180.0
0.000	      0.216519	      0.216519	
0.500	      0.207986	      0.230154	
1.000	      0.207986	      0.230154	
1.500	      0.202367	      0.253537	
2.000	      0.198524	      0.297994	
2.500	      0.195823	      0.397481	
3.000	      0.195823	      0.397481	
3.500	      0.193889	      0.698043	
4.000	      0.192486	       2.92216	
4.500	      0.192486	       2.92216	
5.000	      0.191467	        28.046	
5.500	      0.190732	       2.90865	
6.000	      0.190214	       0.66892	
6.500	      0.190214	       0.66892	
7.000	      0.189869	      0.347647	
7.500	      0.189666	      0.216681	
8.000	      0.189666	      0.216681	
8.500	      0.189585	      0.116768	
9.000	      0.189615	     0.0250623	
9.500	       0.18975	      0.387041	
10.000	       0.18975	      0.387041	
10.500	      0.189991	       2.93913	
11.000	      0.190345	       32.3744	
11.500	      0.190345	       32.3744	
12.000	      0.190826	       2.95132	
12.500	      0.191455	      0.413267	
13.000	      0.191455	      0.413267	
13.500	      0.192266	     0.0698023	
14.000	      0.193307	     0.0440649	
14.500	       0.19465	     0.0949789	
15.000	       0.19465	     0.0949789	
15.500	      0.196403	      0.121707	
16.000	      0.198733	      0.137185	
16.500	      0.198733	      0.137185	
17.000	      0.201903	      0.146726	
17.500	      0.206357	      0.152832	
18.000	      0.212877	      0.156797	
18.500	      0.212877	      0.156797	
19.000	      0.222957	      0.159344	
19.500	      0.239747	      0.160893	
20.000	      0.239747	      0.160893	
20.500	      0.270879	      0.161701	
21.000	      0.339141	       0.16192	
21.500	      0.542296	      0.161643	
22.000	      0.542296	      0.161643	
22.500	       2.03211	      0.160919	
23.000	        18.668	      0.159765	
23.500	        18.668	      0.159765	
24.000	       2.03221	      0.158169	
24.500	      0.542505	      0.156096	
25.000	      0.339461	      0.153485	
25.500	      0.339461	      0.153485	
26.000	      0.271319	      0.150239	
26.500	       0.24032	      0.146224	
27.000	       0.24032	      0.146224	
27.500	      0.223679	       0.14125	
28.000	      0.213771	      0.135049	
28.500	      0.207453	      0.127237	
29.000	      0.207453	      0.127237	
29.500	      0.203242	      0.117258	
30.000	      0.200368	      0.104282	
30.500	      0.200368	      0.104282	
31.000	      0.198408	     0.0870294	
31.500	      0.197124	     0.0634533	
32.000	      0.196392	     0.0301121	
32.500	      0.196392	     0.0301121	
33.000	      0.196167	     0.0191311	
33.500	      0.196479	     0.0960858	
34.000	      0.196479	     0.0960858	
34.500	      0.197447	      0.225873	
35.000	      0.199339	      0.469907	
35.500	      0.199339	      0.469907	
36.000	      0.202711	       1.01322	
36.500	      0.208767	       2.65586	
37.000	      0.220464	       14.8802	
37.500	      0.220464	       14.8802	
38.000	      0.246659	       155.937	
38.500	      0.325398	       14.3579	
39.000	      0.325398	       14.3579	
39.500	      0.904992	      0.794311	
40.000	       7.15271	       37.3831	
40.500	      0.904478	       3.03166	
41.000	      0.904478	       3.03166	
41.500	       0.32436	      0.419952	
42.000	      0.245081	      0.167117	
42.500	      0.245081	      0.167117	
43.000	      0.218317	       0.11868	
43.500	      0.206013	      0.112399	
44.000	      0.199297	      0.116722	
44.500	      0.199297	      0.116722	
45.000	      0.195196	      0.123419	
45.500	      0.192483	      0.130077	
46.000	      0.192483	      0.130077	
46.500	      0.190574	      0.136011	
47.000	      0.189165	      0.141092	
47.500	       0.18808	      0.145371	
48.000	       0.18808	      0.145371	
48.500	      0.187216	      0.148945	
49.000	      0.186507	      0.151917	
49.500	      0.186507	      0.151917	
50.000	      0.185909	      0.154377	
50.500	      0.185392	        0.1564	
51.000	      0.184935	      0.158048	
51.500	      0.184935	      0.158048	
52.000	      0.184523	      0.159367	
52.500	      0.184146	      0.160396	
53.000	      0.184146	      0.160396	
53.500	      0.183794	      0.161162	
54.000	       0.18346	      0.161685	
54.500	       0.18314	      0.161978	
55.000	       0.18314	      0.161978	
55.500	       0.18283	      0.162045	
56.000	      0.182525	      0.161887	
56.500	      0.182525	      0.161887	
57.000	      0.182222	      0.161496	
57.500	       0.18192	      0.160858	
58.000	       0.18192	      0.160858	
58.500	      0.181615	       0.15995	
59.000	      0.181305	      0.158739	
59.500	      0.180989	       0.15718	
60.000	      0.180989	       0.15718	
60.500	      0.180664	      0.155211	
61.000	      0.180329	       0.15275	
61.500	      0.180329	       0.15275	
62.000	      0.179981	      0.149686	
62.500	      0.179619	      0.145865	
63.000	      0.179241	      0.141075	
63.500	      0.179241	      0.141075	
64.000	      0.178844	       0.13502	
64.500	      0.178426	      0.127269	
65.000	      0.178426	      0.127269	
65.500	      0.177985	      0.117187	
66.000	      0.177518	      0.103802	
66.500	      0.177022	     0.0855672	
67.000	      0.177022	     0.0855672	
67.500	      0.176495	     0.0599051	
68.000	      0.175932	     0.0222529	
68.500	      0.175932	     0.0222529	
69.000	      0.175329	     0.0360965	
69.500	      0.174683	      0.133507	
70.000	      0.173988	      0.314484	
70.500	      0.173988	      0.314484	
71.000	      0.173239	      0.711968	
71.500	      0.172429	        1.8964	
72.000	      0.172429	        1.8964	
72.500	      0.171551	       10.5888	
73.000	      0.170598	       110.209	
73.500	      0.169558	       10.5846	
74.000	      0.169558	       10.5846	
74.500	      0.168422	       1.88682	
75.000	      0.167175	      0.693926	
75.500	      0.167175	      0.693926	
76.000	      0.165805	       0.27929	
76.500	      0.164292	     0.0490346	
77.000	      0.162616	      0.405267	
77.500	      0.162616	      0.405267	
78.000	      0.160753	       4.48625	
78.500	      0.158672	      0.502328	
79.000	      0.158672	      0.502328	
79.500	      0.156339	      0.172193	
80.000	       0.15371	      0.142313	
80.500	       0.15371	      0.142313	
81.000	      0.150732	      0.139833	
81.500	      0.147341	      0.142925	
82.000	      0.143457	      0.147118	
82.500	      0.143457	      0.147118	
83.000	      0.138977	      0.151228	
83.500	      0.133773	      0.154935	
84.000	      0.133773	      0.154935	
84.500	      0.127681	      0.158185	
85.000	      0.120484	      0.161007	
85.500	      0.111898	      0.163454	
86.000	      0.111898	      0.163454	
86.500	      0.101539	      0.165579	
87.000	     0.0888843	       0.16743	
87.500	     0.0888843	       0.16743	
88.000	      0.073198	      0.169051	
88.500	     0.0534272	      0.170475	
89.000	     0.0280174	      0.171733	
89.500	     0.0280174	      0.171733	
90.000	    0.00540337	      0.172849	
90.500	     0.0506006	      0.173844	
91.000	     0.0506006	      0.173844	
91.500	      0.113847	      0.174733	
92.000	      0.206233	      0.175532	
92.500	      0.348907	      0.176252	
93.000	      0.348907	      0.176252	
93.500	      0.586452	      0.176904	
94.000	       1.02686	      0.177495	
94.500	       1.02686	      0.177495	
95.000	       1.99263	      0.178033	
95.500	       4.86728	      0.178524	
96.000	       25.9502	      0.178974	
96.500	       25.9502	      0.178974	
97.000	       266.991	      0.179387	
97.500	       25.9505	      0.179767	
98.000	       25.9505	      0.179767	
98.500	       4.86776	      0.180118	
99.000	       1.99336	      0.180442	
99.500	       1.02786	      0.180742	
100.000	       1.02786	      0.180742	
100.500	      0.587753	      0.181021	
101.000	      0.350545	       0.18128	
101.500	      0.350545	       0.18128	
102.000	      0.208258	      0.181522	
102.500	      0.116328	      0.181747	
103.000	      0.116328	      0.181747	
103.500	       0.05363	      0.181958	
104.000	    0.00910731	      0.182155	
104.500	     0.0234621	      0.182339	
105.000	     0.0234621	      0.182339	
105.500	     0.0477677	      0.182513	
106.000	     0.0660607	      0.182676	
106.500	     0.0660607	      0.182676	
107.000	     0.0796949	      0.182829	
107.500	      0.089369	      0.182974	
108.000	     0.0951413	       0.18311	
108.500	     0.0951413	       0.18311	
109.000	     0.0961118	      0.183239	
109.500	     0.0892123	      0.183361	
110.000	     0.0892123	      0.183361	
110.500	     0.0644226	      0.183476	
111.000	     0.0222503	      0.183585	
111.500	      0.691466	      0.183689	
112.000	      0.691466	      0.183689	
112.500	       8.67294	      0.183787	
113.000	      0.684234	       0.18388	
113.500	      0.684234	       0.18388	
114.000	    0.00760479	      0.183969	
114.500	     0.0868565	      0.184053	
115.000	      0.120027	      0.184133	
115.500	      0.120027	      0.184133	
116.000	      0.136158	      0.184209	
116.500	      0.145591	      0.184282	
117.000	      0.145591	      0.184282	
117.500	      0.151804	      0.184351	
118.000	      0.156247	      0.184417	
118.500	      0.159617	       0.18448	
119.000	      0.159617	       0.18448	
119.500	      0.162286	      0.184541	
120.000	      0.164469	      0.184598	
120.500	      0.164469	      0.184598	
121.000	      0.166299	      0.184653	
121.500	      0.167862	      0.184706	
122.000	      0.169218	      0.184756	
122.500	      0.169218	      0.184756	
123.000	      0.170408	      0.184804	
123.500	      0.171464	       0.18485	
124.000	      0.171464	       0.18485	
124.500	      0.172408	      0.184894	
125.000	      0.173258	      0.184936	
125.500	      0.173258	      0.184936	
126.000	      0.174028	      0.184976	
126.500	      0.174728	      0.185015	
127.000	      0.175369	      0.185052	
127.500	      0.175369	      0.185052	
128.000	      0.175956	      0.185087	
128.500	      0.176498	      0.185121	
129.000	      0.176498	      0.185121	
129.500	      0.176997	      0.185154	
130.000	      0.177461	      0.185185	
130.500	       0.17789	      0.185214	
131.000	       0.17789	      0.185214	
131.500	      0.178291	      0.185243	
132.000	      0.178664	       0.18527	
132.500	      0.178664	       0.18527	
133.000	      0.179013	      0.185296	
133.500	      0.179339	      0.185321	
134.000	      0.179646	      0.185345	
134.500	      0.179646	      0.185345	
135.000	      0.179933	      0.185368	
135.500	      0.180204	       0.18539	
136.000	      0.180204	       0.18539	
136.500	      0.180459	      0.185411	
137.000	      0.180699	      0.185431	
137.500	      0.180926	       0.18545	
138.000	      0.180926	       0.18545	
138.500	      0.181141	      0.185468	
139.000	      0.181344	      0.185485	
139.500	      0.181344	      0.185485	
140.000	      0.181536	      0.185502	
140.500	      0.181719	      0.185518	
141.000	      0.181892	      0.185532	
141.500	      0.181892	      0.185532	
142.000	      0.182057	      0.185547	
142.500	      0.182213	       0.18556	
143.000	      0.182213	       0.18556	
143.500	      0.182362	      0.185573	
144.000	      0.182504	      0.185585	
144.500	      0.182639	      0.185596	
145.000	      0.182639	      0.185596	
145.500	      0.182768	      0.185606	
146.000	      0.182891	      0.185616	
146.500	      0.182891	      0.185616	
147.000	      0.183009	      0.185626	
147.500	      0.183121	      0.185634	
148.000	      0.183121	      0.185634	
148.500	      0.183229	      0.185642	
149.000	      0.183331	       0.18565	
149.500	       0.18343	      0.185657	
150.000	       0.18343	      0.185657	
150.500	      0.183524	      0.185663	
151.000	      0.183614	      0.185669	
151.500	      0.183614	      0.185669	
152.000	      0.183701	      0.185674	
152.500	      0.183784	      0.185678	
153.000	      0.183864	      0.185682	
153.500	      0.183864	      0.185682	
154.000	       0.18394	      0.185686	
154.500	      0.184013	      0.185689	
155.000	      0.184013	      0.185689	
155.500	      0.184084	      0.185691	
156.000	      0.184152	      0.185693	
156.500	      0.184217	      0.185694	
157.000	      0.184217	      0.185694	
157.500	       0.18428	      0.185695	
158.000	       0.18434	      0.185695	
158.500	       0.18434	      0.185695	
159.000	      0.184398	      0.185695	
159.500	      0.184454	      0.185694	
160.000	      0.184508	      0.185692	
160.500	      0.184508	      0.185692	
161.000	       0.18456	       0.18569	
161.500	      0.184609	      0.185688	
162.000	      0.184609	      0.185688	
162.500	      0.184657	      0.185685	
163.000	      0.184704	      0.185682	
163.500	      0.184748	      0.185678	
164.000	      0.184748	      0.185678	
164.500	      0.184791	      0.185673	
165.000	      0.184833	      0.185668	
165.500	      0.184833	      0.185668	
166.000	      0.184873	      0.185662	
166.500	      0.184911	      0.185656	
167.000	      0.184948	       0.18565	
167.500	      0.184948	       0.18565	
168.000	      0.184984	      0.185642	
168.500	      0.185019	      0.185635	
169.000	      0.185019	      0.185635	
169.500	      0.185052	      0.185626	
170.000	      0.185084	      0.185617	
170.500	      0.185084	      0.185617	
171.000	      0.185115	      0.185608	
171.500	      0.185145	      0.185598	
172.000	      0.185173	      0.185587	
172.500	      0.185173	      0.185587	
173.000	      0.185201	      0.185576	
173.500	      0.185228	      0.185564	
174.000	      0.185228	      0.185564	
174.500	      0.185253	      0.185551	
175.000	      0.185278	      0.185538	
175.500	      0.185302	      0.185524	
176.000	      0.185302	      0.185524	
176.500	      0.185325	       0.18551	
177.000	      0.185347	      0.185495	
177.500	      0.185347	      0.185495	
178.000	      0.185368	      0.185479	
178.500	      0.185388	      0.185462	
179.000	      0.185408	      0.185445	
179.500	      0.185408	      0.185445	
180.000	      0.185427	      0.185427	
