
TracePro Release: 3 2 0 
Polar Candela Distribution Data for 
Data covers +/- 180.000 degrees from Normal
Data for Missed Rays
Data generated at 09:42:28 June 25, 2025

	   0.0	 180.0
0.000	      0.731725	      0.731725	
0.500	      0.973353	       0.59916	
1.000	      0.973353	       0.59916	
1.500	      0.297913	      0.434157	
2.000	      0.379372	     0.0654996	
2.500	      0.512509	      0.398214	
3.000	      0.512509	      0.398214	
3.500	       1.06993	       0.47642	
4.000	       2.31724	      0.105555	
4.500	       2.31724	      0.105555	
5.000	        18.897	      0.437506	
5.500	       148.899	      0.561402	
6.000	       14.9926	      0.285252	
6.500	       14.9926	      0.285252	
7.000	      0.549781	      0.110791	
7.500	        3.2712	      0.429991	
8.000	        3.2712	      0.429991	
8.500	      0.875535	      0.688189	
9.000	       1.71983	       0.50798	
9.500	       1.32358	      0.930486	
10.000	       1.32358	      0.930486	
10.500	       2.11858	     0.0426182	
11.000	       1.92975	      0.456789	
11.500	       1.92975	      0.456789	
12.000	      0.436886	      0.166852	
12.500	      0.648749	      0.836715	
13.000	      0.648749	      0.836715	
13.500	       1.35923	       1.15647	
14.000	       1.86994	      0.414826	
14.500	       3.42258	       1.88812	
15.000	       3.42258	       1.88812	
15.500	       8.18723	       2.74245	
16.000	       4.58318	       1.61199	
16.500	       4.58318	       1.61199	
17.000	        1.7241	       2.36161	
17.500	        17.248	      0.739242	
18.000	       154.929	      0.220965	
18.500	       154.929	      0.220965	
19.000	       15.5422	     0.0703729	
19.500	       1.88664	      0.474093	
20.000	       1.88664	      0.474093	
20.500	       2.54366	     0.0409383	
21.000	      0.482964	     0.0703643	
21.500	       2.71241	     0.0689175	
22.000	       2.71241	     0.0689175	
22.500	       2.15983	      0.126286	
23.000	       1.70557	     0.0535646	
23.500	       1.70557	     0.0535646	
24.000	       1.46905	      0.134498	
24.500	       1.83678	       0.12495	
25.000	      0.916226	       2.13865	
25.500	      0.916226	       2.13865	
26.000	     0.0263986	       0.28318	
26.500	      0.271339	       1.49257	
27.000	      0.271339	       1.49257	
27.500	       2.05138	       1.95966	
28.000	      0.311506	      0.348199	
28.500	      0.784778	      0.358401	
29.000	      0.784778	      0.358401	
29.500	      0.621666	      0.772709	
30.000	      0.861534	      0.396918	
30.500	      0.861534	      0.396918	
31.000	       1.69752	      0.240042	
31.500	       4.58545	      0.168515	
32.000	       3.27728	       0.42547	
32.500	       3.27728	       0.42547	
33.000	       0.26261	      0.468029	
33.500	       0.90961	      0.341062	
34.000	       0.90961	      0.341062	
34.500	      0.819808	     0.0698243	
35.000	      0.640691	      0.162846	
35.500	      0.640691	      0.162846	
36.000	      0.638061	     0.0284006	
36.500	       0.94122	      0.147282	
37.000	      0.438339	     0.0859502	
37.500	      0.438339	     0.0859502	
38.000	      0.599388	      0.088782	
38.500	      0.887621	     0.0837793	
39.000	      0.887621	     0.0837793	
39.500	      0.581812	      0.159968	
40.000	     0.0504991	     0.0845955	
40.500	     0.0763428	      0.093502	
41.000	     0.0763428	      0.093502	
41.500	     0.0800504	     0.0466364	
42.000	      0.106561	     0.0943007	
42.500	      0.106561	     0.0943007	
43.000	      0.478509	     0.0905382	
43.500	       1.06291	     0.0886348	
44.000	     0.0515722	     0.0773509	
44.500	     0.0515722	     0.0773509	
45.000	      0.556458	       0.23011	
45.500	     0.0116951	     0.0700399	
46.000	     0.0116951	     0.0700399	
46.500	      0.513327	      0.193099	
47.000	     0.0377628	    0.00242218	
47.500	     0.0758798	      0.097496	
48.000	     0.0758798	      0.097496	
48.500	     0.0839905	     0.0922284	
49.000	      0.101592	     0.0918698	
49.500	      0.101592	     0.0918698	
50.000	      0.145315	     0.0918687	
50.500	      0.438165	     0.0919309	
51.000	       0.56505	     0.0920052	
51.500	       0.56505	     0.0920052	
52.000	      0.572597	     0.0920797	
52.500	     0.0566846	     0.0921514	
53.000	     0.0566846	     0.0921514	
53.500	     0.0931407	     0.0922196	
54.000	     0.0128486	     0.0922843	
54.500	     0.0959044	      0.092346	
55.000	     0.0959044	      0.092346	
55.500	     0.0818735	     0.0924047	
56.000	      0.170677	     0.0924609	
56.500	      0.170677	     0.0924609	
57.000	     0.0794112	     0.0925148	
57.500	      0.082444	     0.0925665	
58.000	      0.082444	     0.0925665	
58.500	     0.0577015	     0.0926162	
59.000	      0.413676	      0.092664	
59.500	     0.0536781	     0.0927102	
60.000	     0.0536781	     0.0927102	
60.500	      0.140347	     0.0927547	
61.000	      0.083722	     0.0927977	
61.500	      0.083722	     0.0927977	
62.000	      0.090132	     0.0928393	
62.500	     0.0934903	     0.0928795	
63.000	      0.109307	     0.0929185	
63.500	      0.109307	     0.0929185	
64.000	      0.101361	     0.0929562	
64.500	      0.109953	     0.0929928	
65.000	      0.109953	     0.0929928	
65.500	     0.0949444	     0.0930282	
66.000	     0.0929895	     0.0930626	
66.500	     0.0923462	      0.093096	
67.000	     0.0923462	      0.093096	
67.500	     0.0920075	     0.0931285	
68.000	      0.091717	       0.09316	
68.500	      0.091717	       0.09316	
69.000	     0.0913523	     0.0931906	
69.500	     0.0907989	     0.0932203	
70.000	     0.0898821	     0.0932493	
70.500	     0.0898821	     0.0932493	
71.000	      0.088256	     0.0932774	
71.500	     0.0851002	     0.0933048	
72.000	     0.0851002	     0.0933048	
72.500	     0.0779879	     0.0933314	
73.000	     0.0565963	     0.0933574	
73.500	     0.0996051	     0.0933827	
74.000	     0.0996051	     0.0933827	
74.500	       2.05574	     0.0934073	
75.000	      0.136999	     0.0934313	
75.500	      0.136999	     0.0934313	
76.000	      0.606882	     0.0934547	
76.500	      0.490279	     0.0934775	
77.000	      0.144166	     0.0934997	
77.500	      0.144166	     0.0934997	
78.000	      0.517857	     0.0935214	
78.500	       2.15469	     0.0935425	
79.000	       2.15469	     0.0935425	
79.500	      0.800465	     0.0935632	
80.000	      0.183789	     0.0935833	
80.500	      0.183789	     0.0935833	
81.000	      0.439831	      0.093603	
81.500	       1.10024	     0.0936221	
82.000	        2.3294	     0.0936409	
82.500	        2.3294	     0.0936409	
83.000	       1.04358	     0.0936592	
83.500	      0.170845	     0.0936771	
84.000	      0.170845	     0.0936771	
84.500	        3.1457	     0.0936946	
85.000	       2.68958	     0.0937117	
85.500	        2.4305	     0.0937284	
86.000	        2.4305	     0.0937284	
86.500	       0.58065	     0.0937447	
87.000	       1.04531	     0.0937607	
87.500	       1.04531	     0.0937607	
88.000	      0.243296	     0.0937763	
88.500	       3.66575	     0.0937916	
89.000	       20.3927	     0.0938065	
89.500	       20.3927	     0.0938065	
90.000	       3.10414	     0.0938211	
90.500	       1.65992	     0.0938355	
91.000	       1.65992	     0.0938355	
91.500	       2.39974	     0.0938495	
92.000	       2.57877	     0.0938632	
92.500	      0.941251	     0.0938766	
93.000	      0.941251	     0.0938766	
93.500	       1.85801	     0.0938898	
94.000	       1.42526	     0.0939027	
94.500	       1.42526	     0.0939027	
95.000	       2.57113	     0.0939153	
95.500	       2.73131	     0.0939277	
96.000	       2.78906	     0.0939399	
96.500	       2.78906	     0.0939399	
97.000	       3.89787	     0.0939517	
97.500	       1.96248	     0.0939634	
98.000	       1.96248	     0.0939634	
98.500	       2.01229	     0.0939748	
99.000	        1.8949	      0.093986	
99.500	        2.1377	      0.093997	
100.000	        2.1377	      0.093997	
100.500	       1.80612	     0.0940078	
101.000	        2.1144	     0.0940184	
101.500	        2.1144	     0.0940184	
102.000	       2.63057	     0.0940288	
102.500	         2.132	      0.094039	
103.000	         2.132	      0.094039	
103.500	        1.7124	      0.094049	
104.000	       1.22998	     0.0940588	
104.500	       1.70575	     0.0940685	
105.000	       1.70575	     0.0940685	
105.500	       2.25754	     0.0940779	
106.000	       2.80748	     0.0940872	
106.500	       2.80748	     0.0940872	
107.000	      0.417137	     0.0940964	
107.500	      0.140582	     0.0941053	
108.000	      0.440048	     0.0941142	
108.500	      0.440048	     0.0941142	
109.000	      0.126986	     0.0941228	
109.500	      0.160719	     0.0941314	
110.000	      0.160719	     0.0941314	
110.500	      0.184766	     0.0941397	
111.000	      0.222976	      0.094148	
111.500	      0.293979	     0.0941561	
112.000	      0.293979	     0.0941561	
112.500	      0.450265	     0.0941641	
113.000	      0.916328	     0.0941719	
113.500	      0.916328	     0.0941719	
114.000	       4.33672	     0.0941796	
114.500	       43.1929	     0.0941872	
115.000	        4.3363	     0.0941947	
115.500	        4.3363	     0.0941947	
116.000	      0.915479	      0.094202	
116.500	      0.448949	     0.0942093	
117.000	      0.448949	     0.0942093	
117.500	       0.29215	     0.0942164	
118.000	      0.220605	     0.0942234	
118.500	      0.181986	     0.0942304	
119.000	      0.181986	     0.0942304	
119.500	       0.15877	     0.0942372	
120.000	      0.143721	     0.0942439	
120.500	      0.143721	     0.0942439	
121.000	      0.133407	     0.0942505	
121.500	      0.126028	     0.0942571	
122.000	      0.120564	     0.0942635	
122.500	      0.120564	     0.0942635	
123.000	      0.116405	     0.0942698	
123.500	      0.113164	     0.0942761	
124.000	      0.113164	     0.0942761	
124.500	       0.11059	     0.0942823	
125.000	       0.10851	     0.0942884	
125.500	       0.10851	     0.0942884	
126.000	      0.106806	     0.0942944	
126.500	      0.105392	     0.0943004	
127.000	      0.104205	     0.0943063	
127.500	      0.104205	     0.0943063	
128.000	      0.103199	     0.0943121	
128.500	      0.102339	     0.0943178	
129.000	      0.102339	     0.0943178	
129.500	      0.101599	     0.0943235	
130.000	      0.100956	     0.0943291	
130.500	      0.100394	     0.0943346	
131.000	      0.100394	     0.0943346	
131.500	     0.0999009	     0.0943401	
132.000	     0.0994652	     0.0943455	
132.500	     0.0994652	     0.0943455	
133.000	     0.0990784	     0.0943509	
133.500	     0.0987335	     0.0943562	
134.000	     0.0984247	     0.0943615	
134.500	     0.0984247	     0.0943615	
135.000	     0.0981471	     0.0943667	
135.500	     0.0978967	     0.0943718	
136.000	     0.0978967	     0.0943718	
136.500	       0.09767	      0.094377	
137.000	     0.0974641	      0.094382	
137.500	     0.0972766	     0.0943871	
138.000	     0.0972766	     0.0943871	
138.500	     0.0971054	     0.0943921	
139.000	     0.0969486	      0.094397	
139.500	     0.0969486	      0.094397	
140.000	     0.0968047	      0.094402	
140.500	     0.0966724	     0.0944068	
141.000	     0.0965503	     0.0944117	
141.500	     0.0965503	     0.0944117	
142.000	     0.0964376	     0.0944165	
142.500	     0.0963332	     0.0944213	
143.000	     0.0963332	     0.0944213	
143.500	     0.0962364	     0.0944261	
144.000	     0.0961465	     0.0944309	
144.500	     0.0960628	     0.0944356	
145.000	     0.0960628	     0.0944356	
145.500	     0.0959849	     0.0944403	
146.000	     0.0959121	     0.0944451	
146.500	     0.0959121	     0.0944451	
147.000	      0.095844	     0.0944497	
147.500	     0.0957803	     0.0944544	
148.000	     0.0957803	     0.0944544	
148.500	     0.0957206	     0.0944591	
149.000	     0.0956645	     0.0944638	
149.500	     0.0956118	     0.0944684	
150.000	     0.0956118	     0.0944684	
150.500	     0.0955623	     0.0944731	
151.000	     0.0955156	     0.0944777	
151.500	     0.0955156	     0.0944777	
152.000	     0.0954716	     0.0944824	
152.500	       0.09543	     0.0944871	
153.000	     0.0953907	     0.0944917	
153.500	     0.0953907	     0.0944917	
154.000	     0.0953536	     0.0944964	
154.500	     0.0953184	     0.0945011	
155.000	     0.0953184	     0.0945011	
155.500	      0.095285	     0.0945058	
156.000	     0.0952534	     0.0945106	
156.500	     0.0952234	     0.0945153	
157.000	     0.0952234	     0.0945153	
157.500	     0.0951948	     0.0945201	
158.000	     0.0951677	     0.0945249	
158.500	     0.0951677	     0.0945249	
159.000	     0.0951418	     0.0945297	
159.500	     0.0951172	     0.0945346	
160.000	     0.0950937	     0.0945395	
160.500	     0.0950937	     0.0945395	
161.000	     0.0950713	     0.0945445	
161.500	     0.0950499	     0.0945495	
162.000	     0.0950499	     0.0945495	
162.500	     0.0950295	     0.0945545	
163.000	     0.0950099	     0.0945596	
163.500	     0.0949912	     0.0945648	
164.000	     0.0949912	     0.0945648	
164.500	     0.0949733	       0.09457	
165.000	     0.0949561	     0.0945753	
165.500	     0.0949561	     0.0945753	
166.000	     0.0949396	     0.0945806	
166.500	     0.0949238	     0.0945861	
167.000	     0.0949086	     0.0945916	
167.500	     0.0949086	     0.0945916	
168.000	      0.094894	     0.0945972	
168.500	       0.09488	     0.0946028	
169.000	       0.09488	     0.0946028	
169.500	     0.0948665	     0.0946086	
170.000	     0.0948534	     0.0946145	
170.500	     0.0948534	     0.0946145	
171.000	     0.0948409	     0.0946204	
171.500	     0.0948288	     0.0946265	
172.000	     0.0948171	     0.0946327	
172.500	     0.0948171	     0.0946327	
173.000	     0.0948058	     0.0946391	
173.500	     0.0947949	     0.0946455	
174.000	     0.0947949	     0.0946455	
174.500	     0.0947844	     0.0946521	
175.000	     0.0947742	     0.0946589	
175.500	     0.0947643	     0.0946658	
176.000	     0.0947643	     0.0946658	
176.500	     0.0947548	     0.0946729	
177.000	     0.0947455	     0.0946801	
177.500	     0.0947455	     0.0946801	
178.000	     0.0947365	     0.0946875	
178.500	     0.0947277	     0.0946952	
179.000	     0.0947193	      0.094703	
179.500	     0.0947193	      0.094703	
180.000	      0.094711	      0.094711	
