
TracePro Release: 3 2 0 
Polar Candela Distribution Data for 
Data covers +/- 180.000 degrees from Normal
Data for Missed Rays
Data generated at 09:42:27 June 25, 2025

	   0.0	 180.0
0.000	      0.298943	      0.298943	
0.500	      0.298937	      0.298939	
1.000	      0.298937	      0.298939	
1.500	      0.298925	      0.298922	
2.000	      0.298909	      0.298884	
2.500	      0.298888	      0.298815	
3.000	      0.298888	      0.298815	
3.500	      0.298863	      0.298686	
4.000	      0.298837	      0.298441	
4.500	      0.298837	      0.298441	
5.000	      0.298807	      0.297911	
5.500	      0.298776	      0.296415	
6.000	      0.298743	      0.286364	
6.500	      0.298743	      0.286364	
7.000	      0.298708	      0.418983	
7.500	      0.298672	      0.275944	
8.000	      0.298672	      0.275944	
8.500	      0.298634	      0.412594	
9.000	      0.298595	      0.286751	
9.500	      0.298554	      0.296145	
10.000	      0.298554	      0.296145	
10.500	      0.298512	      0.297154	
11.000	      0.298468	      0.296348	
11.500	      0.298468	      0.296348	
12.000	      0.298423	      0.286807	
12.500	      0.298377	      0.422932	
13.000	      0.298377	      0.422932	
13.500	      0.298329	      0.286955	
14.000	       0.29828	       0.29667	
14.500	       0.29823	      0.297724	
15.000	       0.29823	      0.297724	
15.500	      0.298178	      0.297191	
16.000	      0.298124	      0.289835	
16.500	      0.298124	      0.289835	
17.000	       0.29807	      0.395748	
17.500	      0.298013	      0.290107	
18.000	      0.297955	      0.297811	
18.500	      0.297955	      0.297811	
19.000	      0.297896	      0.298937	
19.500	      0.297835	      0.299385	
20.000	      0.297835	      0.299385	
20.500	      0.297772	      0.299681	
21.000	      0.297707	      0.300014	
21.500	      0.297641	      0.300735	
22.000	      0.297641	      0.300735	
22.500	      0.297572	      0.305492	
23.000	      0.297502	      0.240216	
23.500	      0.297502	      0.240216	
24.000	       0.29743	      0.305558	
24.500	      0.297356	      0.300864	
25.000	      0.297279	      0.300195	
25.500	      0.297279	      0.300195	
26.000	      0.297201	      0.299861	
26.500	       0.29712	      0.299309	
27.000	       0.29712	      0.299309	
27.500	      0.297037	      0.295502	
28.000	      0.296951	      0.348699	
28.500	      0.296863	      0.293234	
29.000	      0.296863	      0.293234	
29.500	      0.296772	      0.359222	
30.000	      0.296679	       0.15946	
30.500	      0.296679	       0.15946	
31.000	      0.296583	      0.312197	
31.500	      0.296484	       0.30208	
32.000	      0.296381	      0.300842	
32.500	      0.296381	      0.300842	
33.000	      0.296276	      0.300466	
33.500	      0.296167	      0.300312	
34.000	      0.296167	      0.300312	
34.500	      0.296055	      0.300239	
35.000	      0.295939	      0.300202	
35.500	      0.295939	      0.300202	
36.000	       0.29582	      0.300183	
36.500	      0.295696	      0.300174	
37.000	      0.295569	      0.300171	
37.500	      0.295569	      0.300171	
38.000	      0.295437	      0.300172	
38.500	      0.295301	      0.300175	
39.000	      0.295301	      0.300175	
39.500	       0.29516	      0.300179	
40.000	      0.295014	      0.300185	
40.500	      0.294863	      0.300191	
41.000	      0.294863	      0.300191	
41.500	      0.294706	      0.300198	
42.000	      0.294544	      0.300204	
42.500	      0.294544	      0.300204	
43.000	      0.294376	      0.300211	
43.500	      0.294202	      0.300218	
44.000	       0.29402	      0.300226	
44.500	       0.29402	      0.300226	
45.000	      0.293832	      0.300233	
45.500	      0.293636	       0.30024	
46.000	      0.293636	       0.30024	
46.500	      0.293432	      0.300246	
47.000	      0.293219	      0.300253	
47.500	      0.292996	       0.30026	
48.000	      0.292996	       0.30026	
48.500	      0.292764	      0.300266	
49.000	       0.29252	      0.300273	
49.500	       0.29252	      0.300273	
50.000	      0.292263	      0.300279	
50.500	      0.291993	      0.300285	
51.000	      0.291708	      0.300291	
51.500	      0.291708	      0.300291	
52.000	      0.291404	      0.300296	
52.500	      0.291078	      0.300302	
53.000	      0.291078	      0.300302	
53.500	      0.290726	      0.300307	
54.000	      0.290341	      0.300313	
54.500	      0.289912	      0.300318	
55.000	      0.289912	      0.300318	
55.500	      0.289423	      0.300322	
56.000	      0.288846	      0.300327	
56.500	      0.288846	      0.300327	
57.000	      0.288129	      0.300332	
57.500	      0.287176	      0.300336	
58.000	      0.287176	      0.300336	
58.500	      0.285775	       0.30034	
59.000	      0.283408	      0.300344	
59.500	      0.278503	      0.300348	
60.000	      0.278503	      0.300348	
60.500	      0.264227	      0.300352	
61.000	      0.159529	      0.300355	
61.500	      0.159529	      0.300355	
62.000	       1.61903	      0.300359	
62.500	      0.162143	      0.300362	
63.000	      0.271774	      0.300365	
63.500	      0.271774	      0.300365	
64.000	      0.301013	      0.300368	
64.500	      0.419067	       0.30037	
65.000	      0.419067	       0.30037	
65.500	        1.1619	      0.300373	
66.000	      0.420998	      0.300375	
66.500	      0.306983	      0.300377	
67.000	      0.306983	      0.300377	
67.500	       0.29095	      0.300379	
68.000	       0.28485	      0.300381	
68.500	       0.28485	      0.300381	
69.000	      0.280997	      0.300383	
69.500	      0.276818	      0.300385	
70.000	      0.267847	      0.300386	
70.500	      0.267847	      0.300386	
71.000	      0.206426	      0.300387	
71.500	       1.06202	      0.300388	
72.000	       1.06202	      0.300388	
72.500	      0.173393	      0.300389	
73.000	       1.33967	       0.30039	
73.500	       3.11235	      0.300391	
74.000	       3.11235	      0.300391	
74.500	       2.30867	      0.300391	
75.000	       1.44343	      0.300391	
75.500	       1.44343	      0.300391	
76.000	      0.400178	      0.300391	
76.500	      0.222277	      0.300391	
77.000	        1.1507	      0.300391	
77.500	        1.1507	      0.300391	
78.000	      0.635212	      0.300391	
78.500	      0.340065	       0.30039	
79.000	      0.340065	       0.30039	
79.500	      0.873427	       0.30039	
80.000	       3.57915	      0.300389	
80.500	       3.57915	      0.300389	
81.000	      0.131434	      0.300388	
81.500	       1.05408	      0.300387	
82.000	      0.849027	      0.300386	
82.500	      0.849027	      0.300386	
83.000	       1.89694	      0.300384	
83.500	      0.136637	      0.300383	
84.000	      0.136637	      0.300383	
84.500	       2.80882	      0.300381	
85.000	        1.7477	      0.300379	
85.500	       1.15631	      0.300377	
86.000	       1.15631	      0.300377	
86.500	       0.16043	      0.300374	
87.000	      0.326665	      0.300372	
87.500	      0.326665	      0.300372	
88.000	       1.59831	      0.300369	
88.500	       2.11857	      0.300367	
89.000	       1.81186	      0.300364	
89.500	       1.81186	      0.300364	
90.000	       2.93705	      0.300361	
90.500	       1.75397	      0.300358	
91.000	       1.75397	      0.300358	
91.500	       1.31567	      0.300354	
92.000	       2.42926	      0.300351	
92.500	      0.350376	      0.300347	
93.000	      0.350376	      0.300347	
93.500	      0.970351	      0.300343	
94.000	       2.57449	      0.300339	
94.500	       2.57449	      0.300339	
95.000	      0.366603	      0.300335	
95.500	       1.70149	       0.30033	
96.000	        1.9566	      0.300326	
96.500	        1.9566	      0.300326	
97.000	      0.043083	      0.300321	
97.500	       1.22659	      0.300316	
98.000	       1.22659	      0.300316	
98.500	      0.579902	      0.300311	
99.000	       3.42097	      0.300305	
99.500	      0.039605	        0.3003	
100.000	      0.039605	        0.3003	
100.500	       3.69364	      0.300294	
101.000	       2.22081	      0.300288	
101.500	       2.22081	      0.300288	
102.000	       6.14714	      0.300282	
102.500	       12.4381	      0.300276	
103.000	       12.4381	      0.300276	
103.500	       76.7485	      0.300269	
104.000	       768.555	      0.300263	
104.500	       74.9234	      0.300256	
105.000	       74.9234	      0.300256	
105.500	       14.2391	      0.300249	
106.000	       5.96693	      0.300242	
106.500	       5.96693	      0.300242	
107.000	       3.18823	      0.300234	
107.500	       1.92129	      0.300226	
108.000	       1.23804	      0.300219	
108.500	       1.23804	      0.300219	
109.000	      0.827752	       0.30021	
109.500	      0.562132	      0.300202	
110.000	      0.562132	      0.300202	
110.500	      0.380333	      0.300194	
111.000	      0.250449	      0.300185	
111.500	      0.154433	      0.300176	
112.000	      0.154433	      0.300176	
112.500	     0.0814537	      0.300167	
113.000	      0.024688	      0.300157	
113.500	      0.024688	      0.300157	
114.000	     0.0203354	      0.300148	
114.500	     0.0566458	      0.300138	
115.000	     0.0863551	      0.300127	
115.500	     0.0863551	      0.300127	
116.000	      0.110972	      0.300117	
116.500	      0.131597	      0.300106	
117.000	      0.131597	      0.300106	
117.500	      0.149049	      0.300096	
118.000	      0.163947	      0.300084	
118.500	      0.176767	      0.300073	
119.000	      0.176767	      0.300073	
119.500	      0.187877	      0.300061	
120.000	      0.197569	      0.300049	
120.500	      0.197569	      0.300049	
121.000	      0.206074	      0.300037	
121.500	      0.213579	      0.300025	
122.000	      0.220234	      0.300012	
122.500	      0.220234	      0.300012	
123.000	      0.226163	      0.299999	
123.500	      0.231468	      0.299986	
124.000	      0.231468	      0.299986	
124.500	      0.236233	      0.299972	
125.000	       0.24053	      0.299958	
125.500	       0.24053	      0.299958	
126.000	      0.244417	      0.299944	
126.500	      0.247946	      0.299929	
127.000	      0.251158	      0.299914	
127.500	      0.251158	      0.299914	
128.000	      0.254091	      0.299899	
128.500	      0.256777	      0.299883	
129.000	      0.256777	      0.299883	
129.500	      0.259241	      0.299868	
130.000	      0.261508	      0.299851	
130.500	      0.263599	      0.299835	
131.000	      0.263599	      0.299835	
131.500	      0.265531	      0.299818	
132.000	       0.26732	        0.2998	
132.500	       0.26732	        0.2998	
133.000	      0.268979	      0.299783	
133.500	      0.270521	      0.299765	
134.000	      0.271957	      0.299746	
134.500	      0.271957	      0.299746	
135.000	      0.273296	      0.299727	
135.500	      0.274547	      0.299708	
136.000	      0.274547	      0.299708	
136.500	      0.275717	      0.299688	
137.000	      0.276813	      0.299668	
137.500	      0.277841	      0.299648	
138.000	      0.277841	      0.299648	
138.500	      0.278807	      0.299627	
139.000	      0.279715	      0.299605	
139.500	      0.279715	      0.299605	
140.000	      0.280571	      0.299584	
140.500	      0.281377	      0.299561	
141.000	      0.282139	      0.299538	
141.500	      0.282139	      0.299538	
142.000	      0.282858	      0.299515	
142.500	      0.283539	      0.299491	
143.000	      0.283539	      0.299491	
143.500	      0.284183	      0.299467	
144.000	      0.284794	      0.299442	
144.500	      0.285373	      0.299417	
145.000	      0.285373	      0.299417	
145.500	      0.285923	      0.299391	
146.000	      0.286446	      0.299364	
146.500	      0.286446	      0.299364	
147.000	      0.286943	      0.299337	
147.500	      0.287416	      0.299309	
148.000	      0.287416	      0.299309	
148.500	      0.287867	      0.299281	
149.000	      0.288297	      0.299252	
149.500	      0.288707	      0.299222	
150.000	      0.288707	      0.299222	
150.500	      0.289099	      0.299192	
151.000	      0.289473	      0.299161	
151.500	      0.289473	      0.299161	
152.000	      0.289831	      0.299129	
152.500	      0.290173	      0.299097	
153.000	        0.2905	      0.299064	
153.500	        0.2905	      0.299064	
154.000	      0.290814	       0.29903	
154.500	      0.291115	      0.298996	
155.000	      0.291115	      0.298996	
155.500	      0.291404	       0.29896	
156.000	       0.29168	      0.298924	
156.500	      0.291946	      0.298887	
157.000	      0.291946	      0.298887	
157.500	      0.292202	      0.298849	
158.000	      0.292447	       0.29881	
158.500	      0.292447	       0.29881	
159.000	      0.292683	      0.298771	
159.500	       0.29291	       0.29873	
160.000	      0.293129	      0.298688	
160.500	      0.293129	      0.298688	
161.000	      0.293339	      0.298646	
161.500	      0.293542	      0.298602	
162.000	      0.293542	      0.298602	
162.500	      0.293737	      0.298558	
163.000	      0.293926	      0.298512	
163.500	      0.294107	      0.298465	
164.000	      0.294107	      0.298465	
164.500	      0.294283	      0.298417	
165.000	      0.294452	      0.298368	
165.500	      0.294452	      0.298368	
166.000	      0.294616	      0.298318	
166.500	      0.294774	      0.298266	
167.000	      0.294927	      0.298213	
167.500	      0.294927	      0.298213	
168.000	      0.295074	      0.298159	
168.500	      0.295217	      0.298104	
169.000	      0.295217	      0.298104	
169.500	      0.295355	      0.298047	
170.000	      0.295489	      0.297988	
170.500	      0.295489	      0.297988	
171.000	      0.295619	      0.297928	
171.500	      0.295744	      0.297867	
172.000	      0.295866	      0.297804	
172.500	      0.295866	      0.297804	
173.000	      0.295984	      0.297739	
173.500	      0.296098	      0.297672	
174.000	      0.296098	      0.297672	
174.500	      0.296209	      0.297604	
175.000	      0.296316	      0.297534	
175.500	       0.29642	      0.297462	
176.000	       0.29642	      0.297462	
176.500	      0.296522	      0.297388	
177.000	       0.29662	      0.297312	
177.500	       0.29662	      0.297312	
178.000	      0.296715	      0.297233	
178.500	      0.296808	      0.297153	
179.000	      0.296898	       0.29707	
179.500	      0.296898	       0.29707	
180.000	      0.296985	      0.296985	
