
TracePro Release: 3 2 0 
Polar Candela Distribution Data for 
Data covers +/- 180.000 degrees from Normal
Data for Missed Rays
Data generated at 09:47:20 June 25, 2025

	   0.0	 180.0
0.000	      0.298136	      0.298136	
0.500	      0.298174	      0.298039	
1.000	      0.298174	      0.298039	
1.500	       0.29818	      0.297829	
2.000	      0.298167	      0.297366	
2.500	      0.298141	      0.296213	
3.000	      0.298141	      0.296213	
3.500	      0.298107	      0.292448	
4.000	      0.298066	      0.262875	
4.500	      0.298066	      0.262875	
5.000	       0.29802	      0.683481	
5.500	      0.297971	       0.26782	
6.000	      0.297918	      0.324616	
6.500	      0.297918	      0.324616	
7.000	      0.297862	     0.0402187	
7.500	      0.297804	       0.33025	
8.000	      0.297804	       0.33025	
8.500	      0.297744	      0.304409	
9.000	      0.297681	      0.301237	
9.500	      0.297617	      0.300373	
10.000	      0.297617	      0.300373	
10.500	       0.29755	      0.300176	
11.000	      0.297481	       0.30036	
11.500	      0.297481	       0.30036	
12.000	      0.297409	      0.301078	
12.500	      0.297336	      0.303472	
13.000	      0.297336	      0.303472	
13.500	      0.297261	      0.321701	
14.000	      0.297183	     0.0655093	
14.500	      0.297103	       0.31976	
15.000	      0.297103	       0.31976	
15.500	       0.29702	      0.286954	
16.000	      0.296935	      0.531358	
16.500	      0.296935	      0.531358	
17.000	      0.296848	     0.0758605	
17.500	      0.296758	      0.315994	
18.000	      0.296665	      0.301958	
18.500	      0.296665	      0.301958	
19.000	       0.29657	      0.300417	
19.500	      0.296472	      0.299964	
20.000	      0.296472	      0.299964	
20.500	      0.296371	      0.299778	
21.000	      0.296266	      0.299686	
21.500	      0.296159	      0.299636	
22.000	      0.296159	      0.299636	
22.500	      0.296048	      0.299606	
23.000	      0.295933	      0.299586	
23.500	      0.295933	      0.299586	
24.000	      0.295816	      0.299568	
24.500	      0.295694	      0.299549	
25.000	      0.295568	      0.299522	
25.500	      0.295568	      0.299522	
26.000	      0.295439	      0.299477	
26.500	      0.295305	      0.299397	
27.000	      0.295305	      0.299397	
27.500	      0.295166	      0.299239	
28.000	      0.295024	      0.298877	
28.500	      0.294876	       0.29777	
29.000	      0.294876	       0.29777	
29.500	      0.294723	      0.289564	
30.000	      0.294565	      0.403816	
30.500	      0.294565	      0.403816	
31.000	      0.294402	      0.289592	
31.500	      0.294233	      0.297825	
32.000	      0.294058	      0.298954	
32.500	      0.294058	      0.298954	
33.000	      0.293877	       0.29933	
33.500	      0.293689	      0.299485	
34.000	      0.293689	      0.299485	
34.500	      0.293495	      0.299519	
35.000	      0.293293	      0.299394	
35.500	      0.293293	      0.299394	
36.000	      0.293085	       0.29876	
36.500	      0.292869	      0.293069	
37.000	      0.292644	      0.376528	
37.500	      0.292644	      0.376528	
38.000	      0.292412	      0.295165	
38.500	      0.292171	      0.312243	
39.000	      0.292171	      0.312243	
39.500	      0.291922	      0.159308	
40.000	      0.291664	      0.313449	
40.500	      0.291397	      0.302617	
41.000	      0.291397	      0.302617	
41.500	      0.291121	        0.3014	
42.000	      0.290837	      0.301574	
42.500	      0.290837	      0.301574	
43.000	      0.290545	      0.306001	
43.500	      0.290247	      0.241667	
44.000	      0.289946	      0.305842	
44.500	      0.289946	      0.305842	
45.000	      0.289644	      0.301177	
45.500	      0.289351	      0.300509	
46.000	      0.289351	      0.300509	
46.500	      0.289077	      0.300251	
47.000	      0.288846	      0.300077	
47.500	      0.288702	      0.299862	
48.000	      0.288702	      0.299862	
48.500	      0.288736	      0.299344	
49.000	      0.289167	      0.295728	
49.500	      0.289167	      0.295728	
50.000	      0.290624	      0.345741	
50.500	      0.295686	      0.295717	
51.000	      0.333094	      0.299316	
51.500	      0.333094	      0.299316	
52.000	      0.168501	      0.299808	
52.500	       0.37632	      0.299976	
53.000	       0.37632	      0.299976	
53.500	       0.21737	      0.300055	
54.000	      0.330982	        0.3001	
54.500	      0.285299	       0.30013	
55.000	      0.285299	       0.30013	
55.500	      0.269713	      0.300151	
56.000	      0.214084	      0.300167	
56.500	      0.214084	      0.300167	
57.000	      0.865944	       0.30018	
57.500	     0.0969915	      0.300192	
58.000	     0.0969915	      0.300192	
58.500	        1.5347	      0.300202	
59.000	      0.149176	      0.300211	
59.500	      0.250414	      0.300219	
60.000	      0.250414	      0.300219	
60.500	      0.264099	      0.300227	
61.000	      0.268453	      0.300235	
61.500	      0.268453	      0.300235	
62.000	      0.270566	      0.300241	
62.500	      0.272934	      0.300248	
63.000	      0.279907	      0.300254	
63.500	      0.279907	      0.300254	
64.000	       0.33661	       0.30026	
64.500	      0.472234	      0.300266	
65.000	      0.472234	      0.300266	
65.500	      0.333199	      0.300272	
66.000	      0.275387	      0.300277	
66.500	      0.308116	      0.300282	
67.000	      0.308116	      0.300282	
67.500	      0.658817	      0.300287	
68.000	       1.85582	      0.300292	
68.500	       1.85582	      0.300292	
69.000	     0.0436794	      0.300296	
69.500	       1.01281	      0.300301	
70.000	      0.174875	      0.300305	
70.500	      0.174875	      0.300305	
71.000	      0.299203	      0.300309	
71.500	      0.566514	      0.300312	
72.000	      0.566514	      0.300312	
72.500	      0.298008	      0.300316	
73.000	      0.178222	      0.300319	
73.500	       1.10741	      0.300323	
74.000	       1.10741	      0.300323	
74.500	      0.701545	      0.300326	
75.000	       1.31331	      0.300329	
75.500	       1.31331	      0.300329	
76.000	       2.30208	      0.300331	
76.500	      0.407618	      0.300334	
77.000	      0.166253	      0.300336	
77.500	      0.166253	      0.300336	
78.000	       1.19523	      0.300339	
78.500	       2.54383	      0.300341	
79.000	       2.54383	      0.300341	
79.500	       1.95575	      0.300343	
80.000	      0.230897	      0.300345	
80.500	      0.230897	      0.300345	
81.000	       2.60248	      0.300346	
81.500	       1.11599	      0.300348	
82.000	       1.94012	      0.300349	
82.500	       1.94012	      0.300349	
83.000	       2.68166	       0.30035	
83.500	       1.23925	      0.300351	
84.000	       1.23925	      0.300351	
84.500	       3.68584	      0.300352	
85.000	       2.82468	      0.300353	
85.500	       4.00387	      0.300353	
86.000	       4.00387	      0.300353	
86.500	       1.49455	      0.300354	
87.000	       2.86608	      0.300354	
87.500	       2.86608	      0.300354	
88.000	       2.47046	      0.300354	
88.500	       5.81768	      0.300354	
89.000	      0.494288	      0.300353	
89.500	      0.494288	      0.300353	
90.000	       8.13031	      0.300353	
90.500	       11.5976	      0.300352	
91.000	       11.5976	      0.300352	
91.500	       76.0913	      0.300352	
92.000	       769.449	      0.300351	
92.500	       75.0422	       0.30035	
93.000	       75.0422	       0.30035	
93.500	       14.2685	      0.300349	
94.000	       5.98145	      0.300347	
94.500	       5.98145	      0.300347	
95.000	       3.19709	      0.300346	
95.500	       1.92731	      0.300344	
96.000	       1.24243	      0.300342	
96.500	       1.24243	      0.300342	
97.000	      0.831089	       0.30034	
97.500	      0.564759	      0.300338	
98.000	      0.564759	      0.300338	
98.500	      0.382455	      0.300336	
99.000	      0.252198	      0.300333	
99.500	      0.155899	      0.300331	
100.000	      0.155899	      0.300331	
100.500	     0.0826999	      0.300328	
101.000	       0.02576	      0.300325	
101.500	       0.02576	      0.300325	
102.000	     0.0194037	      0.300322	
102.500	     0.0558288	      0.300318	
103.000	     0.0558288	      0.300318	
103.500	     0.0856329	      0.300315	
104.000	      0.110329	      0.300311	
104.500	      0.131021	      0.300308	
105.000	      0.131021	      0.300308	
105.500	       0.14853	      0.300304	
106.000	      0.163477	      0.300299	
106.500	      0.163477	      0.300299	
107.000	      0.176338	      0.300295	
107.500	      0.187485	      0.300291	
108.000	      0.197209	      0.300286	
108.500	      0.197209	      0.300286	
109.000	      0.205742	      0.300281	
109.500	      0.213272	      0.300276	
110.000	      0.213272	      0.300276	
110.500	      0.219948	      0.300271	
111.000	      0.225897	      0.300266	
111.500	      0.231219	       0.30026	
112.000	      0.231219	       0.30026	
112.500	         0.236	      0.300254	
113.000	      0.240311	      0.300248	
113.500	      0.240311	      0.300248	
114.000	      0.244211	      0.300242	
114.500	      0.247751	      0.300236	
115.000	      0.250974	      0.300229	
115.500	      0.250974	      0.300229	
116.000	      0.253916	      0.300223	
116.500	       0.25661	      0.300216	
117.000	       0.25661	      0.300216	
117.500	      0.259083	      0.300209	
118.000	      0.261357	      0.300201	
118.500	      0.263454	      0.300194	
119.000	      0.263454	      0.300194	
119.500	      0.265392	      0.300186	
120.000	      0.267187	      0.300178	
120.500	      0.267187	      0.300178	
121.000	      0.268851	       0.30017	
121.500	      0.270398	      0.300162	
122.000	      0.271839	      0.300153	
122.500	      0.271839	      0.300153	
123.000	      0.273182	      0.300144	
123.500	      0.274436	      0.300135	
124.000	      0.274436	      0.300135	
124.500	       0.27561	      0.300126	
125.000	      0.276709	      0.300117	
125.500	      0.276709	      0.300117	
126.000	       0.27774	      0.300107	
126.500	      0.278709	      0.300097	
127.000	       0.27962	      0.300087	
127.500	       0.27962	      0.300087	
128.000	      0.280478	      0.300076	
128.500	      0.281287	      0.300066	
129.000	      0.281287	      0.300066	
129.500	      0.282051	      0.300055	
130.000	      0.282772	      0.300044	
130.500	      0.283455	      0.300032	
131.000	      0.283455	      0.300032	
131.500	      0.284101	       0.30002	
132.000	      0.284713	      0.300008	
132.500	      0.284713	      0.300008	
133.000	      0.285294	      0.299996	
133.500	      0.285846	      0.299984	
134.000	       0.28637	      0.299971	
134.500	       0.28637	      0.299971	
135.000	      0.286869	      0.299958	
135.500	      0.287343	      0.299944	
136.000	      0.287343	      0.299944	
136.500	      0.287795	      0.299931	
137.000	      0.288227	      0.299917	
137.500	      0.288638	      0.299902	
138.000	      0.288638	      0.299902	
138.500	       0.28903	      0.299888	
139.000	      0.289406	      0.299873	
139.500	      0.289406	      0.299873	
140.000	      0.289764	      0.299857	
140.500	      0.290108	      0.299842	
141.000	      0.290436	      0.299826	
141.500	      0.290436	      0.299826	
142.000	      0.290751	       0.29981	
142.500	      0.291052	      0.299793	
143.000	      0.291052	      0.299793	
143.500	      0.291342	      0.299776	
144.000	      0.291619	      0.299759	
144.500	      0.291886	      0.299741	
145.000	      0.291886	      0.299741	
145.500	      0.292142	      0.299723	
146.000	      0.292388	      0.299704	
146.500	      0.292388	      0.299704	
147.000	      0.292624	      0.299685	
147.500	      0.292852	      0.299666	
148.000	      0.292852	      0.299666	
148.500	      0.293071	      0.299646	
149.000	      0.293282	      0.299626	
149.500	      0.293485	      0.299606	
150.000	      0.293485	      0.299606	
150.500	      0.293681	      0.299585	
151.000	       0.29387	      0.299563	
151.500	       0.29387	      0.299563	
152.000	      0.294052	      0.299541	
152.500	      0.294228	      0.299519	
153.000	      0.294398	      0.299496	
153.500	      0.294398	      0.299496	
154.000	      0.294562	      0.299472	
154.500	       0.29472	      0.299449	
155.000	       0.29472	      0.299449	
155.500	      0.294874	      0.299424	
156.000	      0.295022	      0.299399	
156.500	      0.295165	      0.299374	
157.000	      0.295165	      0.299374	
157.500	      0.295303	      0.299348	
158.000	      0.295438	      0.299321	
158.500	      0.295438	      0.299321	
159.000	      0.295567	      0.299294	
159.500	      0.295693	      0.299266	
160.000	      0.295815	      0.299238	
160.500	      0.295815	      0.299238	
161.000	      0.295933	      0.299209	
161.500	      0.296048	      0.299179	
162.000	      0.296048	      0.299179	
162.500	      0.296159	      0.299149	
163.000	      0.296266	      0.299118	
163.500	      0.296371	      0.299086	
164.000	      0.296371	      0.299086	
164.500	      0.296472	      0.299054	
165.000	      0.296571	       0.29902	
165.500	      0.296571	       0.29902	
166.000	      0.296666	      0.298986	
166.500	      0.296759	      0.298952	
167.000	      0.296849	      0.298916	
167.500	      0.296849	      0.298916	
168.000	      0.296937	       0.29888	
168.500	      0.297022	      0.298843	
169.000	      0.297022	      0.298843	
169.500	      0.297105	      0.298805	
170.000	      0.297186	      0.298766	
170.500	      0.297186	      0.298766	
171.000	      0.297264	      0.298726	
171.500	       0.29734	      0.298686	
172.000	      0.297415	      0.298644	
172.500	      0.297415	      0.298644	
173.000	      0.297487	      0.298601	
173.500	      0.297557	      0.298558	
174.000	      0.297557	      0.298558	
174.500	      0.297626	      0.298513	
175.000	      0.297692	      0.298467	
175.500	      0.297757	       0.29842	
176.000	      0.297757	       0.29842	
176.500	       0.29782	      0.298372	
177.000	      0.297882	      0.298323	
177.500	      0.297882	      0.298323	
178.000	      0.297942	      0.298273	
178.500	      0.298001	      0.298221	
179.000	      0.298058	      0.298168	
179.500	      0.298058	      0.298168	
180.000	      0.298114	      0.298114	
