
TracePro Release: 3 2 0 
Polar Candela Distribution Data for 
Data covers +/- 180.000 degrees from Normal
Data for Missed Rays
Data generated at 09:47:18 June 25, 2025

	   0.0	 180.0
0.000	      0.217379	      0.217379	
0.500	      0.219114	      0.319064	
1.000	      0.219114	      0.319064	
1.500	      0.210426	       0.22685	
2.000	      0.267367	      0.247171	
2.500	      0.198517	      0.106299	
3.000	      0.198517	      0.106299	
3.500	      0.195577	      0.252011	
4.000	      0.187613	      0.234863	
4.500	      0.187613	      0.234863	
5.000	      0.177889	      0.362552	
5.500	      0.166437	      0.238038	
6.000	      0.153013	      0.260717	
6.500	      0.153013	      0.260717	
7.000	      0.137422	     0.0366581	
7.500	      0.122607	      0.582555	
8.000	      0.122607	      0.582555	
8.500	     0.0246911	      0.082482	
9.000	      0.143557	      0.521601	
9.500	     0.0220797	      0.286191	
10.000	     0.0220797	      0.286191	
10.500	     0.0377899	      0.843977	
11.000	      0.121344	      0.249294	
11.500	      0.121344	      0.249294	
12.000	      0.136312	      0.267433	
12.500	      0.309856	      0.211901	
13.000	      0.309856	      0.211901	
13.500	      0.380459	      0.404242	
14.000	      0.654748	      0.167595	
14.500	      0.862852	      0.141084	
15.000	      0.862852	      0.141084	
15.500	       1.46281	     0.0707154	
16.000	       2.38394	      0.288098	
16.500	       2.38394	      0.288098	
17.000	       4.73229	       2.67314	
17.500	        11.087	        30.376	
18.000	       58.6591	       2.67206	
18.500	       58.6591	       2.67206	
19.000	       601.444	      0.288333	
19.500	       58.6152	     0.0275718	
20.000	       58.6152	     0.0275718	
20.500	        10.959	      0.146366	
21.000	       4.76541	      0.192612	
21.500	       2.29822	      0.223838	
22.000	       2.29822	      0.223838	
22.500	       1.47537	      0.177825	
23.000	       0.86698	      0.251162	
23.500	       0.86698	      0.251162	
24.000	      0.606232	      0.254308	
24.500	       0.38524	      0.259331	
25.000	      0.375061	      0.263464	
25.500	      0.375061	      0.263464	
26.000	     0.0116991	      0.266854	
26.500	      0.227068	      0.269746	
27.000	      0.227068	      0.269746	
27.500	    0.00236451	      0.272427	
28.000	     0.0389667	       0.27558	
28.500	      0.184832	      0.285967	
29.000	      0.184832	      0.285967	
29.500	     0.0233938	      0.167549	
30.000	      0.120421	      0.289055	
30.500	      0.120421	      0.289055	
31.000	     0.0756751	      0.281893	
31.500	      0.158696	      0.282323	
32.000	     0.0676087	      0.284289	
32.500	     0.0676087	      0.284289	
33.000	       0.17737	      0.295396	
33.500	       0.17961	      0.130827	
34.000	       0.17961	      0.130827	
34.500	      0.191006	      0.413448	
35.000	      0.127683	      0.127113	
35.500	      0.127683	      0.127113	
36.000	      0.202066	      0.808573	
36.500	      0.202001	      0.058922	
37.000	      0.212705	      0.390239	
37.500	      0.212705	      0.390239	
38.000	     0.0778603	     0.0858584	
38.500	       0.33529	      0.543096	
39.000	       0.33529	      0.543096	
39.500	      0.150914	      0.146159	
40.000	      0.221495	       0.40057	
40.500	      0.115794	      0.332911	
41.000	      0.115794	      0.332911	
41.500	      0.337984	      0.362575	
42.000	      0.701921	      0.409814	
42.500	      0.701921	      0.409814	
43.000	      0.255564	      0.512258	
43.500	      0.105219	      0.816374	
44.000	       1.06821	       3.04499	
44.500	       1.06821	       3.04499	
45.000	     0.0674044	       27.9174	
45.500	      0.170617	       3.04543	
46.000	      0.170617	       3.04543	
46.500	        0.7643	      0.817281	
47.000	     0.0710953	      0.513659	
47.500	      0.210306	        0.4118	
48.000	      0.210306	        0.4118	
48.500	      0.349748	      0.365486	
49.000	      0.858895	      0.340663	
49.500	      0.858895	      0.340663	
50.000	        2.3466	      0.326006	
50.500	       13.3918	      0.317191	
51.000	        138.91	      0.316537	
51.500	        138.91	      0.316537	
52.000	       13.3729	      0.230048	
52.500	       2.34051	       0.30849	
53.000	       2.34051	       0.30849	
53.500	      0.950542	      0.300037	
54.000	      0.239271	      0.297263	
54.500	      0.136385	       0.29545	
55.000	      0.136385	       0.29545	
55.500	    0.00478802	      0.294099	
56.000	     0.0707535	      0.293044	
56.500	     0.0707535	      0.293044	
57.000	      0.119679	      0.292198	
57.500	      0.153748	      0.291511	
58.000	      0.153748	      0.291511	
58.500	      0.182572	      0.290944	
59.000	      0.132797	      0.290474	
59.500	       0.21398	       0.29008	
60.000	       0.21398	       0.29008	
60.500	      0.219759	      0.289748	
61.000	      0.227578	      0.289468	
61.500	      0.227578	      0.289468	
62.000	      0.234207	      0.289229	
62.500	      0.239666	      0.289026	
63.000	      0.244023	      0.288852	
63.500	      0.244023	      0.288852	
64.000	      0.246887	      0.288704	
64.500	      0.241722	      0.288576	
65.000	      0.241722	      0.288576	
65.500	      0.364693	      0.288467	
66.000	      0.247363	      0.288373	
66.500	      0.258325	      0.288293	
67.000	      0.258325	      0.288293	
67.500	      0.261589	      0.288224	
68.000	      0.263889	      0.288165	
68.500	      0.263889	      0.288165	
69.000	      0.265868	      0.288114	
69.500	      0.267803	      0.288072	
70.000	      0.270241	      0.288036	
70.500	      0.270241	      0.288036	
71.000	      0.278509	      0.288006	
71.500	      0.187634	       0.28798	
72.000	      0.187634	       0.28798	
72.500	      0.289135	       0.28796	
73.000	      0.179721	      0.287943	
73.500	      0.283376	       0.28793	
74.000	      0.283376	       0.28793	
74.500	      0.276464	       0.28792	
75.000	      0.276153	      0.287913	
75.500	      0.276153	      0.287913	
76.000	      0.276628	      0.287908	
76.500	       0.27751	      0.287905	
77.000	      0.279249	      0.287904	
77.500	      0.279249	      0.287904	
78.000	      0.288314	      0.287905	
78.500	      0.173974	      0.287908	
79.000	      0.173974	      0.287908	
79.500	      0.295021	      0.287911	
80.000	       0.21828	      0.287916	
80.500	       0.21828	      0.287916	
81.000	      0.286334	      0.287922	
81.500	      0.274953	      0.287928	
82.000	      0.438379	      0.287936	
82.500	      0.438379	      0.287936	
83.000	     0.0708262	      0.287944	
83.500	       0.39043	      0.287953	
84.000	       0.39043	      0.287953	
84.500	      0.139295	      0.287962	
85.000	      0.620501	      0.287972	
85.500	      0.084849	      0.287982	
86.000	      0.084849	      0.287982	
86.500	      0.573245	      0.287993	
87.000	      0.471084	      0.288004	
87.500	      0.471084	      0.288004	
88.000	      0.717093	      0.288015	
88.500	     0.0231886	      0.288026	
89.000	      0.742007	      0.288038	
89.500	      0.742007	      0.288038	
90.000	       0.44705	      0.288049	
90.500	      0.998359	      0.288061	
91.000	      0.998359	      0.288061	
91.500	      0.872602	      0.288073	
92.000	       1.33853	      0.288085	
92.500	     0.0622184	      0.288097	
93.000	     0.0622184	      0.288097	
93.500	      0.474013	      0.288108	
94.000	      0.267588	       0.28812	
94.500	      0.267588	       0.28812	
95.000	      0.280849	      0.288132	
95.500	      0.282721	      0.288144	
96.000	      0.283427	      0.288156	
96.500	      0.283427	      0.288156	
97.000	      0.283808	      0.288167	
97.500	      0.284062	      0.288179	
98.000	      0.284062	      0.288179	
98.500	      0.284255	      0.288191	
99.000	      0.284415	      0.288202	
99.500	      0.284555	      0.288213	
100.000	      0.284555	      0.288213	
100.500	      0.284681	      0.288224	
101.000	      0.284799	      0.288236	
101.500	      0.284799	      0.288236	
102.000	      0.284909	      0.288246	
102.500	      0.285014	      0.288257	
103.000	      0.285014	      0.288257	
103.500	      0.285114	      0.288268	
104.000	       0.28521	      0.288279	
104.500	      0.285302	      0.288289	
105.000	      0.285302	      0.288289	
105.500	      0.285391	      0.288299	
106.000	      0.285477	      0.288309	
106.500	      0.285477	      0.288309	
107.000	       0.28556	      0.288319	
107.500	      0.285641	      0.288329	
108.000	      0.285719	      0.288339	
108.500	      0.285719	      0.288339	
109.000	      0.285794	      0.288348	
109.500	      0.285868	      0.288357	
110.000	      0.285868	      0.288357	
110.500	      0.285939	      0.288367	
111.000	      0.286008	      0.288376	
111.500	      0.286075	      0.288384	
112.000	      0.286075	      0.288384	
112.500	       0.28614	      0.288393	
113.000	      0.286204	      0.288402	
113.500	      0.286204	      0.288402	
114.000	      0.286265	       0.28841	
114.500	      0.286325	      0.288418	
115.000	      0.286383	      0.288426	
115.500	      0.286383	      0.288426	
116.000	       0.28644	      0.288434	
116.500	      0.286495	      0.288442	
117.000	      0.286495	      0.288442	
117.500	      0.286549	      0.288449	
118.000	      0.286602	      0.288457	
118.500	      0.286653	      0.288464	
119.000	      0.286653	      0.288464	
119.500	      0.286702	      0.288471	
120.000	      0.286751	      0.288478	
120.500	      0.286751	      0.288478	
121.000	      0.286798	      0.288485	
121.500	      0.286844	      0.288491	
122.000	      0.286889	      0.288498	
122.500	      0.286889	      0.288498	
123.000	      0.286932	      0.288504	
123.500	      0.286975	       0.28851	
124.000	      0.286975	       0.28851	
124.500	      0.287017	      0.288516	
125.000	      0.287057	      0.288522	
125.500	      0.287057	      0.288522	
126.000	      0.287097	      0.288527	
126.500	      0.287135	      0.288533	
127.000	      0.287173	      0.288538	
127.500	      0.287173	      0.288538	
128.000	       0.28721	      0.288543	
128.500	      0.287246	      0.288548	
129.000	      0.287246	      0.288548	
129.500	      0.287281	      0.288553	
130.000	      0.287315	      0.288558	
130.500	      0.287348	      0.288562	
131.000	      0.287348	      0.288562	
131.500	      0.287381	      0.288567	
132.000	      0.287413	      0.288571	
132.500	      0.287413	      0.288571	
133.000	      0.287444	      0.288575	
133.500	      0.287475	      0.288579	
134.000	      0.287504	      0.288583	
134.500	      0.287504	      0.288583	
135.000	      0.287534	      0.288586	
135.500	      0.287562	       0.28859	
136.000	      0.287562	       0.28859	
136.500	       0.28759	      0.288593	
137.000	      0.287617	      0.288596	
137.500	      0.287643	      0.288599	
138.000	      0.287643	      0.288599	
138.500	      0.287669	      0.288602	
139.000	      0.287695	      0.288605	
139.500	      0.287695	      0.288605	
140.000	       0.28772	      0.288608	
140.500	      0.287744	       0.28861	
141.000	      0.287768	      0.288612	
141.500	      0.287768	      0.288612	
142.000	      0.287791	      0.288615	
142.500	      0.287814	      0.288617	
143.000	      0.287814	      0.288617	
143.500	      0.287836	      0.288618	
144.000	      0.287857	       0.28862	
144.500	      0.287879	      0.288622	
145.000	      0.287879	      0.288622	
145.500	      0.287899	      0.288623	
146.000	       0.28792	      0.288624	
146.500	       0.28792	      0.288624	
147.000	       0.28794	      0.288626	
147.500	      0.287959	      0.288627	
148.000	      0.287959	      0.288627	
148.500	      0.287978	      0.288627	
149.000	      0.287997	      0.288628	
149.500	      0.288015	      0.288629	
150.000	      0.288015	      0.288629	
150.500	      0.288033	      0.288629	
151.000	       0.28805	      0.288629	
151.500	       0.28805	      0.288629	
152.000	      0.288067	       0.28863	
152.500	      0.288084	       0.28863	
153.000	        0.2881	      0.288629	
153.500	        0.2881	      0.288629	
154.000	      0.288116	      0.288629	
154.500	      0.288132	      0.288629	
155.000	      0.288132	      0.288629	
155.500	      0.288147	      0.288628	
156.000	      0.288162	      0.288627	
156.500	      0.288177	      0.288626	
157.000	      0.288177	      0.288626	
157.500	      0.288191	      0.288625	
158.000	      0.288205	      0.288624	
158.500	      0.288205	      0.288624	
159.000	      0.288219	      0.288623	
159.500	      0.288232	      0.288621	
160.000	      0.288245	       0.28862	
160.500	      0.288245	       0.28862	
161.000	      0.288258	      0.288618	
161.500	       0.28827	      0.288616	
162.000	       0.28827	      0.288616	
162.500	      0.288283	      0.288614	
163.000	      0.288295	      0.288612	
163.500	      0.288306	      0.288609	
164.000	      0.288306	      0.288609	
164.500	      0.288318	      0.288607	
165.000	      0.288329	      0.288604	
165.500	      0.288329	      0.288604	
166.000	       0.28834	      0.288601	
166.500	       0.28835	      0.288598	
167.000	      0.288361	      0.288595	
167.500	      0.288361	      0.288595	
168.000	      0.288371	      0.288592	
168.500	      0.288381	      0.288588	
169.000	      0.288381	      0.288588	
169.500	       0.28839	      0.288584	
170.000	        0.2884	      0.288581	
170.500	        0.2884	      0.288581	
171.000	      0.288409	      0.288577	
171.500	      0.288418	      0.288572	
172.000	      0.288427	      0.288568	
172.500	      0.288427	      0.288568	
173.000	      0.288435	      0.288564	
173.500	      0.288444	      0.288559	
174.000	      0.288444	      0.288559	
174.500	      0.288452	      0.288554	
175.000	      0.288459	      0.288549	
175.500	      0.288467	      0.288544	
176.000	      0.288467	      0.288544	
176.500	      0.288475	      0.288539	
177.000	      0.288482	      0.288533	
177.500	      0.288482	      0.288533	
178.000	      0.288489	      0.288527	
178.500	      0.288496	      0.288521	
179.000	      0.288502	      0.288515	
179.500	      0.288502	      0.288515	
180.000	      0.288509	      0.288509	
