
TracePro Release: 3 2 0 
Polar Candela Distribution Data for 
Data covers +/- 180.000 degrees from Normal
Data for Missed Rays
Data generated at 09:45:01 June 30, 2025

	   0.0	 180.0
0.000	      0.319939	      0.319939	
0.500	      0.319898	       0.31998	
1.000	      0.319898	       0.31998	
1.500	      0.319855	       0.32002	
2.000	      0.319812	      0.320058	
2.500	      0.319767	      0.320096	
3.000	      0.319767	      0.320096	
3.500	      0.319721	      0.320134	
4.000	      0.319675	       0.32017	
4.500	      0.319675	       0.32017	
5.000	      0.319627	      0.320205	
5.500	      0.319578	       0.32024	
6.000	      0.319528	      0.320274	
6.500	      0.319528	      0.320274	
7.000	      0.319476	      0.320307	
7.500	      0.319423	       0.32034	
8.000	      0.319423	       0.32034	
8.500	      0.319369	      0.320371	
9.000	      0.319314	      0.320402	
9.500	      0.319257	      0.320433	
10.000	      0.319257	      0.320433	
10.500	      0.319199	      0.320463	
11.000	       0.31914	      0.320492	
11.500	       0.31914	      0.320492	
12.000	      0.319078	       0.32052	
12.500	      0.319016	      0.320548	
13.000	      0.319016	      0.320548	
13.500	      0.318951	      0.320575	
14.000	      0.318885	      0.320602	
14.500	      0.318818	      0.320628	
15.000	      0.318818	      0.320628	
15.500	      0.318748	      0.320654	
16.000	      0.318677	      0.320679	
16.500	      0.318677	      0.320679	
17.000	      0.318604	      0.320703	
17.500	      0.318528	      0.320727	
18.000	      0.318451	      0.320751	
18.500	      0.318451	      0.320751	
19.000	      0.318372	      0.320774	
19.500	       0.31829	      0.320796	
20.000	       0.31829	      0.320796	
20.500	      0.318206	      0.320818	
21.000	       0.31812	       0.32084	
21.500	      0.318031	      0.320861	
22.000	      0.318031	      0.320861	
22.500	       0.31794	      0.320882	
23.000	      0.317846	      0.320902	
23.500	      0.317846	      0.320902	
24.000	      0.317749	      0.320922	
24.500	       0.31765	      0.320941	
25.000	      0.317548	       0.32096	
25.500	      0.317548	       0.32096	
26.000	      0.317442	      0.320979	
26.500	      0.317334	      0.320997	
27.000	      0.317334	      0.320997	
27.500	      0.317222	      0.321015	
28.000	      0.317107	      0.321032	
28.500	      0.316988	      0.321049	
29.000	      0.316988	      0.321049	
29.500	      0.316865	      0.321066	
30.000	      0.316739	      0.321082	
30.500	      0.316739	      0.321082	
31.000	      0.316608	      0.321098	
31.500	      0.316474	      0.321114	
32.000	      0.316335	      0.321129	
32.500	      0.316335	      0.321129	
33.000	      0.316191	      0.321144	
33.500	      0.316043	      0.321159	
34.000	      0.316043	      0.321159	
34.500	       0.31589	      0.321173	
35.000	      0.315731	      0.321187	
35.500	      0.315731	      0.321187	
36.000	      0.315567	      0.321201	
36.500	      0.315398	      0.321214	
37.000	      0.315222	      0.321227	
37.500	      0.315222	      0.321227	
38.000	       0.31504	       0.32124	
38.500	      0.314852	      0.321253	
39.000	      0.314852	      0.321253	
39.500	      0.314657	      0.321265	
40.000	      0.314455	      0.321277	
40.500	      0.314245	      0.321289	
41.000	      0.314245	      0.321289	
41.500	      0.314028	        0.3213	
42.000	      0.313802	      0.321311	
42.500	      0.313802	      0.321311	
43.000	      0.313567	      0.321322	
43.500	      0.313324	      0.321333	
44.000	       0.31307	      0.321343	
44.500	       0.31307	      0.321343	
45.000	      0.312807	      0.321353	
45.500	      0.312533	      0.321363	
46.000	      0.312533	      0.321363	
46.500	      0.312248	      0.321373	
47.000	      0.311951	      0.321382	
47.500	      0.311641	      0.321391	
48.000	      0.311641	      0.321391	
48.500	      0.311318	        0.3214	
49.000	      0.310982	      0.321409	
49.500	      0.310982	      0.321409	
50.000	       0.31063	      0.321417	
50.500	      0.310263	      0.321426	
51.000	      0.309879	      0.321434	
51.500	      0.309879	      0.321434	
52.000	      0.309477	      0.321442	
52.500	      0.309057	      0.321449	
53.000	      0.309057	      0.321449	
53.500	      0.308617	      0.321457	
54.000	      0.308155	      0.321464	
54.500	      0.307672	      0.321471	
55.000	      0.307672	      0.321471	
55.500	      0.307164	      0.321477	
56.000	       0.30663	      0.321484	
56.500	       0.30663	      0.321484	
57.000	      0.306069	       0.32149	
57.500	      0.305479	      0.321496	
58.000	      0.305479	      0.321496	
58.500	      0.304857	      0.321502	
59.000	      0.304202	      0.321508	
59.500	       0.30351	      0.321514	
60.000	       0.30351	      0.321514	
60.500	       0.30278	      0.321519	
61.000	      0.302008	      0.321524	
61.500	      0.302008	      0.321524	
62.000	       0.30119	      0.321529	
62.500	      0.300325	      0.321534	
63.000	      0.299407	      0.321539	
63.500	      0.299407	      0.321539	
64.000	      0.298431	      0.321543	
64.500	      0.297395	      0.321547	
65.000	      0.297395	      0.321547	
65.500	      0.296291	      0.321551	
66.000	      0.295115	      0.321555	
66.500	      0.293859	      0.321559	
67.000	      0.293859	      0.321559	
67.500	      0.292516	      0.321562	
68.000	      0.291079	      0.321566	
68.500	      0.291079	      0.321566	
69.000	      0.289538	      0.321569	
69.500	      0.287882	      0.321572	
70.000	      0.286101	      0.321575	
70.500	      0.286101	      0.321575	
71.000	      0.284181	      0.321577	
71.500	      0.282107	       0.32158	
72.000	      0.282107	       0.32158	
72.500	      0.279863	      0.321582	
73.000	      0.277429	      0.321584	
73.500	      0.274784	      0.321586	
74.000	      0.274784	      0.321586	
74.500	      0.271901	      0.321588	
75.000	      0.268753	      0.321589	
75.500	      0.268753	      0.321589	
76.000	      0.265304	      0.321591	
76.500	      0.261517	      0.321592	
77.000	      0.257344	      0.321593	
77.500	      0.257344	      0.321593	
78.000	      0.252732	      0.321594	
78.500	      0.247616	      0.321595	
79.000	      0.247616	      0.321595	
79.500	      0.241922	      0.321595	
80.000	      0.235558	      0.321596	
80.500	      0.235558	      0.321596	
81.000	      0.228414	      0.321596	
81.500	      0.220358	      0.321596	
82.000	      0.211229	      0.321596	
82.500	      0.211229	      0.321596	
83.000	      0.200826	      0.321596	
83.500	        0.1889	      0.321595	
84.000	        0.1889	      0.321595	
84.500	       0.17514	      0.321595	
85.000	      0.159149	      0.321594	
85.500	      0.140417	      0.321593	
86.000	      0.140417	      0.321593	
86.500	       0.11828	      0.321592	
87.000	     0.0918596	      0.321591	
87.500	     0.0918596	      0.321591	
88.000	     0.0599741	      0.321589	
88.500	     0.0210051	      0.321588	
89.000	     0.0273132	      0.321586	
89.500	     0.0273132	      0.321586	
90.000	      0.088231	      0.321584	
90.500	      0.166545	      0.321582	
91.000	      0.166545	      0.321582	
91.500	      0.269576	       0.32158	
92.000	      0.408943	      0.321577	
92.500	      0.604006	      0.321575	
93.000	      0.604006	      0.321575	
93.500	      0.888991	      0.321572	
94.000	       1.32917	      0.321569	
94.500	       1.32917	      0.321569	
95.000	       2.06215	      0.321566	
95.500	       3.42123	      0.321562	
96.000	       6.40178	      0.321559	
96.500	       6.40178	      0.321559	
97.000	       15.2739	      0.321555	
97.500	       80.3446	      0.321551	
98.000	       80.3446	      0.321551	
98.500	       823.799	      0.321547	
99.000	       80.3446	      0.321543	
99.500	       15.2739	      0.321539	
100.000	       15.2739	      0.321539	
100.500	       6.40178	      0.321534	
101.000	       3.42123	      0.321529	
101.500	       3.42123	      0.321529	
102.000	       2.06215	      0.321524	
102.500	       1.32917	      0.321519	
103.000	       1.32917	      0.321519	
103.500	      0.888991	      0.321514	
104.000	      0.604006	      0.321508	
104.500	      0.408943	      0.321502	
105.000	      0.408943	      0.321502	
105.500	      0.269576	      0.321496	
106.000	      0.166545	       0.32149	
106.500	      0.166545	       0.32149	
107.000	      0.088231	      0.321484	
107.500	     0.0273132	      0.321477	
108.000	     0.0210051	      0.321471	
108.500	     0.0210051	      0.321471	
109.000	     0.0599741	      0.321464	
109.500	     0.0918596	      0.321457	
110.000	     0.0918596	      0.321457	
110.500	       0.11828	      0.321449	
111.000	      0.140417	      0.321442	
111.500	      0.159149	      0.321434	
112.000	      0.159149	      0.321434	
112.500	       0.17514	      0.321426	
113.000	        0.1889	      0.321417	
113.500	        0.1889	      0.321417	
114.000	      0.200826	      0.321409	
114.500	      0.211229	        0.3214	
115.000	      0.220358	      0.321391	
115.500	      0.220358	      0.321391	
116.000	      0.228414	      0.321382	
116.500	      0.235558	      0.321373	
117.000	      0.235558	      0.321373	
117.500	      0.241922	      0.321363	
118.000	      0.247616	      0.321353	
118.500	      0.252732	      0.321343	
119.000	      0.252732	      0.321343	
119.500	      0.257344	      0.321333	
120.000	      0.261517	      0.321322	
120.500	      0.261517	      0.321322	
121.000	      0.265304	      0.321311	
121.500	      0.268753	        0.3213	
122.000	      0.271901	      0.321289	
122.500	      0.271901	      0.321289	
123.000	      0.274784	      0.321277	
123.500	      0.277429	      0.321265	
124.000	      0.277429	      0.321265	
124.500	      0.279863	      0.321253	
125.000	      0.282107	       0.32124	
125.500	      0.282107	       0.32124	
126.000	      0.284181	      0.321227	
126.500	      0.286101	      0.321214	
127.000	      0.287882	      0.321201	
127.500	      0.287882	      0.321201	
128.000	      0.289538	      0.321187	
128.500	      0.291079	      0.321173	
129.000	      0.291079	      0.321173	
129.500	      0.292516	      0.321159	
130.000	      0.293859	      0.321144	
130.500	      0.295115	      0.321129	
131.000	      0.295115	      0.321129	
131.500	      0.296291	      0.321114	
132.000	      0.297395	      0.321098	
132.500	      0.297395	      0.321098	
133.000	      0.298431	      0.321082	
133.500	      0.299407	      0.321066	
134.000	      0.300325	      0.321049	
134.500	      0.300325	      0.321049	
135.000	       0.30119	      0.321032	
135.500	      0.302008	      0.321015	
136.000	      0.302008	      0.321015	
136.500	       0.30278	      0.320997	
137.000	       0.30351	      0.320979	
137.500	      0.304202	       0.32096	
138.000	      0.304202	       0.32096	
138.500	      0.304857	      0.320941	
139.000	      0.305479	      0.320922	
139.500	      0.305479	      0.320922	
140.000	      0.306069	      0.320902	
140.500	       0.30663	      0.320882	
141.000	      0.307164	      0.320861	
141.500	      0.307164	      0.320861	
142.000	      0.307672	       0.32084	
142.500	      0.308155	      0.320818	
143.000	      0.308155	      0.320818	
143.500	      0.308617	      0.320796	
144.000	      0.309057	      0.320774	
144.500	      0.309477	      0.320751	
145.000	      0.309477	      0.320751	
145.500	      0.309879	      0.320727	
146.000	      0.310263	      0.320703	
146.500	      0.310263	      0.320703	
147.000	       0.31063	      0.320679	
147.500	      0.310982	      0.320654	
148.000	      0.310982	      0.320654	
148.500	      0.311318	      0.320628	
149.000	      0.311641	      0.320602	
149.500	      0.311951	      0.320575	
150.000	      0.311951	      0.320575	
150.500	      0.312248	      0.320548	
151.000	      0.312533	       0.32052	
151.500	      0.312533	       0.32052	
152.000	      0.312807	      0.320492	
152.500	       0.31307	      0.320463	
153.000	      0.313324	      0.320433	
153.500	      0.313324	      0.320433	
154.000	      0.313567	      0.320402	
154.500	      0.313802	      0.320371	
155.000	      0.313802	      0.320371	
155.500	      0.314028	       0.32034	
156.000	      0.314245	      0.320307	
156.500	      0.314455	      0.320274	
157.000	      0.314455	      0.320274	
157.500	      0.314657	       0.32024	
158.000	      0.314852	      0.320205	
158.500	      0.314852	      0.320205	
159.000	       0.31504	       0.32017	
159.500	      0.315222	      0.320134	
160.000	      0.315398	      0.320096	
160.500	      0.315398	      0.320096	
161.000	      0.315567	      0.320058	
161.500	      0.315731	       0.32002	
162.000	      0.315731	       0.32002	
162.500	       0.31589	       0.31998	
163.000	      0.316043	      0.319939	
163.500	      0.316191	      0.319898	
164.000	      0.316191	      0.319898	
164.500	      0.316335	      0.319855	
165.000	      0.316474	      0.319812	
165.500	      0.316474	      0.319812	
166.000	      0.316608	      0.319767	
166.500	      0.316739	      0.319721	
167.000	      0.316865	      0.319675	
167.500	      0.316865	      0.319675	
168.000	      0.316988	      0.319627	
168.500	      0.317107	      0.319578	
169.000	      0.317107	      0.319578	
169.500	      0.317222	      0.319528	
170.000	      0.317334	      0.319476	
170.500	      0.317334	      0.319476	
171.000	      0.317442	      0.319423	
171.500	      0.317548	      0.319369	
172.000	       0.31765	      0.319314	
172.500	       0.31765	      0.319314	
173.000	      0.317749	      0.319257	
173.500	      0.317846	      0.319199	
174.000	      0.317846	      0.319199	
174.500	       0.31794	       0.31914	
175.000	      0.318031	      0.319078	
175.500	       0.31812	      0.319016	
176.000	       0.31812	      0.319016	
176.500	      0.318206	      0.318951	
177.000	       0.31829	      0.318885	
177.500	       0.31829	      0.318885	
178.000	      0.318372	      0.318818	
178.500	      0.318451	      0.318748	
179.000	      0.318528	      0.318677	
179.500	      0.318528	      0.318677	
180.000	      0.318604	      0.318604	
