
TracePro Release: 3 2 0 
Polar Candela Distribution Data for 
Data covers +/- 180.000 degrees from Normal
Data for Missed Rays
Data generated at 09:43:40 June 25, 2025

	   0.0	 180.0
0.000	      0.293304	      0.293304	
0.500	      0.206038	     0.0807451	
1.000	      0.206038	     0.0807451	
1.500	      0.206387	       0.23266	
2.000	      0.203053	      0.224568	
2.500	      0.199481	      0.306653	
3.000	      0.199481	      0.306653	
3.500	      0.196297	     0.0771031	
4.000	      0.199306	        0.2637	
4.500	      0.199306	        0.2637	
5.000	     0.0917041	      0.266346	
5.500	      0.197567	      0.398949	
6.000	     0.0564593	       0.34238	
6.500	     0.0564593	       0.34238	
7.000	      0.246291	       1.41791	
7.500	    0.00697123	       11.0997	
8.000	    0.00697123	       11.0997	
8.500	      0.290984	       1.34677	
9.000	      0.114904	      0.285029	
9.500	      0.194111	       0.33278	
10.000	      0.194111	       0.33278	
10.500	     0.0954752	      0.280429	
11.000	     0.0934147	      0.260764	
11.500	     0.0934147	      0.260764	
12.000	      0.111004	      0.250739	
12.500	     0.0357539	       0.24499	
13.000	     0.0357539	       0.24499	
13.500	      0.017849	      0.241444	
14.000	     0.0616548	      0.239149	
14.500	      0.329467	      0.237612	
15.000	      0.329467	      0.237612	
15.500	      0.230402	      0.236557	
16.000	      0.600488	      0.235823	
16.500	      0.600488	      0.235823	
17.000	      0.651132	      0.235309	
17.500	       1.12006	      0.234955	
18.000	       1.03406	      0.234728	
18.500	       1.03406	      0.234728	
19.000	        3.8793	      0.234615	
19.500	       8.25101	      0.234595	
20.000	       8.25101	      0.234595	
20.500	       43.8084	      0.233007	
21.000	       450.062	      0.294341	
21.500	       44.9218	     0.0416971	
22.000	       44.9218	     0.0416971	
22.500	       6.43608	      0.253664	
23.000	       4.10546	      0.116677	
23.500	       4.10546	      0.116677	
24.000	       1.67006	      0.864918	
24.500	       1.14023	       1.14477	
25.000	      0.179715	       1.88211	
25.500	      0.179715	       1.88211	
26.000	       1.60583	      0.859497	
26.500	       1.18089	       1.24996	
27.000	       1.18089	       1.24996	
27.500	      0.353786	      0.694263	
28.000	      0.988949	       1.50307	
28.500	       1.16547	      0.983263	
29.000	       1.16547	      0.983263	
29.500	      0.227697	      0.786635	
30.000	       1.96974	      0.014588	
30.500	       1.96974	      0.014588	
31.000	       2.84406	      0.309114	
31.500	      0.150366	      0.670464	
32.000	       1.11571	       1.48923	
32.500	       1.11571	       1.48923	
33.000	       2.42282	      0.792267	
33.500	       1.54261	       1.01563	
34.000	       1.54261	       1.01563	
34.500	       1.96354	      0.516989	
35.000	       1.77557	      0.522642	
35.500	       1.77557	      0.522642	
36.000	       2.64916	      0.292848	
36.500	       2.72921	      0.703505	
37.000	       3.18942	      0.141073	
37.500	       3.18942	      0.141073	
38.000	      0.572973	      0.220021	
38.500	      0.807896	     0.0756603	
39.000	      0.807896	     0.0756603	
39.500	       1.31553	     0.0675241	
40.000	       1.63702	     0.0742754	
40.500	       2.29637	      0.488873	
41.000	       2.29637	      0.488873	
41.500	       1.65363	       3.52925	
42.000	       1.15072	       38.7176	
42.500	       1.15072	       38.7176	
43.000	      0.085581	       3.52902	
43.500	       1.09762	      0.488403	
44.000	      0.691401	     0.0736509	
44.500	      0.691401	     0.0736509	
45.000	       0.26861	     0.0659681	
45.500	      0.197635	       0.13042	
46.000	      0.197635	       0.13042	
46.500	      0.414574	      0.171496	
47.000	       0.21451	     0.0965056	
47.500	       1.35664	      0.204627	
48.000	       1.35664	      0.204627	
48.500	       1.21974	      0.202195	
49.000	        4.2305	      0.273464	
49.500	        4.2305	      0.273464	
50.000	       2.68559	      0.212323	
50.500	       2.22934	      0.220547	
51.000	       1.75661	      0.223854	
51.500	       1.75661	      0.223854	
52.000	       1.40746	      0.225858	
52.500	       1.30513	      0.224306	
53.000	       1.30513	      0.224306	
53.500	       7.48853	      0.274404	
54.000	       5.33626	      0.227179	
54.500	       1.76725	      0.231763	
55.000	       1.76725	      0.231763	
55.500	       3.12955	      0.233166	
56.000	       1.52031	      0.234122	
56.500	       1.52031	      0.234122	
57.000	       2.63538	      0.234885	
57.500	       4.92693	      0.235526	
58.000	       4.92693	      0.235526	
58.500	       3.49669	      0.236078	
59.000	       2.20914	      0.236561	
59.500	       1.90822	      0.236989	
60.000	       1.90822	      0.236989	
60.500	       3.01443	      0.237369	
61.000	       2.70571	       0.23771	
61.500	       2.70571	       0.23771	
62.000	       2.71737	      0.238017	
62.500	      0.355416	      0.238296	
63.000	       4.18875	      0.238549	
63.500	       4.18875	      0.238549	
64.000	       2.00296	       0.23878	
64.500	       3.60804	      0.238993	
65.000	       3.60804	      0.238993	
65.500	       2.26129	      0.239188	
66.000	       1.84241	      0.239368	
66.500	       3.15273	      0.239535	
67.000	       3.15273	      0.239535	
67.500	       3.59651	       0.23969	
68.000	       2.48415	      0.239834	
68.500	       2.48415	      0.239834	
69.000	       3.23958	      0.239969	
69.500	       1.72606	      0.240094	
70.000	       3.40297	      0.240212	
70.500	       3.40297	      0.240212	
71.000	       21.8343	      0.240323	
71.500	       2.12876	      0.240427	
72.000	       2.12876	      0.240427	
72.500	       1.34625	      0.240525	
73.000	       1.42899	      0.240618	
73.500	        1.4528	      0.240706	
74.000	        1.4528	      0.240706	
74.500	       2.81531	      0.240789	
75.000	       15.8854	      0.240868	
75.500	       15.8854	      0.240868	
76.000	       165.283	      0.240942	
76.500	       15.9032	      0.241014	
77.000	       2.86854	      0.241081	
77.500	       2.86854	      0.241081	
78.000	       1.09399	      0.241146	
78.500	      0.499149	      0.241207	
79.000	      0.499149	      0.241207	
79.500	      0.228625	      0.241266	
80.000	     0.0831395	      0.241323	
80.500	     0.0831395	      0.241323	
81.000	    0.00398219	      0.241377	
81.500	     0.0602325	      0.241428	
82.000	     0.0986359	      0.241478	
82.500	     0.0986359	      0.241478	
83.000	      0.126011	      0.241525	
83.500	      0.146207	      0.241571	
84.000	      0.146207	      0.241571	
84.500	      0.161532	      0.241615	
85.000	      0.173436	      0.241657	
85.500	      0.182867	      0.241698	
86.000	      0.182867	      0.241698	
86.500	      0.190468	      0.241737	
87.000	      0.196683	      0.241774	
87.500	      0.196683	      0.241774	
88.000	      0.201833	      0.241811	
88.500	      0.206148	      0.241846	
89.000	      0.209801	       0.24188	
89.500	      0.209801	       0.24188	
90.000	      0.212921	      0.241912	
90.500	      0.215609	      0.241944	
91.000	      0.215609	      0.241944	
91.500	      0.217941	      0.241974	
92.000	      0.219979	      0.242004	
92.500	       0.22177	      0.242032	
93.000	       0.22177	      0.242032	
93.500	      0.223353	       0.24206	
94.000	       0.22476	      0.242087	
94.500	       0.22476	      0.242087	
95.000	      0.226017	      0.242113	
95.500	      0.227144	      0.242138	
96.000	      0.228159	      0.242162	
96.500	      0.228159	      0.242162	
97.000	      0.229077	      0.242186	
97.500	       0.22991	      0.242208	
98.000	       0.22991	      0.242208	
98.500	      0.230669	      0.242231	
99.000	      0.231362	      0.242252	
99.500	      0.231997	      0.242273	
100.000	      0.231997	      0.242273	
100.500	       0.23258	      0.242293	
101.000	      0.233117	      0.242313	
101.500	      0.233117	      0.242313	
102.000	      0.233614	      0.242332	
102.500	      0.234073	       0.24235	
103.000	      0.234073	       0.24235	
103.500	      0.234499	      0.242368	
104.000	      0.234896	      0.242386	
104.500	      0.235265	      0.242403	
105.000	      0.235265	      0.242403	
105.500	      0.235609	      0.242419	
106.000	      0.235932	      0.242435	
106.500	      0.235932	      0.242435	
107.000	      0.236233	      0.242451	
107.500	      0.236516	      0.242466	
108.000	      0.236783	      0.242481	
108.500	      0.236783	      0.242481	
109.000	      0.237033	      0.242495	
109.500	      0.237269	      0.242509	
110.000	      0.237269	      0.242509	
110.500	      0.237492	      0.242522	
111.000	      0.237702	      0.242535	
111.500	      0.237901	      0.242548	
112.000	      0.237901	      0.242548	
112.500	       0.23809	       0.24256	
113.000	      0.238269	      0.242572	
113.500	      0.238269	      0.242572	
114.000	      0.238438	      0.242584	
114.500	        0.2386	      0.242595	
115.000	      0.238753	      0.242606	
115.500	      0.238753	      0.242606	
116.000	        0.2389	      0.242617	
116.500	      0.239039	      0.242627	
117.000	      0.239039	      0.242627	
117.500	      0.239172	      0.242637	
118.000	      0.239299	      0.242647	
118.500	       0.23942	      0.242656	
119.000	       0.23942	      0.242656	
119.500	      0.239536	      0.242665	
120.000	      0.239647	      0.242674	
120.500	      0.239647	      0.242674	
121.000	      0.239754	      0.242683	
121.500	      0.239855	      0.242691	
122.000	      0.239953	      0.242699	
122.500	      0.239953	      0.242699	
123.000	      0.240047	      0.242707	
123.500	      0.240137	      0.242715	
124.000	      0.240137	      0.242715	
124.500	      0.240224	      0.242722	
125.000	      0.240307	      0.242729	
125.500	      0.240307	      0.242729	
126.000	      0.240387	      0.242736	
126.500	      0.240465	      0.242742	
127.000	      0.240539	      0.242749	
127.500	      0.240539	      0.242749	
128.000	      0.240611	      0.242755	
128.500	       0.24068	      0.242761	
129.000	       0.24068	      0.242761	
129.500	      0.240746	      0.242766	
130.000	      0.240811	      0.242772	
130.500	      0.240873	      0.242777	
131.000	      0.240873	      0.242777	
131.500	      0.240933	      0.242782	
132.000	      0.240991	      0.242787	
132.500	      0.240991	      0.242787	
133.000	      0.241047	      0.242791	
133.500	      0.241101	      0.242796	
134.000	      0.241153	        0.2428	
134.500	      0.241153	        0.2428	
135.000	      0.241204	      0.242804	
135.500	      0.241253	      0.242808	
136.000	      0.241253	      0.242808	
136.500	      0.241301	      0.242811	
137.000	      0.241347	      0.242815	
137.500	      0.241392	      0.242818	
138.000	      0.241392	      0.242818	
138.500	      0.241435	      0.242821	
139.000	      0.241477	      0.242824	
139.500	      0.241477	      0.242824	
140.000	      0.241518	      0.242826	
140.500	      0.241557	      0.242829	
141.000	      0.241596	      0.242831	
141.500	      0.241596	      0.242831	
142.000	      0.241633	      0.242833	
142.500	      0.241669	      0.242835	
143.000	      0.241669	      0.242835	
143.500	      0.241704	      0.242837	
144.000	      0.241738	      0.242838	
144.500	      0.241772	       0.24284	
145.000	      0.241772	       0.24284	
145.500	      0.241804	      0.242841	
146.000	      0.241835	      0.242842	
146.500	      0.241835	      0.242842	
147.000	      0.241866	      0.242843	
147.500	      0.241895	      0.242843	
148.000	      0.241895	      0.242843	
148.500	      0.241924	      0.242844	
149.000	      0.241952	      0.242844	
149.500	       0.24198	      0.242844	
150.000	       0.24198	      0.242844	
150.500	      0.242006	      0.242844	
151.000	      0.242032	      0.242844	
151.500	      0.242032	      0.242844	
152.000	      0.242057	      0.242843	
152.500	      0.242082	      0.242843	
153.000	      0.242105	      0.242842	
153.500	      0.242105	      0.242842	
154.000	      0.242129	      0.242841	
154.500	      0.242151	       0.24284	
155.000	      0.242151	       0.24284	
155.500	      0.242173	      0.242839	
156.000	      0.242195	      0.242837	
156.500	      0.242216	      0.242836	
157.000	      0.242216	      0.242836	
157.500	      0.242236	      0.242834	
158.000	      0.242256	      0.242832	
158.500	      0.242256	      0.242832	
159.000	      0.242275	      0.242829	
159.500	      0.242294	      0.242827	
160.000	      0.242313	      0.242825	
160.500	      0.242313	      0.242825	
161.000	      0.242331	      0.242822	
161.500	      0.242348	      0.242819	
162.000	      0.242348	      0.242819	
162.500	      0.242365	      0.242816	
163.000	      0.242382	      0.242812	
163.500	      0.242398	      0.242809	
164.000	      0.242398	      0.242809	
164.500	      0.242413	      0.242805	
165.000	      0.242429	      0.242801	
165.500	      0.242429	      0.242801	
166.000	      0.242444	      0.242797	
166.500	      0.242458	      0.242793	
167.000	      0.242472	      0.242789	
167.500	      0.242472	      0.242789	
168.000	      0.242486	      0.242784	
168.500	        0.2425	      0.242779	
169.000	        0.2425	      0.242779	
169.500	      0.242513	      0.242774	
170.000	      0.242526	      0.242769	
170.500	      0.242526	      0.242769	
171.000	      0.242538	      0.242763	
171.500	       0.24255	      0.242758	
172.000	      0.242562	      0.242752	
172.500	      0.242562	      0.242752	
173.000	      0.242573	      0.242746	
173.500	      0.242585	       0.24274	
174.000	      0.242585	       0.24274	
174.500	      0.242595	      0.242733	
175.000	      0.242606	      0.242726	
175.500	      0.242616	      0.242719	
176.000	      0.242616	      0.242719	
176.500	      0.242626	      0.242712	
177.000	      0.242636	      0.242705	
177.500	      0.242636	      0.242705	
178.000	      0.242646	      0.242697	
178.500	      0.242655	      0.242689	
179.000	      0.242664	      0.242681	
179.500	      0.242664	      0.242681	
180.000	      0.242672	      0.242672	
