
TracePro Release: 3 2 0 
Polar Candela Distribution Data for 
Data covers +/- 180.000 degrees from Normal
Data for Missed Rays
Data generated at 09:18:46 June 30, 2025

	   0.0	 180.0
0.000	     0.0604467	     0.0604467	
0.500	     0.0606238	     0.0602818	
1.000	     0.0606238	     0.0602818	
1.500	     0.0608144	     0.0601282	
2.000	     0.0610195	     0.0599848	
2.500	     0.0612406	      0.059851	
3.000	     0.0612406	      0.059851	
3.500	     0.0614792	      0.059726	
4.000	      0.061737	     0.0596091	
4.500	      0.061737	     0.0596091	
5.000	      0.062016	     0.0594996	
5.500	     0.0623183	      0.059397	
6.000	     0.0626462	     0.0593008	
6.500	     0.0626462	     0.0593008	
7.000	     0.0630026	     0.0592106	
7.500	     0.0633904	     0.0591258	
8.000	     0.0633904	     0.0591258	
8.500	     0.0638132	     0.0590461	
9.000	     0.0642749	     0.0589712	
9.500	     0.0647798	     0.0589007	
10.000	     0.0647798	     0.0589007	
10.500	     0.0653333	     0.0588343	
11.000	     0.0659411	     0.0587717	
11.500	     0.0659411	     0.0587717	
12.000	     0.0666098	     0.0587127	
12.500	     0.0673474	      0.058657	
13.000	     0.0673474	      0.058657	
13.500	     0.0681627	     0.0586045	
14.000	     0.0690662	     0.0585548	
14.500	     0.0700699	     0.0585079	
15.000	     0.0700699	     0.0585079	
15.500	     0.0711882	     0.0584635	
16.000	     0.0724376	     0.0584215	
16.500	     0.0724376	     0.0584215	
17.000	     0.0738381	     0.0583817	
17.500	      0.075413	     0.0583441	
18.000	     0.0771905	     0.0583084	
18.500	     0.0771905	     0.0583084	
19.000	     0.0792044	     0.0582745	
19.500	     0.0814955	     0.0582424	
20.000	     0.0814955	     0.0582424	
20.500	     0.0841137	      0.058212	
21.000	     0.0871202	      0.058183	
21.500	     0.0905906	     0.0581556	
22.000	     0.0905906	     0.0581556	
22.500	     0.0946197	     0.0581295	
23.000	     0.0993268	     0.0581047	
23.500	     0.0993268	     0.0581047	
24.000	      0.104864	     0.0580811	
24.500	      0.111428	     0.0580586	
25.000	      0.119275	     0.0580372	
25.500	      0.119275	     0.0580372	
26.000	      0.128747	     0.0580169	
26.500	      0.140301	     0.0579975	
27.000	      0.140301	     0.0579975	
27.500	      0.154569	      0.057979	
28.000	      0.172437	     0.0579614	
28.500	      0.195176	     0.0579447	
29.000	      0.195176	     0.0579447	
29.500	      0.224668	     0.0579286	
30.000	      0.263785	     0.0579134	
30.500	      0.263785	     0.0579134	
31.000	      0.317098	     0.0578988	
31.500	      0.392223	     0.0578849	
32.000	      0.502641	     0.0578716	
32.500	      0.502641	     0.0578716	
33.000	      0.674072	     0.0578589	
33.500	      0.960755	     0.0578467	
34.000	      0.960755	     0.0578467	
34.500	       1.49411	     0.0578351	
35.000	       2.66667	      0.057824	
35.500	       2.66667	      0.057824	
36.000	       6.16245	     0.0578134	
36.500	       31.8217	     0.0578032	
37.000	       324.763	     0.0577935	
37.500	       324.763	     0.0577935	
38.000	        31.813	     0.0577842	
38.500	       6.14486	     0.0577753	
39.000	       6.14486	     0.0577753	
39.500	       2.63985	     0.0577667	
40.000	       1.45754	     0.0577585	
40.500	      0.913647	     0.0577507	
41.000	      0.913647	     0.0577507	
41.500	      0.615409	     0.0577431	
42.000	      0.431073	     0.0577359	
42.500	      0.431073	     0.0577359	
43.000	      0.305993	      0.057729	
43.500	      0.213923	     0.0577223	
44.000	      0.140686	     0.0577159	
44.500	      0.140686	     0.0577159	
45.000	     0.0777203	     0.0577098	
45.500	     0.0191449	     0.0577039	
46.000	     0.0191449	     0.0577039	
46.500	       0.03979	     0.0576982	
47.000	      0.103725	     0.0576928	
47.500	      0.178137	     0.0576876	
48.000	      0.178137	     0.0576876	
48.500	      0.270578	     0.0576825	
49.000	      0.392781	     0.0576777	
49.500	      0.392781	     0.0576777	
50.000	      0.564826	      0.057673	
50.500	      0.824466	     0.0576685	
51.000	       1.25081	     0.0576642	
51.500	       1.25081	     0.0576642	
52.000	       2.03508	       0.05766	
52.500	       3.74782	      0.057656	
53.000	       3.74782	      0.057656	
53.500	       8.83621	     0.0576522	
54.000	       46.1294	     0.0576484	
54.500	       471.998	     0.0576448	
55.000	       471.998	     0.0576448	
55.500	       46.1354	     0.0576413	
56.000	       8.84832	      0.057638	
56.500	       8.84832	      0.057638	
57.000	       3.76628	     0.0576347	
57.500	       2.06025	     0.0576316	
58.000	       2.06025	     0.0576316	
58.500	       1.28323	     0.0576286	
59.000	      0.864838	     0.0576257	
59.500	       0.61408	     0.0576228	
60.000	       0.61408	     0.0576228	
60.500	      0.452126	     0.0576201	
61.000	      0.341584	     0.0576174	
61.500	      0.341584	     0.0576174	
62.000	      0.262855	     0.0576148	
62.500	      0.204855	     0.0576124	
63.000	      0.160936	     0.0576099	
63.500	      0.160936	     0.0576099	
64.000	      0.126911	     0.0576076	
64.500	       0.10004	     0.0576053	
65.000	       0.10004	     0.0576053	
65.500	     0.0784652	     0.0576031	
66.000	     0.0608953	     0.0576009	
66.500	     0.0464075	     0.0575989	
67.000	     0.0464075	     0.0575989	
67.500	     0.0343295	     0.0575968	
68.000	     0.0241618	     0.0575948	
68.500	     0.0241618	     0.0575948	
69.000	     0.0155274	     0.0575929	
69.500	     0.0081373	      0.057591	
70.000	    0.00176719	     0.0575892	
70.500	    0.00176719	     0.0575892	
71.000	    0.00375927	     0.0575874	
71.500	    0.00858219	     0.0575857	
72.000	    0.00858219	     0.0575857	
72.500	     0.0128139	      0.057584	
73.000	     0.0165455	     0.0575823	
73.500	     0.0198513	     0.0575807	
74.000	     0.0198513	     0.0575807	
74.500	     0.0227923	     0.0575791	
75.000	     0.0254192	     0.0575775	
75.500	     0.0254192	     0.0575775	
76.000	     0.0277742	      0.057576	
76.500	     0.0298928	     0.0575745	
77.000	     0.0318049	      0.057573	
77.500	     0.0318049	      0.057573	
78.000	     0.0335359	     0.0575716	
78.500	     0.0351074	     0.0575701	
79.000	     0.0351074	     0.0575701	
79.500	      0.036538	     0.0575687	
80.000	     0.0378436	     0.0575673	
80.500	     0.0378436	     0.0575673	
81.000	      0.039038	      0.057566	
81.500	     0.0401332	     0.0575646	
82.000	     0.0411396	     0.0575633	
82.500	     0.0411396	     0.0575633	
83.000	     0.0420663	      0.057562	
83.500	     0.0429213	     0.0575607	
84.000	     0.0429213	     0.0575607	
84.500	     0.0437116	     0.0575594	
85.000	     0.0444434	     0.0575582	
85.500	     0.0451222	     0.0575569	
86.000	     0.0451222	     0.0575569	
86.500	     0.0457529	     0.0575557	
87.000	     0.0463397	     0.0575545	
87.500	     0.0463397	     0.0575545	
88.000	     0.0468866	     0.0575532	
88.500	     0.0473969	      0.057552	
89.000	     0.0478739	     0.0575508	
89.500	     0.0478739	     0.0575508	
90.000	     0.0483202	     0.0575496	
90.500	     0.0487383	     0.0575484	
91.000	     0.0487383	     0.0575484	
91.500	     0.0491306	     0.0575472	
92.000	      0.049499	     0.0575461	
92.500	     0.0498454	     0.0575449	
93.000	     0.0498454	     0.0575449	
93.500	     0.0501714	     0.0575437	
94.000	     0.0504786	     0.0575425	
94.500	     0.0504786	     0.0575425	
95.000	     0.0507684	     0.0575413	
95.500	      0.051042	     0.0575402	
96.000	     0.0513005	      0.057539	
96.500	     0.0513005	      0.057539	
97.000	     0.0515451	     0.0575378	
97.500	     0.0517767	     0.0575366	
98.000	     0.0517767	     0.0575366	
98.500	     0.0519961	     0.0575354	
99.000	     0.0522041	     0.0575343	
99.500	     0.0524016	     0.0575331	
100.000	     0.0524016	     0.0575331	
100.500	     0.0525892	     0.0575319	
101.000	     0.0527676	     0.0575307	
101.500	     0.0527676	     0.0575307	
102.000	     0.0529372	     0.0575295	
102.500	     0.0530987	     0.0575283	
103.000	     0.0530987	     0.0575283	
103.500	     0.0532526	      0.057527	
104.000	     0.0533993	     0.0575258	
104.500	     0.0535392	     0.0575246	
105.000	     0.0535392	     0.0575246	
105.500	     0.0536727	     0.0575233	
106.000	     0.0538003	     0.0575221	
106.500	     0.0538003	     0.0575221	
107.000	     0.0539222	     0.0575208	
107.500	     0.0540388	     0.0575195	
108.000	     0.0541503	     0.0575183	
108.500	     0.0541503	     0.0575183	
109.000	     0.0542572	      0.057517	
109.500	     0.0543595	     0.0575157	
110.000	     0.0543595	     0.0575157	
110.500	     0.0544575	     0.0575143	
111.000	     0.0545515	      0.057513	
111.500	     0.0546417	     0.0575117	
112.000	     0.0546417	     0.0575117	
112.500	     0.0547283	     0.0575103	
113.000	     0.0548115	     0.0575089	
113.500	     0.0548115	     0.0575089	
114.000	     0.0548914	     0.0575075	
114.500	     0.0549682	     0.0575061	
115.000	      0.055042	     0.0575047	
115.500	      0.055042	     0.0575047	
116.000	     0.0551131	     0.0575033	
116.500	     0.0551815	     0.0575018	
117.000	     0.0551815	     0.0575018	
117.500	     0.0552474	     0.0575004	
118.000	     0.0553108	     0.0574989	
118.500	     0.0553719	     0.0574974	
119.000	     0.0553719	     0.0574974	
119.500	     0.0554309	     0.0574958	
120.000	     0.0554877	     0.0574943	
120.500	     0.0554877	     0.0574943	
121.000	     0.0555426	     0.0574927	
121.500	     0.0555956	     0.0574912	
122.000	     0.0556467	     0.0574895	
122.500	     0.0556467	     0.0574895	
123.000	     0.0556961	     0.0574879	
123.500	     0.0557438	     0.0574863	
124.000	     0.0557438	     0.0574863	
124.500	     0.0557899	     0.0574846	
125.000	     0.0558345	     0.0574829	
125.500	     0.0558345	     0.0574829	
126.000	     0.0558776	     0.0574812	
126.500	     0.0559193	     0.0574794	
127.000	     0.0559597	     0.0574777	
127.500	     0.0559597	     0.0574777	
128.000	     0.0559988	     0.0574759	
128.500	     0.0560367	     0.0574741	
129.000	     0.0560367	     0.0574741	
129.500	     0.0560734	     0.0574722	
130.000	     0.0561089	     0.0574704	
130.500	     0.0561433	     0.0574685	
131.000	     0.0561433	     0.0574685	
131.500	     0.0561767	     0.0574665	
132.000	     0.0562091	     0.0574646	
132.500	     0.0562091	     0.0574646	
133.000	     0.0562406	     0.0574626	
133.500	      0.056271	     0.0574606	
134.000	     0.0563006	     0.0574585	
134.500	     0.0563006	     0.0574585	
135.000	     0.0563294	     0.0574565	
135.500	     0.0563573	     0.0574544	
136.000	     0.0563573	     0.0574544	
136.500	     0.0563844	     0.0574522	
137.000	     0.0564107	       0.05745	
137.500	     0.0564363	     0.0574478	
138.000	     0.0564363	     0.0574478	
138.500	     0.0564611	     0.0574456	
139.000	     0.0564853	     0.0574433	
139.500	     0.0564853	     0.0574433	
140.000	     0.0565088	      0.057441	
140.500	     0.0565317	     0.0574387	
141.000	     0.0565539	     0.0574363	
141.500	     0.0565539	     0.0574363	
142.000	     0.0565756	     0.0574339	
142.500	     0.0565967	     0.0574314	
143.000	     0.0565967	     0.0574314	
143.500	     0.0566172	     0.0574289	
144.000	     0.0566372	     0.0574264	
144.500	     0.0566566	     0.0574238	
145.000	     0.0566566	     0.0574238	
145.500	     0.0566756	     0.0574212	
146.000	      0.056694	     0.0574185	
146.500	      0.056694	     0.0574185	
147.000	      0.056712	     0.0574158	
147.500	     0.0567295	      0.057413	
148.000	     0.0567295	      0.057413	
148.500	     0.0567466	     0.0574102	
149.000	     0.0567633	     0.0574074	
149.500	     0.0567796	     0.0574045	
150.000	     0.0567796	     0.0574045	
150.500	     0.0567954	     0.0574016	
151.000	     0.0568109	     0.0573986	
151.500	     0.0568109	     0.0573986	
152.000	      0.056826	     0.0573956	
152.500	     0.0568407	     0.0573925	
153.000	     0.0568551	     0.0573893	
153.500	     0.0568551	     0.0573893	
154.000	     0.0568691	     0.0573861	
154.500	     0.0568828	     0.0573829	
155.000	     0.0568828	     0.0573829	
155.500	     0.0568962	     0.0573796	
156.000	     0.0569092	     0.0573762	
156.500	      0.056922	     0.0573728	
157.000	      0.056922	     0.0573728	
157.500	     0.0569345	     0.0573693	
158.000	     0.0569467	     0.0573658	
158.500	     0.0569467	     0.0573658	
159.000	     0.0569586	     0.0573622	
159.500	     0.0569702	     0.0573586	
160.000	     0.0569816	     0.0573548	
160.500	     0.0569816	     0.0573548	
161.000	     0.0569927	      0.057351	
161.500	     0.0570036	     0.0573472	
162.000	     0.0570036	     0.0573472	
162.500	     0.0570142	     0.0573433	
163.000	     0.0570246	     0.0573393	
163.500	     0.0570348	     0.0573352	
164.000	     0.0570348	     0.0573352	
164.500	     0.0570447	     0.0573311	
165.000	     0.0570545	     0.0573269	
165.500	     0.0570545	     0.0573269	
166.000	      0.057064	     0.0573226	
166.500	     0.0570733	     0.0573182	
167.000	     0.0570825	     0.0573138	
167.500	     0.0570825	     0.0573138	
168.000	     0.0570914	     0.0573093	
168.500	     0.0571001	     0.0573047	
169.000	     0.0571001	     0.0573047	
169.500	     0.0571087	        0.0573	
170.000	     0.0571171	     0.0572952	
170.500	     0.0571171	     0.0572952	
171.000	     0.0571253	     0.0572904	
171.500	     0.0571334	     0.0572854	
172.000	     0.0571412	     0.0572804	
172.500	     0.0571412	     0.0572804	
173.000	      0.057149	     0.0572753	
173.500	     0.0571565	       0.05727	
174.000	     0.0571565	       0.05727	
174.500	      0.057164	     0.0572647	
175.000	     0.0571712	     0.0572593	
175.500	     0.0571783	     0.0572537	
176.000	     0.0571783	     0.0572537	
176.500	     0.0571853	     0.0572481	
177.000	     0.0571922	     0.0572424	
177.500	     0.0571922	     0.0572424	
178.000	     0.0571989	     0.0572365	
178.500	     0.0572055	     0.0572305	
179.000	     0.0572119	     0.0572244	
179.500	     0.0572119	     0.0572244	
180.000	     0.0572182	     0.0572182	
