
TracePro Release: 3 2 0 
Polar Candela Distribution Data for 
Data covers +/- 180.000 degrees from Normal
Data for Missed Rays
Data generated at 09:39:23 June 25, 2025

	   0.0	 180.0
0.000	      0.147685	      0.147685	
0.500	      0.147867	      0.147547	
1.000	      0.147867	      0.147547	
1.500	      0.148124	      0.147438	
2.000	       0.14852	      0.147349	
2.500	      0.149223	      0.147275	
3.000	      0.149223	      0.147275	
3.500	      0.150839	      0.147212	
4.000	      0.159111	      0.147159	
4.500	      0.159111	      0.147159	
5.000	     0.0691654	      0.147113	
5.500	       0.19719	      0.147074	
6.000	      0.285017	      0.147041	
6.500	      0.285017	      0.147041	
7.000	      0.184246	      0.147015	
7.500	      0.119919	      0.146998	
8.000	      0.119919	      0.146998	
8.500	      0.529689	      0.146991	
9.000	      0.111648	      0.147001	
9.500	       0.13449	      0.147035	
10.000	       0.13449	      0.147035	
10.500	     0.0781375	      0.147113	
11.000	       1.05862	      0.147277	
11.500	       1.05862	      0.147277	
12.000	      0.579844	      0.147629	
12.500	       0.92131	      0.148487	
13.000	       0.92131	      0.148487	
13.500	      0.864761	      0.151242	
14.000	      0.320002	      0.172796	
14.500	      0.454855	      0.139123	
15.000	      0.454855	      0.139123	
15.500	      0.449451	      0.215121	
16.000	       2.24572	      0.140041	
16.500	       2.24572	      0.140041	
17.000	       1.19284	      0.226056	
17.500	       1.20478	      0.141462	
18.000	       1.88055	      0.158133	
18.500	       1.88055	      0.158133	
19.000	       1.39493	    0.00408426	
19.500	      0.534694	      0.158157	
20.000	      0.534694	      0.158157	
20.500	       2.27925	      0.146483	
21.000	        1.2246	      0.144108	
21.500	       2.83505	      0.142266	
22.000	       2.83505	      0.142266	
22.500	       0.50312	        0.1397	
23.000	       1.06579	      0.132252	
23.500	       1.06579	      0.132252	
24.000	       3.44507	      0.189609	
24.500	       1.25651	      0.115941	
25.000	      0.241135	     0.0881442	
25.500	      0.241135	     0.0881442	
26.000	      0.927896	      0.143427	
26.500	       3.48194	       3.05346	
27.000	       3.48194	       3.05346	
27.500	       1.16863	      0.191151	
28.000	       2.85191	      0.819774	
28.500	       1.07998	       1.23718	
29.000	       1.07998	       1.23718	
29.500	       2.69262	       1.37465	
30.000	       1.56358	     0.0826069	
30.500	       1.56358	     0.0826069	
31.000	       1.31574	       1.58038	
31.500	       2.90135	      0.841564	
32.000	       2.46001	       1.63247	
32.500	       2.46001	       1.63247	
33.000	       4.33625	       1.95082	
33.500	       1.45928	       1.05104	
34.000	       1.45928	       1.05104	
34.500	       1.19373	       1.21791	
35.000	       4.44597	       1.14346	
35.500	       4.44597	       1.14346	
36.000	       2.14952	      0.984804	
36.500	       2.15862	       1.87427	
37.000	      0.632042	      0.172286	
37.500	      0.632042	      0.172286	
38.000	       1.58349	      0.799955	
38.500	       2.83317	       0.34492	
39.000	       2.83317	       0.34492	
39.500	       4.63713	       0.91415	
40.000	       2.02188	      0.141731	
40.500	       13.6494	      0.825721	
41.000	       13.6494	      0.825721	
41.500	       122.332	      0.495417	
42.000	       12.0769	      0.331277	
42.500	       12.0769	      0.331277	
43.000	       2.22554	      0.195339	
43.500	       1.32672	      0.185331	
44.000	       0.63295	     0.0833953	
44.500	       0.63295	     0.0833953	
45.000	      0.588715	      0.164289	
45.500	       0.27188	     0.0353364	
46.000	       0.27188	     0.0353364	
46.500	       1.02563	      0.276942	
47.000	       0.17534	     0.0426974	
47.500	      0.210391	      0.155293	
48.000	      0.210391	      0.155293	
48.500	     0.0855643	      0.148446	
49.000	      0.173867	      0.147606	
49.500	      0.173867	      0.147606	
50.000	      0.111324	       0.14734	
50.500	      0.705268	      0.147228	
51.000	    0.00805045	      0.147176	
51.500	    0.00805045	      0.147176	
52.000	      0.137048	      0.147153	
52.500	      0.143674	      0.147144	
53.000	      0.143674	      0.147144	
53.500	      0.250749	      0.147144	
54.000	       1.29876	      0.147148	
54.500	      0.432331	      0.147155	
55.000	      0.432331	      0.147155	
55.500	       1.60528	      0.147164	
56.000	       1.02451	      0.147173	
56.500	       1.02451	      0.147173	
57.000	      0.516683	      0.147182	
57.500	      0.128345	      0.147191	
58.000	      0.128345	      0.147191	
58.500	      0.101617	      0.147199	
59.000	      0.839535	      0.147206	
59.500	      0.732867	      0.147213	
60.000	      0.732867	      0.147213	
60.500	      0.026648	      0.147217	
61.000	     0.0978523	      0.147219	
61.500	     0.0978523	      0.147219	
62.000	     0.0146845	      0.147218	
62.500	       2.50543	      0.147212	
63.000	       1.48746	      0.147196	
63.500	       1.48746	      0.147196	
64.000	       1.62108	      0.147165	
64.500	      0.188213	      0.147098	
65.000	      0.188213	      0.147098	
65.500	       3.31978	      0.146941	
66.000	      0.206862	      0.146459	
66.500	       5.54489	      0.142874	
67.000	       5.54489	      0.142874	
67.500	       7.62826	        0.1928	
68.000	       50.5911	      0.142887	
68.500	       50.5911	      0.142887	
69.000	       496.592	      0.146487	
69.500	       49.9555	      0.146983	
70.000	       6.29267	      0.147153	
70.500	       6.29267	      0.147153	
71.000	       6.48221	      0.147234	
71.500	       1.45135	       0.14728	
72.000	       1.45135	       0.14728	
72.500	       2.39061	       0.14731	
73.000	      0.846018	      0.147331	
73.500	      0.725551	      0.147347	
74.000	      0.725551	      0.147347	
74.500	       1.19764	      0.147359	
75.000	       1.95708	      0.147369	
75.500	       1.95708	      0.147369	
76.000	       2.02889	      0.147378	
76.500	       2.81606	      0.147386	
77.000	        4.7125	      0.147393	
77.500	        4.7125	      0.147393	
78.000	       3.14758	      0.147399	
78.500	       3.04659	      0.147404	
79.000	       3.04659	      0.147404	
79.500	       1.50869	      0.147409	
80.000	      0.784098	      0.147414	
80.500	      0.784098	      0.147414	
81.000	      0.686276	      0.147419	
81.500	      0.760822	      0.147423	
82.000	      0.701971	      0.147427	
82.500	      0.701971	      0.147427	
83.000	       1.25814	       0.14743	
83.500	      0.440552	      0.147434	
84.000	      0.440552	      0.147434	
84.500	      0.587239	      0.147437	
85.000	      0.543582	       0.14744	
85.500	      0.528827	      0.147443	
86.000	      0.528827	      0.147443	
86.500	      0.244165	      0.147446	
87.000	      0.418804	      0.147448	
87.500	      0.418804	      0.147448	
88.000	      0.320316	      0.147451	
88.500	      0.480364	      0.147453	
89.000	     0.0524751	      0.147455	
89.500	     0.0524751	      0.147455	
90.000	      0.117965	      0.147458	
90.500	      0.112729	       0.14746	
91.000	      0.112729	       0.14746	
91.500	      0.114421	      0.147461	
92.000	      0.116393	      0.147463	
92.500	      0.118273	      0.147465	
93.000	      0.118273	      0.147465	
93.500	      0.120014	      0.147466	
94.000	      0.121616	      0.147468	
94.500	      0.121616	      0.147468	
95.000	       0.12309	      0.147469	
95.500	      0.124446	       0.14747	
96.000	      0.125697	      0.147471	
96.500	      0.125697	      0.147471	
97.000	      0.126854	      0.147472	
97.500	      0.127924	      0.147473	
98.000	      0.127924	      0.147473	
98.500	      0.128916	      0.147474	
99.000	      0.129838	      0.147475	
99.500	      0.130696	      0.147476	
100.000	      0.130696	      0.147476	
100.500	      0.131496	      0.147476	
101.000	      0.132243	      0.147477	
101.500	      0.132243	      0.147477	
102.000	      0.132941	      0.147477	
102.500	      0.133595	      0.147477	
103.000	      0.133595	      0.147477	
103.500	      0.134208	      0.147478	
104.000	      0.134784	      0.147478	
104.500	      0.135325	      0.147478	
105.000	      0.135325	      0.147478	
105.500	      0.135834	      0.147478	
106.000	      0.136314	      0.147478	
106.500	      0.136314	      0.147478	
107.000	      0.136767	      0.147478	
107.500	      0.137195	      0.147477	
108.000	      0.137599	      0.147477	
108.500	      0.137599	      0.147477	
109.000	      0.137981	      0.147477	
109.500	      0.138344	      0.147476	
110.000	      0.138344	      0.147476	
110.500	      0.138687	      0.147475	
111.000	      0.139013	      0.147475	
111.500	      0.139323	      0.147474	
112.000	      0.139323	      0.147474	
112.500	      0.139617	      0.147473	
113.000	      0.139897	      0.147472	
113.500	      0.139897	      0.147472	
114.000	      0.140164	      0.147471	
114.500	      0.140418	       0.14747	
115.000	       0.14066	      0.147469	
115.500	       0.14066	      0.147469	
116.000	      0.140891	      0.147468	
116.500	      0.141112	      0.147466	
117.000	      0.141112	      0.147466	
117.500	      0.141323	      0.147465	
118.000	      0.141525	      0.147464	
118.500	      0.141717	      0.147462	
119.000	      0.141717	      0.147462	
119.500	      0.141902	       0.14746	
120.000	      0.142079	      0.147459	
120.500	      0.142079	      0.147459	
121.000	      0.142249	      0.147457	
121.500	      0.142411	      0.147455	
122.000	      0.142567	      0.147453	
122.500	      0.142567	      0.147453	
123.000	      0.142717	      0.147451	
123.500	      0.142861	      0.147449	
124.000	      0.142861	      0.147449	
124.500	      0.142999	      0.147446	
125.000	      0.143132	      0.147444	
125.500	      0.143132	      0.147444	
126.000	       0.14326	      0.147442	
126.500	      0.143383	      0.147439	
127.000	      0.143501	      0.147437	
127.500	      0.143501	      0.147437	
128.000	      0.143616	      0.147434	
128.500	      0.143726	      0.147431	
129.000	      0.143726	      0.147431	
129.500	      0.143832	      0.147428	
130.000	      0.143934	      0.147425	
130.500	      0.144033	      0.147422	
131.000	      0.144033	      0.147422	
131.500	      0.144128	      0.147419	
132.000	       0.14422	      0.147416	
132.500	       0.14422	      0.147416	
133.000	      0.144309	      0.147413	
133.500	      0.144395	      0.147409	
134.000	      0.144478	      0.147406	
134.500	      0.144478	      0.147406	
135.000	      0.144558	      0.147402	
135.500	      0.144636	      0.147398	
136.000	      0.144636	      0.147398	
136.500	      0.144711	      0.147395	
137.000	      0.144784	      0.147391	
137.500	      0.144854	      0.147387	
138.000	      0.144854	      0.147387	
138.500	      0.144922	      0.147382	
139.000	      0.144988	      0.147378	
139.500	      0.144988	      0.147378	
140.000	      0.145052	      0.147374	
140.500	      0.145115	      0.147369	
141.000	      0.145175	      0.147365	
141.500	      0.145175	      0.147365	
142.000	      0.145233	       0.14736	
142.500	       0.14529	      0.147355	
143.000	       0.14529	      0.147355	
143.500	      0.145345	      0.147351	
144.000	      0.145398	      0.147346	
144.500	       0.14545	       0.14734	
145.000	       0.14545	       0.14734	
145.500	      0.145501	      0.147335	
146.000	       0.14555	       0.14733	
146.500	       0.14555	       0.14733	
147.000	      0.145597	      0.147324	
147.500	      0.145644	      0.147319	
148.000	      0.145644	      0.147319	
148.500	      0.145689	      0.147313	
149.000	      0.145732	      0.147307	
149.500	      0.145775	      0.147301	
150.000	      0.145775	      0.147301	
150.500	      0.145816	      0.147295	
151.000	      0.145856	      0.147289	
151.500	      0.145856	      0.147289	
152.000	      0.145896	      0.147282	
152.500	      0.145934	      0.147276	
153.000	      0.145971	      0.147269	
153.500	      0.145971	      0.147269	
154.000	      0.146007	      0.147262	
154.500	      0.146042	      0.147255	
155.000	      0.146042	      0.147255	
155.500	      0.146077	      0.147248	
156.000	       0.14611	      0.147241	
156.500	      0.146143	      0.147234	
157.000	      0.146143	      0.147234	
157.500	      0.146175	      0.147226	
158.000	      0.146206	      0.147218	
158.500	      0.146206	      0.147218	
159.000	      0.146236	       0.14721	
159.500	      0.146266	      0.147202	
160.000	      0.146294	      0.147194	
160.500	      0.146294	      0.147194	
161.000	      0.146322	      0.147186	
161.500	       0.14635	      0.147177	
162.000	       0.14635	      0.147177	
162.500	      0.146376	      0.147168	
163.000	      0.146403	      0.147159	
163.500	      0.146428	       0.14715	
164.000	      0.146428	       0.14715	
164.500	      0.146453	      0.147141	
165.000	      0.146477	      0.147131	
165.500	      0.146477	      0.147131	
166.000	      0.146501	      0.147122	
166.500	      0.146524	      0.147112	
167.000	      0.146547	      0.147101	
167.500	      0.146547	      0.147101	
168.000	      0.146569	      0.147091	
168.500	       0.14659	      0.147081	
169.000	       0.14659	      0.147081	
169.500	      0.146612	       0.14707	
170.000	      0.146632	      0.147059	
170.500	      0.146632	      0.147059	
171.000	      0.146652	      0.147047	
171.500	      0.146672	      0.147036	
172.000	      0.146691	      0.147024	
172.500	      0.146691	      0.147024	
173.000	       0.14671	      0.147012	
173.500	      0.146729	         0.147	
174.000	      0.146729	         0.147	
174.500	      0.146747	      0.146988	
175.000	      0.146764	      0.146975	
175.500	      0.146782	      0.146962	
176.000	      0.146782	      0.146962	
176.500	      0.146798	      0.146948	
177.000	      0.146815	      0.146935	
177.500	      0.146815	      0.146935	
178.000	      0.146831	      0.146921	
178.500	      0.146847	      0.146907	
179.000	      0.146862	      0.146892	
179.500	      0.146862	      0.146892	
180.000	      0.146877	      0.146877	
