
TracePro Release: 3 2 0 
Polar Candela Distribution Data for 
Data covers +/- 180.000 degrees from Normal
Data for Missed Rays
Data generated at 09:39:22 June 25, 2025

	   0.0	 180.0
0.000	     0.0937558	     0.0937558	
0.500	     0.0868776	     0.0948368	
1.000	     0.0868776	     0.0948368	
1.500	      0.189231	     0.0954096	
2.000	    0.00400432	     0.0958789	
2.500	       0.48605	     0.0963266	
3.000	       0.48605	     0.0963266	
3.500	      0.580359	     0.0967761	
4.000	      0.326994	     0.0972358	
4.500	      0.326994	     0.0972358	
5.000	      0.680029	     0.0977104	
5.500	      0.812421	     0.0982031	
6.000	       1.39699	     0.0987173	
6.500	       1.39699	     0.0987173	
7.000	       1.87084	     0.0992563	
7.500	        1.1409	     0.0998243	
8.000	        1.1409	     0.0998243	
8.500	       1.55361	      0.100426	
9.000	       2.30612	      0.101066	
9.500	       3.35648	      0.101752	
10.000	       3.35648	      0.101752	
10.500	       2.84089	       0.10249	
11.000	       3.78986	      0.103288	
11.500	       3.78986	      0.103288	
12.000	       2.98928	      0.104158	
12.500	       3.38522	      0.105109	
13.000	       3.38522	      0.105109	
13.500	       3.88994	      0.106158	
14.000	       5.44749	       0.10732	
14.500	       5.64302	      0.108617	
15.000	       5.64302	      0.108617	
15.500	       3.05765	      0.110073	
16.000	       3.20954	      0.111721	
16.500	       3.20954	      0.111721	
17.000	       5.89497	      0.113599	
17.500	       6.17114	      0.115759	
18.000	        5.7423	      0.118265	
18.500	        5.7423	      0.118265	
19.000	       6.42234	      0.121203	
19.500	       6.63134	      0.124688	
20.000	       6.63134	      0.124688	
20.500	       6.39288	       0.12888	
21.000	       5.70326	      0.134008	
21.500	       8.62518	      0.140421	
22.000	       8.62518	      0.140421	
22.500	      0.699044	      0.148694	
23.000	      0.388541	      0.159911	
23.500	      0.388541	      0.159911	
24.000	       1.65276	      0.176631	
24.500	      0.484115	      0.208047	
25.000	      0.411978	      0.352614	
25.500	      0.411978	      0.352614	
26.000	       1.25539	       1.37133	
26.500	       2.28077	       0.59106	
27.000	       2.28077	       0.59106	
27.500	       12.2541	      0.648626	
28.000	       126.275	       2.40959	
28.500	       12.6436	      0.497869	
29.000	       12.6436	      0.497869	
29.500	       1.63842	       2.72467	
30.000	        2.0178	       2.20256	
30.500	        2.0178	       2.20256	
31.000	    0.00762872	       11.7179	
31.500	        1.2925	       118.864	
32.000	     0.0717699	       12.6646	
32.500	     0.0717699	       12.6646	
33.000	     0.0837244	       1.75568	
33.500	     0.0340142	       1.86623	
34.000	     0.0340142	       1.86623	
34.500	      0.147788	       9.55274	
35.000	      0.198276	       13.6792	
35.500	      0.198276	       13.6792	
36.000	    0.00302517	       15.7716	
36.500	     0.0263743	       17.7545	
37.000	     0.0342924	        10.073	
37.500	     0.0342924	        10.073	
38.000	     0.0345435	       6.03737	
38.500	     0.0126694	       4.81965	
39.000	     0.0126694	       4.81965	
39.500	      0.737759	       3.51028	
40.000	     0.0540722	       2.98187	
40.500	     0.0537254	        2.4731	
41.000	     0.0537254	        2.4731	
41.500	      0.045115	      0.990969	
42.000	      0.265006	      0.475423	
42.500	      0.265006	      0.475423	
43.000	     0.0503135	     0.0736444	
43.500	      0.317063	      0.145301	
44.000	      0.876175	     0.0204179	
44.500	      0.876175	     0.0204179	
45.000	      0.156897	      0.192378	
45.500	     0.0837031	      0.154914	
46.000	     0.0837031	      0.154914	
46.500	       0.06707	      0.319794	
47.000	    0.00644241	       1.96736	
47.500	      0.813318	      0.320372	
48.000	      0.813318	      0.320372	
48.500	     0.0518795	      0.106478	
49.000	      0.101224	      0.130796	
49.500	      0.101224	      0.130796	
50.000	    0.00611676	      0.118726	
50.500	      0.844459	      0.113861	
51.000	    0.00115253	      0.110997	
51.500	    0.00115253	      0.110997	
52.000	      0.062652	      0.109049	
52.500	     0.0713233	      0.107605	
53.000	     0.0713233	      0.107605	
53.500	     0.0743609	      0.106471	
54.000	     0.0758851	      0.105545	
54.500	     0.0769914	      0.104766	
55.000	     0.0769914	      0.104766	
55.500	     0.0783217	      0.104098	
56.000	      0.080912	      0.103516	
56.500	      0.080912	      0.103516	
57.000	     0.0884991	      0.103002	
57.500	      0.142148	      0.102544	
58.000	      0.142148	      0.102544	
58.500	      0.575095	      0.102132	
59.000	      0.201097	      0.101758	
59.500	      0.627986	      0.101417	
60.000	      0.627986	      0.101417	
60.500	      0.206975	      0.101103	
61.000	     0.0345963	      0.100812	
61.500	     0.0345963	      0.100812	
62.000	       1.83486	      0.100538	
62.500	       2.37392	      0.100278	
63.000	      0.914526	      0.100022	
63.500	      0.914526	      0.100022	
64.000	      0.987544	     0.0997604	
64.500	      0.372984	      0.099466	
65.000	      0.372984	      0.099466	
65.500	       2.41775	     0.0990668	
66.000	       2.69596	     0.0982629	
66.500	       0.14576	     0.0935721	
67.000	       0.14576	     0.0935721	
67.500	     0.0693794	      0.155767	
68.000	      0.918479	     0.0930363	
68.500	      0.918479	     0.0930363	
69.000	       1.45083	     0.0968935	
69.500	       1.75397	     0.0937354	
70.000	      0.997237	      0.144248	
70.500	      0.997237	      0.144248	
71.000	       2.48358	     0.0937312	
71.500	       4.03364	     0.0972156	
72.000	       4.03364	     0.0972156	
72.500	       2.91925	     0.0974424	
73.000	       3.49325	     0.0969695	
73.500	       6.19565	     0.0931554	
74.000	       6.19565	     0.0931554	
74.500	       5.10004	      0.143516	
75.000	       7.33693	     0.0890964	
75.500	       7.33693	     0.0890964	
76.000	       3.75977	      0.141503	
76.500	       8.62282	     0.0931572	
77.000	        6.9694	     0.0967849	
77.500	        6.9694	     0.0967849	
78.000	       34.4301	     0.0972889	
78.500	       257.586	     0.0974407	
79.000	       257.586	     0.0974407	
79.500	       26.9359	     0.0974899	
80.000	        4.1205	     0.0974982	
80.500	        4.1205	     0.0974982	
81.000	       2.54741	     0.0974871	
81.500	       0.15086	     0.0974662	
82.000	      0.917719	     0.0974401	
82.500	      0.917719	     0.0974401	
83.000	       0.13737	     0.0974111	
83.500	      0.675824	     0.0973808	
84.000	      0.675824	     0.0973808	
84.500	     0.0714947	     0.0973499	
85.000	      0.269054	     0.0973191	
85.500	      0.119527	     0.0972885	
86.000	      0.119527	     0.0972885	
86.500	      0.291063	     0.0972585	
87.000	      0.385664	     0.0972291	
87.500	      0.385664	     0.0972291	
88.000	      0.255424	     0.0972004	
88.500	      0.170576	     0.0971725	
89.000	      0.128824	     0.0971455	
89.500	      0.128824	     0.0971455	
90.000	     0.0357033	     0.0971192	
90.500	     0.0347095	     0.0970937	
91.000	     0.0347095	     0.0970937	
91.500	     0.0405316	      0.097069	
92.000	      0.046016	      0.097045	
92.500	     0.0508264	     0.0970218	
93.000	     0.0508264	     0.0970218	
93.500	     0.0550082	     0.0969994	
94.000	     0.0586502	     0.0969776	
94.500	     0.0586502	     0.0969776	
95.000	     0.0618359	     0.0969565	
95.500	     0.0646364	     0.0969361	
96.000	     0.0671106	     0.0969163	
96.500	     0.0671106	     0.0969163	
97.000	     0.0693069	     0.0968971	
97.500	     0.0712652	     0.0968784	
98.000	     0.0712652	     0.0968784	
98.500	     0.0730187	     0.0968603	
99.000	      0.074595	     0.0968428	
99.500	     0.0760173	     0.0968257	
100.000	     0.0760173	     0.0968257	
100.500	      0.077305	     0.0968092	
101.000	     0.0784746	     0.0967931	
101.500	     0.0784746	     0.0967931	
102.000	     0.0795402	     0.0967774	
102.500	     0.0805138	     0.0967622	
103.000	     0.0805138	     0.0967622	
103.500	     0.0814057	     0.0967474	
104.000	     0.0822249	      0.096733	
104.500	     0.0829791	     0.0967189	
105.000	     0.0829791	     0.0967189	
105.500	     0.0836751	     0.0967052	
106.000	     0.0843186	     0.0966919	
106.500	     0.0843186	     0.0966919	
107.000	     0.0849149	     0.0966788	
107.500	     0.0854685	     0.0966661	
108.000	     0.0859835	     0.0966537	
108.500	     0.0859835	     0.0966537	
109.000	     0.0864632	     0.0966416	
109.500	      0.086911	     0.0966297	
110.000	      0.086911	     0.0966297	
110.500	     0.0873296	     0.0966181	
111.000	     0.0877215	     0.0966068	
111.500	     0.0880889	     0.0965957	
112.000	     0.0880889	     0.0965957	
112.500	     0.0884339	     0.0965848	
113.000	     0.0887583	     0.0965742	
113.500	     0.0887583	     0.0965742	
114.000	     0.0890636	     0.0965637	
114.500	     0.0893513	     0.0965534	
115.000	     0.0896229	     0.0965434	
115.500	     0.0896229	     0.0965434	
116.000	     0.0898794	     0.0965335	
116.500	      0.090122	     0.0965238	
117.000	      0.090122	     0.0965238	
117.500	     0.0903517	     0.0965142	
118.000	     0.0905693	     0.0965048	
118.500	     0.0907758	     0.0964956	
119.000	     0.0907758	     0.0964956	
119.500	     0.0909719	     0.0964865	
120.000	     0.0911582	     0.0964775	
120.500	     0.0911582	     0.0964775	
121.000	     0.0913354	     0.0964686	
121.500	     0.0915041	     0.0964599	
122.000	     0.0916649	     0.0964513	
122.500	     0.0916649	     0.0964513	
123.000	     0.0918182	     0.0964428	
123.500	     0.0919645	     0.0964344	
124.000	     0.0919645	     0.0964344	
124.500	     0.0921042	      0.096426	
125.000	     0.0922377	     0.0964178	
125.500	     0.0922377	     0.0964178	
126.000	     0.0923654	     0.0964097	
126.500	     0.0924876	     0.0964016	
127.000	     0.0926047	     0.0963936	
127.500	     0.0926047	     0.0963936	
128.000	     0.0927168	     0.0963857	
128.500	     0.0928243	     0.0963779	
129.000	     0.0928243	     0.0963779	
129.500	     0.0929275	     0.0963701	
130.000	     0.0930265	     0.0963623	
130.500	     0.0931217	     0.0963546	
131.000	     0.0931217	     0.0963546	
131.500	     0.0932131	      0.096347	
132.000	      0.093301	     0.0963394	
132.500	      0.093301	     0.0963394	
133.000	     0.0933856	     0.0963318	
133.500	      0.093467	     0.0963243	
134.000	     0.0935454	     0.0963168	
134.500	     0.0935454	     0.0963168	
135.000	      0.093621	     0.0963093	
135.500	     0.0936938	     0.0963018	
136.000	     0.0936938	     0.0963018	
136.500	     0.0937641	     0.0962944	
137.000	     0.0938318	      0.096287	
137.500	     0.0938973	     0.0962795	
138.000	     0.0938973	     0.0962795	
138.500	     0.0939605	     0.0962721	
139.000	     0.0940215	     0.0962647	
139.500	     0.0940215	     0.0962647	
140.000	     0.0940805	     0.0962573	
140.500	     0.0941376	     0.0962499	
141.000	     0.0941927	     0.0962425	
141.500	     0.0941927	     0.0962425	
142.000	     0.0942462	      0.096235	
142.500	     0.0942978	     0.0962276	
143.000	     0.0942978	     0.0962276	
143.500	     0.0943479	     0.0962201	
144.000	     0.0943964	     0.0962126	
144.500	     0.0944434	     0.0962051	
145.000	     0.0944434	     0.0962051	
145.500	      0.094489	     0.0961975	
146.000	     0.0945332	       0.09619	
146.500	     0.0945332	       0.09619	
147.000	      0.094576	     0.0961824	
147.500	     0.0946176	     0.0961747	
148.000	     0.0946176	     0.0961747	
148.500	      0.094658	      0.096167	
149.000	     0.0946972	     0.0961593	
149.500	     0.0947353	     0.0961515	
150.000	     0.0947353	     0.0961515	
150.500	     0.0947723	     0.0961437	
151.000	     0.0948083	     0.0961358	
151.500	     0.0948083	     0.0961358	
152.000	     0.0948433	     0.0961278	
152.500	     0.0948773	     0.0961198	
153.000	     0.0949103	     0.0961117	
153.500	     0.0949103	     0.0961117	
154.000	     0.0949425	     0.0961036	
154.500	     0.0949739	     0.0960954	
155.000	     0.0949739	     0.0960954	
155.500	     0.0950044	     0.0960871	
156.000	     0.0950341	     0.0960787	
156.500	      0.095063	     0.0960703	
157.000	      0.095063	     0.0960703	
157.500	     0.0950912	     0.0960617	
158.000	     0.0951187	     0.0960531	
158.500	     0.0951187	     0.0960531	
159.000	     0.0951454	     0.0960444	
159.500	     0.0951716	     0.0960356	
160.000	      0.095197	     0.0960266	
160.500	      0.095197	     0.0960266	
161.000	     0.0952219	     0.0960176	
161.500	     0.0952461	     0.0960085	
162.000	     0.0952461	     0.0960085	
162.500	     0.0952698	     0.0959993	
163.000	     0.0952929	     0.0959899	
163.500	     0.0953155	     0.0959804	
164.000	     0.0953155	     0.0959804	
164.500	     0.0953375	     0.0959708	
165.000	      0.095359	     0.0959611	
165.500	      0.095359	     0.0959611	
166.000	     0.0953801	     0.0959512	
166.500	     0.0954006	     0.0959412	
167.000	     0.0954207	     0.0959311	
167.500	     0.0954207	     0.0959311	
168.000	     0.0954404	     0.0959208	
168.500	     0.0954596	     0.0959103	
169.000	     0.0954596	     0.0959103	
169.500	     0.0954784	     0.0958997	
170.000	     0.0954968	      0.095889	
170.500	     0.0954968	      0.095889	
171.000	     0.0955148	     0.0958781	
171.500	     0.0955325	      0.095867	
172.000	     0.0955497	     0.0958557	
172.500	     0.0955497	     0.0958557	
173.000	     0.0955666	     0.0958442	
173.500	     0.0955832	     0.0958326	
174.000	     0.0955832	     0.0958326	
174.500	     0.0955994	     0.0958207	
175.000	     0.0956153	     0.0958087	
175.500	     0.0956309	     0.0957965	
176.000	     0.0956309	     0.0957965	
176.500	     0.0956462	      0.095784	
177.000	     0.0956611	     0.0957713	
177.500	     0.0956611	     0.0957713	
178.000	     0.0956758	     0.0957584	
178.500	     0.0956902	     0.0957453	
179.000	     0.0957044	     0.0957319	
179.500	     0.0957044	     0.0957319	
180.000	     0.0957183	     0.0957183	
