
TracePro Release: 3 2 0 
Polar Candela Distribution Data for 
Data covers +/- 180.000 degrees from Normal
Data for Missed Rays
Data generated at 09:39:21 June 25, 2025

	   0.0	 180.0
0.000	      0.242974	      0.242974	
0.500	      0.243111	      0.239755	
1.000	      0.243111	      0.239755	
1.500	      0.242577	      0.287895	
2.000	      0.238549	       0.24011	
2.500	        0.2935	      0.243712	
3.000	        0.2935	      0.243712	
3.500	      0.238647	      0.244322	
4.000	      0.245453	      0.244612	
4.500	      0.245453	      0.244612	
5.000	      0.193148	      0.244808	
5.500	      0.305568	      0.244965	
6.000	      0.172523	      0.245101	
6.500	      0.172523	      0.245101	
7.000	      0.312328	      0.245224	
7.500	      0.236818	      0.245337	
8.000	      0.236818	      0.245337	
8.500	      0.245018	      0.245442	
9.000	      0.178575	      0.245542	
9.500	      0.331377	      0.245637	
10.000	      0.331377	      0.245637	
10.500	      0.150229	      0.245727	
11.000	      0.324595	      0.245813	
11.500	      0.324595	      0.245813	
12.000	      0.110473	      0.245895	
12.500	       0.34324	      0.245973	
13.000	       0.34324	      0.245973	
13.500	      0.150621	      0.246047	
14.000	      0.346792	      0.246118	
14.500	     0.0510502	      0.246184	
15.000	     0.0510502	      0.246184	
15.500	      0.333519	      0.246246	
16.000	      0.127221	      0.246303	
16.500	      0.127221	      0.246303	
17.000	       0.53676	      0.246354	
17.500	      0.148753	      0.246396	
18.000	      0.289047	      0.246428	
18.500	      0.289047	      0.246428	
19.000	     0.0149831	      0.246444	
19.500	      0.259219	      0.246435	
20.000	      0.259219	      0.246435	
20.500	      0.191217	      0.246389	
21.000	        0.2527	      0.246278	
21.500	     0.0213677	      0.246046	
22.000	     0.0213677	      0.246046	
22.500	      0.424027	       0.24557	
23.000	     0.0215381	      0.244506	
23.500	     0.0215381	      0.244506	
24.000	      0.456571	      0.241574	
24.500	      0.114044	      0.223917	
25.000	      0.321936	      0.438724	
25.500	      0.321936	      0.438724	
26.000	     0.0505893	      0.048493	
26.500	      0.606213	       1.45243	
27.000	      0.606213	       1.45243	
27.500	     0.0249364	      0.389663	
28.000	      0.220462	      0.607686	
28.500	      0.109303	      0.713539	
29.000	      0.109303	      0.713539	
29.500	      0.228579	      0.629049	
30.000	     0.0995555	      0.820753	
30.500	     0.0995555	      0.820753	
31.000	      0.166546	       1.11971	
31.500	      0.505584	      0.488172	
32.000	       1.38625	      0.656033	
32.500	       1.38625	      0.656033	
33.000	       8.63314	      0.377024	
33.500	       90.7508	       0.49955	
34.000	       90.7508	       0.49955	
34.500	       8.61748	      0.118428	
35.000	        1.4055	      0.357837	
35.500	        1.4055	      0.357837	
36.000	       1.32845	     0.0809257	
36.500	     0.0115225	      0.905962	
37.000	      0.283854	      0.172666	
37.500	      0.283854	      0.172666	
38.000	       1.85957	       0.32628	
38.500	      0.896726	      0.246531	
39.000	      0.896726	      0.246531	
39.500	      0.131052	      0.248295	
40.000	       0.26816	      0.248207	
40.500	       3.42767	      0.248127	
41.000	       3.42767	      0.248127	
41.500	      0.340191	      0.248077	
42.000	       1.13572	      0.248044	
42.500	       1.13572	      0.248044	
43.000	      0.224022	      0.248023	
43.500	       3.17128	      0.248009	
44.000	       3.56786	      0.248002	
44.500	       3.56786	      0.248002	
45.000	        0.9744	      0.247998	
45.500	      0.617356	      0.247998	
46.000	      0.617356	      0.247998	
46.500	      0.451346	      0.248001	
47.000	      0.752967	      0.248005	
47.500	       1.99934	       0.24801	
48.000	       1.99934	       0.24801	
48.500	       1.05249	      0.248017	
49.000	       3.13966	      0.248025	
49.500	       3.13966	      0.248025	
50.000	       3.41396	      0.248034	
50.500	       1.56646	      0.248043	
51.000	       1.14059	      0.248052	
51.500	       1.14059	      0.248052	
52.000	       2.98038	      0.248062	
52.500	      0.295908	      0.248073	
53.000	      0.295908	      0.248073	
53.500	      0.442924	      0.248083	
54.000	      0.404452	      0.248093	
54.500	       4.32701	      0.248104	
55.000	       4.32701	      0.248104	
55.500	       0.44834	      0.248114	
56.000	       2.03144	      0.248125	
56.500	       2.03144	      0.248125	
57.000	       2.54625	      0.248136	
57.500	       0.60515	      0.248146	
58.000	       0.60515	      0.248146	
58.500	       1.80907	      0.248156	
59.000	       2.79675	      0.248167	
59.500	      0.826347	      0.248177	
60.000	      0.826347	      0.248177	
60.500	       9.58027	      0.248187	
61.000	       5.20424	      0.248197	
61.500	       5.20424	      0.248197	
62.000	       6.01335	      0.248207	
62.500	       9.14232	      0.248216	
63.000	       7.30983	      0.248226	
63.500	       7.30983	      0.248226	
64.000	       7.40239	      0.248235	
64.500	       9.11069	      0.248244	
65.000	       9.11069	      0.248244	
65.500	       6.43597	      0.248253	
66.000	         4.497	      0.248262	
66.500	       6.13944	       0.24827	
67.000	       6.13944	       0.24827	
67.500	       6.98331	      0.248279	
68.000	       4.84803	      0.248287	
68.500	       4.84803	      0.248287	
69.000	       3.53218	      0.248295	
69.500	       6.87053	      0.248303	
70.000	       4.36416	      0.248311	
70.500	       4.36416	      0.248311	
71.000	       2.92837	      0.248318	
71.500	       2.99041	      0.248326	
72.000	       2.99041	      0.248326	
72.500	        4.4755	      0.248333	
73.000	       1.86725	       0.24834	
73.500	       2.78661	      0.248347	
74.000	       2.78661	      0.248347	
74.500	       2.82479	      0.248353	
75.000	       1.56661	       0.24836	
75.500	       1.56661	       0.24836	
76.000	       2.49188	      0.248366	
76.500	       3.73556	      0.248372	
77.000	      0.696203	      0.248378	
77.500	      0.696203	      0.248378	
78.000	       4.86589	      0.248384	
78.500	       23.3214	       0.24839	
79.000	       23.3214	       0.24839	
79.500	       3.69655	      0.248395	
80.000	       1.64599	      0.248401	
80.500	       1.64599	      0.248401	
81.000	        5.7509	      0.248406	
81.500	       9.57892	      0.248411	
82.000	         50.78	      0.248416	
82.500	         50.78	      0.248416	
83.000	       520.699	       0.24842	
83.500	       50.7656	      0.248425	
84.000	       50.7656	      0.248425	
84.500	       9.63121	      0.248429	
85.000	       4.01919	      0.248433	
85.500	       2.13212	      0.248437	
86.000	       2.13212	      0.248437	
86.500	       1.27069	      0.248441	
87.000	       0.80555	      0.248445	
87.500	       0.80555	      0.248445	
88.000	      0.525869	      0.248449	
88.500	      0.344574	      0.248452	
89.000	      0.220334	      0.248455	
89.500	      0.220334	      0.248455	
90.000	      0.131464	      0.248458	
90.500	      0.065691	      0.248461	
91.000	      0.065691	      0.248461	
91.500	     0.0156424	      0.248464	
92.000	      0.023329	      0.248467	
92.500	     0.0542709	      0.248469	
93.000	     0.0542709	      0.248469	
93.500	     0.0792497	      0.248472	
94.000	      0.099707	      0.248474	
94.500	      0.099707	      0.248474	
95.000	      0.116673	      0.248476	
95.500	      0.130901	      0.248478	
96.000	       0.14295	       0.24848	
96.500	       0.14295	       0.24848	
97.000	      0.153245	      0.248482	
97.500	      0.162111	      0.248483	
98.000	      0.162111	      0.248483	
98.500	        0.1698	      0.248485	
99.000	      0.176514	      0.248486	
99.500	      0.182409	      0.248487	
100.000	      0.182409	      0.248487	
100.500	      0.187615	      0.248488	
101.000	      0.192235	      0.248489	
101.500	      0.192235	      0.248489	
102.000	      0.196354	      0.248489	
102.500	      0.200042	       0.24849	
103.000	      0.200042	       0.24849	
103.500	      0.203357	       0.24849	
104.000	      0.206348	      0.248491	
104.500	      0.209056	      0.248491	
105.000	      0.209056	      0.248491	
105.500	      0.211516	      0.248491	
106.000	      0.213757	      0.248491	
106.500	      0.213757	      0.248491	
107.000	      0.215805	       0.24849	
107.500	       0.21768	       0.24849	
108.000	      0.219403	      0.248489	
108.500	      0.219403	      0.248489	
109.000	      0.220989	      0.248489	
109.500	      0.222452	      0.248488	
110.000	      0.222452	      0.248488	
110.500	      0.223805	      0.248487	
111.000	      0.225058	      0.248486	
111.500	      0.226222	      0.248484	
112.000	      0.226222	      0.248484	
112.500	      0.227304	      0.248483	
113.000	      0.228312	      0.248481	
113.500	      0.228312	      0.248481	
114.000	      0.229253	       0.24848	
114.500	      0.230132	      0.248478	
115.000	      0.230955	      0.248476	
115.500	      0.230955	      0.248476	
116.000	      0.231726	      0.248473	
116.500	       0.23245	      0.248471	
117.000	       0.23245	      0.248471	
117.500	      0.233131	      0.248469	
118.000	      0.233771	      0.248466	
118.500	      0.234375	      0.248463	
119.000	      0.234375	      0.248463	
119.500	      0.234944	      0.248461	
120.000	      0.235482	      0.248458	
120.500	      0.235482	      0.248458	
121.000	       0.23599	      0.248454	
121.500	      0.236472	      0.248451	
122.000	      0.236927	      0.248447	
122.500	      0.236927	      0.248447	
123.000	       0.23736	      0.248444	
123.500	       0.23777	       0.24844	
124.000	       0.23777	       0.24844	
124.500	       0.23816	      0.248436	
125.000	      0.238531	      0.248432	
125.500	      0.238531	      0.248432	
126.000	      0.238883	      0.248428	
126.500	      0.239219	      0.248423	
127.000	       0.23954	      0.248419	
127.500	       0.23954	      0.248419	
128.000	      0.239845	      0.248414	
128.500	      0.240137	      0.248409	
129.000	      0.240137	      0.248409	
129.500	      0.240416	      0.248404	
130.000	      0.240682	      0.248399	
130.500	      0.240937	      0.248393	
131.000	      0.240937	      0.248393	
131.500	      0.241181	      0.248388	
132.000	      0.241414	      0.248382	
132.500	      0.241414	      0.248382	
133.000	      0.241638	      0.248376	
133.500	      0.241853	       0.24837	
134.000	      0.242059	      0.248363	
134.500	      0.242059	      0.248363	
135.000	      0.242257	      0.248357	
135.500	      0.242447	       0.24835	
136.000	      0.242447	       0.24835	
136.500	      0.242629	      0.248343	
137.000	      0.242805	      0.248336	
137.500	      0.242974	      0.248329	
138.000	      0.242974	      0.248329	
138.500	      0.243137	      0.248321	
139.000	      0.243293	      0.248314	
139.500	      0.243293	      0.248314	
140.000	      0.243444	      0.248306	
140.500	      0.243589	      0.248298	
141.000	       0.24373	       0.24829	
141.500	       0.24373	       0.24829	
142.000	      0.243865	      0.248281	
142.500	      0.243995	      0.248272	
143.000	      0.243995	      0.248272	
143.500	      0.244122	      0.248264	
144.000	      0.244243	      0.248254	
144.500	      0.244361	      0.248245	
145.000	      0.244361	      0.248245	
145.500	      0.244475	      0.248235	
146.000	      0.244585	      0.248226	
146.500	      0.244585	      0.248226	
147.000	      0.244691	      0.248216	
147.500	      0.244794	      0.248205	
148.000	      0.244794	      0.248205	
148.500	      0.244893	      0.248195	
149.000	       0.24499	      0.248184	
149.500	      0.245083	      0.248173	
150.000	      0.245083	      0.248173	
150.500	      0.245174	      0.248162	
151.000	      0.245262	       0.24815	
151.500	      0.245262	       0.24815	
152.000	      0.245347	      0.248138	
152.500	      0.245429	      0.248126	
153.000	      0.245509	      0.248114	
153.500	      0.245509	      0.248114	
154.000	      0.245587	      0.248101	
154.500	      0.245662	      0.248088	
155.000	      0.245662	      0.248088	
155.500	      0.245735	      0.248075	
156.000	      0.245807	      0.248062	
156.500	      0.245876	      0.248048	
157.000	      0.245876	      0.248048	
157.500	      0.245943	      0.248034	
158.000	      0.246008	      0.248019	
158.500	      0.246008	      0.248019	
159.000	      0.246071	      0.248004	
159.500	      0.246133	      0.247989	
160.000	      0.246193	      0.247974	
160.500	      0.246193	      0.247974	
161.000	      0.246251	      0.247958	
161.500	      0.246308	      0.247942	
162.000	      0.246308	      0.247942	
162.500	      0.246363	      0.247925	
163.000	      0.246417	      0.247909	
163.500	      0.246469	      0.247891	
164.000	      0.246469	      0.247891	
164.500	       0.24652	      0.247874	
165.000	      0.246569	      0.247856	
165.500	      0.246569	      0.247856	
166.000	      0.246618	      0.247837	
166.500	      0.246665	      0.247818	
167.000	      0.246711	      0.247799	
167.500	      0.246711	      0.247799	
168.000	      0.246755	       0.24778	
168.500	      0.246799	      0.247759	
169.000	      0.246799	      0.247759	
169.500	      0.246841	      0.247739	
170.000	      0.246883	      0.247718	
170.500	      0.246883	      0.247718	
171.000	      0.246923	      0.247696	
171.500	      0.246963	      0.247674	
172.000	      0.247001	      0.247652	
172.500	      0.247001	      0.247652	
173.000	      0.247039	      0.247629	
173.500	      0.247075	      0.247605	
174.000	      0.247075	      0.247605	
174.500	      0.247111	      0.247581	
175.000	      0.247146	      0.247557	
175.500	       0.24718	      0.247532	
176.000	       0.24718	      0.247532	
176.500	      0.247213	      0.247506	
177.000	      0.247246	       0.24748	
177.500	      0.247246	       0.24748	
178.000	      0.247277	      0.247453	
178.500	      0.247308	      0.247425	
179.000	      0.247339	      0.247397	
179.500	      0.247339	      0.247397	
180.000	      0.247368	      0.247368	
