
TracePro Release: 3 2 0 
Polar Candela Distribution Data for 
Data covers +/- 180.000 degrees from Normal
Data for Missed Rays
Data generated at 09:43:02 June 25, 2025

	   0.0	 180.0
0.000	     0.0235772	     0.0235772	
0.500	     0.0233413	     0.0238016	
1.000	     0.0233413	     0.0238016	
1.500	      0.023093	     0.0240152	
2.000	     0.0228317	     0.0242187	
2.500	     0.0225562	     0.0244126	
3.000	     0.0225562	     0.0244126	
3.500	     0.0222657	     0.0245976	
4.000	      0.021959	     0.0247742	
4.500	      0.021959	     0.0247742	
5.000	     0.0216349	     0.0249429	
5.500	     0.0212922	      0.025104	
6.000	     0.0209294	     0.0252581	
6.500	     0.0209294	     0.0252581	
7.000	      0.020545	     0.0254056	
7.500	     0.0201372	     0.0255468	
8.000	     0.0201372	     0.0255468	
8.500	     0.0197041	      0.025682	
9.000	     0.0192438	     0.0258116	
9.500	     0.0187538	     0.0259359	
10.000	     0.0187538	     0.0259359	
10.500	     0.0182317	     0.0260552	
11.000	     0.0176747	     0.0261697	
11.500	     0.0176747	     0.0261697	
12.000	     0.0170796	     0.0262796	
12.500	      0.016443	     0.0263852	
13.000	      0.016443	     0.0263852	
13.500	     0.0157609	     0.0264868	
14.000	     0.0150291	     0.0265844	
14.500	     0.0142427	     0.0266784	
15.000	     0.0142427	     0.0266784	
15.500	     0.0133963	     0.0267688	
16.000	     0.0124836	     0.0268559	
16.500	     0.0124836	     0.0268559	
17.000	     0.0114978	     0.0269398	
17.500	     0.0104309	     0.0270207	
18.000	    0.00927403	     0.0270987	
18.500	    0.00927403	     0.0270987	
19.000	    0.00801689	     0.0271739	
19.500	    0.00664777	     0.0272465	
20.000	    0.00664777	     0.0272465	
20.500	     0.0051532	     0.0273165	
21.000	     0.0035176	     0.0273842	
21.500	    0.00172296	     0.0274496	
22.000	    0.00172296	     0.0274496	
22.500	   0.000251736	     0.0275127	
23.000	    0.00243104	     0.0275738	
23.500	    0.00243104	     0.0275738	
24.000	    0.00484384	     0.0276328	
24.500	    0.00752426	     0.0276899	
25.000	     0.0105129	     0.0277452	
25.500	     0.0105129	     0.0277452	
26.000	     0.0138583	     0.0277987	
26.500	      0.017619	     0.0278505	
27.000	      0.017619	     0.0278505	
27.500	     0.0218659	     0.0279007	
28.000	     0.0266856	     0.0279493	
28.500	     0.0321851	     0.0279964	
29.000	     0.0321851	     0.0279964	
29.500	     0.0384974	     0.0280421	
30.000	     0.0457894	     0.0280864	
30.500	     0.0457894	     0.0280864	
31.000	     0.0542735	     0.0281294	
31.500	     0.0642224	     0.0281711	
32.000	     0.0759917	     0.0282115	
32.500	     0.0759917	     0.0282115	
33.000	     0.0900517	     0.0282508	
33.500	      0.107035	      0.028289	
34.000	      0.107035	      0.028289	
34.500	      0.127807	     0.0283261	
35.000	      0.153582	     0.0283621	
35.500	      0.153582	     0.0283621	
36.000	      0.186098	     0.0283971	
36.500	      0.227925	     0.0284311	
37.000	       0.28298	     0.0284642	
37.500	       0.28298	     0.0284642	
38.000	      0.357483	     0.0284964	
38.500	      0.461796	     0.0285277	
39.000	      0.461796	     0.0285277	
39.500	      0.614236	     0.0285582	
40.000	      0.849737	     0.0285878	
40.500	       1.24193	     0.0286167	
41.000	       1.24193	     0.0286167	
41.500	       1.96916	     0.0286448	
42.000	       3.56397	     0.0286722	
42.500	       3.56397	     0.0286722	
43.000	        8.3107	     0.0286989	
43.500	       43.1187	     0.0287249	
44.000	       440.484	     0.0287503	
44.500	       440.484	     0.0287503	
45.000	        43.191	      0.028775	
45.500	       7.49708	     0.0287991	
46.000	       7.49708	     0.0287991	
46.500	       3.63968	     0.0288226	
47.000	       1.98121	     0.0288455	
47.500	       1.24522	     0.0288679	
48.000	       1.24522	     0.0288679	
48.500	      0.849829	     0.0288897	
49.000	      0.612516	     0.0289111	
49.500	      0.612516	     0.0289111	
50.000	      0.458585	     0.0289319	
50.500	      0.352498	     0.0289522	
51.000	      0.274894	     0.0289721	
51.500	      0.274894	     0.0289721	
52.000	      0.211275	     0.0289915	
52.500	      0.106089	     0.0290104	
53.000	      0.106089	     0.0290104	
53.500	      0.968065	      0.029029	
54.000	     0.0585252	     0.0290471	
54.500	      0.165704	     0.0290648	
55.000	      0.165704	     0.0290648	
55.500	      0.735628	     0.0290822	
56.000	      0.145346	     0.0290991	
56.500	      0.145346	     0.0290991	
57.000	     0.0701488	     0.0291157	
57.500	     0.0516161	     0.0291319	
58.000	     0.0516161	     0.0291319	
58.500	     0.0400526	     0.0291478	
59.000	     0.0311026	     0.0291634	
59.500	     0.0236324	     0.0291786	
60.000	     0.0236324	     0.0291786	
60.500	     0.0171765	     0.0291935	
61.000	     0.0114816	     0.0292081	
61.500	     0.0114816	     0.0292081	
62.000	    0.00638415	     0.0292225	
62.500	    0.00176701	     0.0292365	
63.000	    0.00245936	     0.0292502	
63.500	    0.00245936	     0.0292502	
64.000	    0.00636608	     0.0292637	
64.500	     0.0100112	     0.0292769	
65.000	     0.0100112	     0.0292769	
65.500	     0.0134429	     0.0292899	
66.000	     0.0167013	     0.0293026	
66.500	     0.0198192	     0.0293151	
67.000	     0.0198192	     0.0293151	
67.500	     0.0228222	     0.0293274	
68.000	     0.0257257	     0.0293394	
68.500	     0.0257257	     0.0293394	
69.000	     0.0285297	     0.0293512	
69.500	      0.031203	     0.0293628	
70.000	     0.0336441	     0.0293741	
70.500	     0.0336441	     0.0293741	
71.000	     0.0355594	     0.0293853	
71.500	     0.0360036	     0.0293963	
72.000	     0.0360036	     0.0293963	
72.500	      0.030797	     0.0294071	
73.000	     0.0297625	     0.0294177	
73.500	       0.86846	     0.0294281	
74.000	       0.86846	     0.0294281	
74.500	     0.0212698	     0.0294384	
75.000	     0.0479276	     0.0294484	
75.500	     0.0479276	     0.0294484	
76.000	     0.0620701	     0.0294584	
76.500	     0.0710277	     0.0294681	
77.000	     0.0791737	     0.0294777	
77.500	     0.0791737	     0.0294777	
78.000	     0.0876872	     0.0294872	
78.500	     0.0971583	     0.0294965	
79.000	     0.0971583	     0.0294965	
79.500	      0.108093	     0.0295056	
80.000	      0.121143	     0.0295147	
80.500	      0.121143	     0.0295147	
81.000	      0.137525	     0.0295235	
81.500	      0.161218	     0.0295323	
82.000	      0.238777	     0.0295409	
82.500	      0.238777	     0.0295409	
83.000	      0.692243	     0.0295494	
83.500	       1.13143	     0.0295578	
84.000	       1.13143	     0.0295578	
84.500	      0.219101	     0.0295661	
85.000	       0.33708	     0.0295743	
85.500	      0.430113	     0.0295823	
86.000	      0.430113	     0.0295823	
86.500	      0.559035	     0.0295903	
87.000	      0.756339	     0.0295981	
87.500	      0.756339	     0.0295981	
88.000	       1.08463	     0.0296059	
88.500	       1.69601	     0.0296135	
89.000	       3.08134	     0.0296211	
89.500	       3.08134	     0.0296211	
90.000	       6.11848	     0.0296285	
90.500	       35.8444	     0.0296359	
91.000	       35.8444	     0.0296359	
91.500	       364.827	     0.0296432	
92.000	       35.7718	     0.0296504	
92.500	       6.93758	     0.0296575	
93.000	       6.93758	     0.0296575	
93.500	       3.00538	     0.0296646	
94.000	       1.68423	     0.0296715	
94.500	       1.68423	     0.0296715	
95.000	        1.0818	     0.0296784	
95.500	      0.756924	     0.0296853	
96.000	      0.561862	     0.0296921	
96.500	      0.561862	     0.0296921	
97.000	      0.435613	     0.0296988	
97.500	      0.349235	     0.0297054	
98.000	      0.349235	     0.0297054	
98.500	      0.287553	      0.029712	
99.000	      0.241982	     0.0297185	
99.500	      0.207369	      0.029725	
100.000	      0.207369	      0.029725	
100.500	      0.180468	     0.0297314	
101.000	      0.159152	     0.0297377	
101.500	      0.159152	     0.0297377	
102.000	      0.141978	     0.0297441	
102.500	      0.127944	     0.0297503	
103.000	      0.127944	     0.0297503	
103.500	      0.116329	     0.0297566	
104.000	      0.106612	     0.0297627	
104.500	     0.0984011	     0.0297689	
105.000	     0.0984011	     0.0297689	
105.500	     0.0914032	      0.029775	
106.000	     0.0853918	      0.029781	
106.500	     0.0853918	      0.029781	
107.000	     0.0801912	     0.0297871	
107.500	      0.075663	     0.0297931	
108.000	     0.0716971	      0.029799	
108.500	     0.0716971	      0.029799	
109.000	     0.0682049	      0.029805	
109.500	     0.0651147	     0.0298109	
110.000	     0.0651147	     0.0298109	
110.500	     0.0623678	     0.0298168	
111.000	     0.0599156	     0.0298226	
111.500	     0.0577181	     0.0298285	
112.000	     0.0577181	     0.0298285	
112.500	     0.0557415	     0.0298343	
113.000	     0.0539578	     0.0298401	
113.500	     0.0539578	     0.0298401	
114.000	     0.0523429	     0.0298459	
114.500	     0.0508765	     0.0298517	
115.000	     0.0495413	     0.0298574	
115.500	     0.0495413	     0.0298574	
116.000	     0.0483223	     0.0298632	
116.500	     0.0472067	     0.0298689	
117.000	     0.0472067	     0.0298689	
117.500	     0.0461833	     0.0298747	
118.000	     0.0452425	     0.0298804	
118.500	     0.0443757	     0.0298862	
119.000	     0.0443757	     0.0298862	
119.500	     0.0435756	     0.0298919	
120.000	     0.0428356	     0.0298976	
120.500	     0.0428356	     0.0298976	
121.000	     0.0421501	     0.0299034	
121.500	     0.0415138	     0.0299091	
122.000	     0.0409224	     0.0299148	
122.500	     0.0409224	     0.0299148	
123.000	     0.0403717	     0.0299206	
123.500	     0.0398583	     0.0299264	
124.000	     0.0398583	     0.0299264	
124.500	      0.039379	     0.0299322	
125.000	     0.0389308	     0.0299379	
125.500	     0.0389308	     0.0299379	
126.000	     0.0385112	     0.0299438	
126.500	     0.0381179	     0.0299496	
127.000	     0.0377488	     0.0299554	
127.500	     0.0377488	     0.0299554	
128.000	      0.037402	     0.0299613	
128.500	     0.0370758	     0.0299672	
129.000	     0.0370758	     0.0299672	
129.500	     0.0367686	     0.0299731	
130.000	     0.0364791	     0.0299791	
130.500	      0.036206	     0.0299851	
131.000	      0.036206	     0.0299851	
131.500	      0.035948	     0.0299911	
132.000	     0.0357042	     0.0299971	
132.500	     0.0357042	     0.0299971	
133.000	     0.0354734	     0.0300032	
133.500	      0.035255	     0.0300094	
134.000	     0.0350479	     0.0300155	
134.500	     0.0350479	     0.0300155	
135.000	     0.0348516	     0.0300218	
135.500	     0.0346651	      0.030028	
136.000	     0.0346651	      0.030028	
136.500	     0.0344881	     0.0300343	
137.000	     0.0343197	     0.0300407	
137.500	     0.0341596	     0.0300471	
138.000	     0.0341596	     0.0300471	
138.500	     0.0340071	     0.0300536	
139.000	     0.0338619	     0.0300601	
139.500	     0.0338619	     0.0300601	
140.000	     0.0337234	     0.0300667	
140.500	     0.0335913	     0.0300734	
141.000	     0.0334653	     0.0300801	
141.500	     0.0334653	     0.0300801	
142.000	     0.0333449	     0.0300869	
142.500	     0.0332299	     0.0300938	
143.000	     0.0332299	     0.0300938	
143.500	     0.0331199	     0.0301007	
144.000	     0.0330147	     0.0301077	
144.500	      0.032914	     0.0301148	
145.000	      0.032914	     0.0301148	
145.500	     0.0328175	      0.030122	
146.000	     0.0327251	     0.0301293	
146.500	     0.0327251	     0.0301293	
147.000	     0.0326365	     0.0301367	
147.500	     0.0325515	     0.0301441	
148.000	     0.0325515	     0.0301441	
148.500	     0.0324699	     0.0301517	
149.000	     0.0323916	     0.0301594	
149.500	     0.0323164	     0.0301672	
150.000	     0.0323164	     0.0301672	
150.500	     0.0322441	      0.030175	
151.000	     0.0321746	      0.030183	
151.500	     0.0321746	      0.030183	
152.000	     0.0321078	     0.0301912	
152.500	     0.0320435	     0.0301994	
153.000	     0.0319816	     0.0302078	
153.500	     0.0319816	     0.0302078	
154.000	      0.031922	     0.0302163	
154.500	     0.0318645	     0.0302249	
155.000	     0.0318645	     0.0302249	
155.500	     0.0318092	     0.0302337	
156.000	     0.0317558	     0.0302426	
156.500	     0.0317043	     0.0302517	
157.000	     0.0317043	     0.0302517	
157.500	     0.0316547	     0.0302609	
158.000	     0.0316067	     0.0302703	
158.500	     0.0316067	     0.0302703	
159.000	     0.0315604	     0.0302798	
159.500	     0.0315157	     0.0302895	
160.000	     0.0314725	     0.0302994	
160.500	     0.0314725	     0.0302994	
161.000	     0.0314308	     0.0303095	
161.500	     0.0313904	     0.0303198	
162.000	     0.0313904	     0.0303198	
162.500	     0.0313513	     0.0303302	
163.000	     0.0313135	     0.0303409	
163.500	     0.0312769	     0.0303518	
164.000	     0.0312769	     0.0303518	
164.500	     0.0312415	     0.0303629	
165.000	     0.0312072	     0.0303742	
165.500	     0.0312072	     0.0303742	
166.000	      0.031174	     0.0303857	
166.500	     0.0311418	     0.0303975	
167.000	     0.0311105	     0.0304096	
167.500	     0.0311105	     0.0304096	
168.000	     0.0310803	     0.0304218	
168.500	     0.0310509	     0.0304344	
169.000	     0.0310509	     0.0304344	
169.500	     0.0310224	     0.0304472	
170.000	     0.0309947	     0.0304603	
170.500	     0.0309947	     0.0304603	
171.000	     0.0309679	     0.0304737	
171.500	     0.0309418	     0.0304874	
172.000	     0.0309165	     0.0305015	
172.500	     0.0309165	     0.0305015	
173.000	     0.0308919	     0.0305158	
173.500	     0.0308679	     0.0305305	
174.000	     0.0308679	     0.0305305	
174.500	     0.0308447	     0.0305455	
175.000	      0.030822	     0.0305609	
175.500	        0.0308	     0.0305766	
176.000	        0.0308	     0.0305766	
176.500	     0.0307786	     0.0305928	
177.000	     0.0307578	     0.0306093	
177.500	     0.0307578	     0.0306093	
178.000	     0.0307375	     0.0306262	
178.500	     0.0307177	     0.0306436	
179.000	     0.0306985	     0.0306614	
179.500	     0.0306985	     0.0306614	
180.000	     0.0306797	     0.0306797	
