
TracePro Release: 3 2 0 
Polar Candela Distribution Data for 
Data covers +/- 180.000 degrees from Normal
Data for Missed Rays
Data generated at 09:43:05 June 25, 2025

	   0.0	 180.0
0.000	      0.200921	      0.200921	
0.500	      0.202097	      0.197905	
1.000	      0.202097	      0.197905	
1.500	       0.26802	      0.194816	
2.000	      0.032391	      0.191749	
2.500	      0.246268	      0.189071	
3.000	      0.246268	      0.189071	
3.500	    0.00849046	      0.188663	
4.000	      0.234328	       0.21365	
4.500	      0.234328	       0.21365	
5.000	      0.217126	       0.20972	
5.500	      0.213481	      0.201142	
6.000	      0.188438	       0.16288	
6.500	      0.188438	       0.16288	
7.000	      0.695732	      0.147296	
7.500	      0.700068	       0.11202	
8.000	      0.700068	       0.11202	
8.500	      0.737686	      0.438604	
9.000	      0.110591	     0.0853222	
9.500	       1.04668	     0.0884598	
10.000	       1.04668	     0.0884598	
10.500	      0.118695	       0.02379	
11.000	      0.857808	      0.716142	
11.500	      0.857808	      0.716142	
12.000	       1.26189	     0.0313988	
12.500	       0.35468	      0.336431	
13.000	       0.35468	      0.336431	
13.500	      0.253945	       1.08381	
14.000	      0.283087	      0.728618	
14.500	      0.401945	      0.201397	
15.000	      0.401945	      0.201397	
15.500	      0.927349	    0.00748675	
16.000	      0.418292	      0.332174	
16.500	      0.418292	      0.332174	
17.000	      0.255523	      0.463301	
17.500	     0.0804702	      0.702888	
18.000	       2.18152	      0.616132	
18.500	       2.18152	      0.616132	
19.000	       1.21608	       1.57401	
19.500	      0.801469	       2.52901	
20.000	      0.801469	       2.52901	
20.500	      0.534107	       5.22064	
21.000	       1.59878	       11.4103	
21.500	      0.543684	       60.2866	
22.000	      0.543684	       60.2866	
22.500	       1.03108	       619.213	
23.000	       1.07009	       64.9331	
23.500	       1.07009	       64.9331	
24.000	      0.446007	       7.37753	
24.500	       1.13508	       7.80487	
25.000	       1.84793	        2.3783	
25.500	       1.84793	        2.3783	
26.000	      0.498095	       1.94549	
26.500	      0.274887	       2.37939	
27.000	      0.274887	       2.37939	
27.500	      0.195989	       1.47012	
28.000	      0.908383	      0.423397	
28.500	      0.413429	      0.808239	
29.000	      0.413429	      0.808239	
29.500	      0.347427	      0.402669	
30.000	      0.388749	      0.457343	
30.500	      0.388749	      0.457343	
31.000	      0.480608	     0.0394641	
31.500	      0.632878	       0.12407	
32.000	      0.299843	      0.126987	
32.500	      0.299843	      0.126987	
33.000	      0.138793	     0.0620147	
33.500	       1.45547	       0.17102	
34.000	       1.45547	       0.17102	
34.500	      0.548234	     0.0141507	
35.000	       1.31153	      0.196685	
35.500	       1.31153	      0.196685	
36.000	     0.0346195	      0.111619	
36.500	        1.3625	      0.129246	
37.000	      0.407765	       0.13962	
37.500	      0.407765	       0.13962	
38.000	      0.935362	      0.147093	
38.500	      0.277724	       0.14371	
39.000	      0.277724	       0.14371	
39.500	      0.272116	      0.303828	
40.000	      0.251227	      0.156394	
40.500	      0.300194	      0.176948	
41.000	      0.300194	      0.176948	
41.500	      0.377665	      0.112848	
42.000	      0.353652	      0.222801	
42.500	      0.353652	      0.222801	
43.000	       0.37824	      0.768736	
43.500	      0.286879	       2.49042	
44.000	      0.177117	    0.00631926	
44.500	      0.177117	    0.00631926	
45.000	      0.975214	      0.164143	
45.500	      0.163223	      0.184924	
46.000	      0.163223	      0.184924	
46.500	      0.213102	      0.252889	
47.000	      0.172045	      0.208449	
47.500	      0.833779	      0.267654	
48.000	      0.833779	      0.267654	
48.500	       0.17124	      0.450099	
49.000	      0.211892	      0.271235	
49.500	      0.211892	      0.271235	
50.000	      0.169872	      0.210035	
50.500	      0.813328	      0.365829	
51.000	      0.122164	      0.150247	
51.500	      0.122164	      0.150247	
52.000	      0.829368	      0.329458	
52.500	      0.224804	      0.135522	
53.000	      0.224804	      0.135522	
53.500	      0.822676	      0.304097	
54.000	      0.126804	      0.194079	
54.500	      0.793512	      0.415209	
55.000	      0.793512	      0.415209	
55.500	      0.177996	      0.131318	
56.000	      0.225332	      0.380492	
56.500	      0.225332	      0.380492	
57.000	      0.233059	      0.208357	
57.500	        0.2369	      0.221532	
58.000	        0.2369	      0.221532	
58.500	      0.242153	      0.224056	
59.000	      0.279359	       0.22538	
59.500	      0.345249	      0.226327	
60.000	      0.345249	      0.226327	
60.500	       0.81547	        0.2271	
61.000	      0.197116	      0.227773	
61.500	      0.197116	      0.227773	
62.000	      0.233104	      0.228378	
62.500	      0.236986	      0.228931	
63.000	      0.238086	      0.229445	
63.500	      0.238086	      0.229445	
64.000	      0.238457	      0.229924	
64.500	      0.238434	      0.230374	
65.000	      0.238434	      0.230374	
65.500	      0.237875	      0.230797	
66.000	       0.23566	      0.231198	
66.500	      0.218024	      0.231577	
67.000	      0.218024	      0.231577	
67.500	      0.466122	      0.231937	
68.000	      0.218462	      0.232278	
68.500	      0.218462	      0.232278	
69.000	      0.236576	      0.232604	
69.500	       0.23936	      0.232914	
70.000	      0.240669	      0.233209	
70.500	      0.240669	      0.233209	
71.000	      0.241775	      0.233492	
71.500	       0.24299	      0.233761	
72.000	       0.24299	      0.233761	
72.500	      0.238039	      0.234019	
73.000	      0.481966	      0.234266	
73.500	      0.526238	      0.234502	
74.000	      0.526238	      0.234502	
74.500	      0.310917	      0.234728	
75.000	      0.250603	      0.234945	
75.500	      0.250603	      0.234945	
76.000	      0.293415	      0.235154	
76.500	      0.245907	      0.235353	
77.000	      0.275312	      0.235545	
77.500	      0.275312	      0.235545	
78.000	     0.0950121	       0.23573	
78.500	       0.27658	      0.235907	
79.000	       0.27658	      0.235907	
79.500	      0.252857	      0.236078	
80.000	      0.272564	      0.236242	
80.500	      0.272564	      0.236242	
81.000	     0.0682699	        0.2364	
81.500	      0.334441	      0.236553	
82.000	      0.241393	        0.2367	
82.500	      0.241393	        0.2367	
83.000	      0.242872	      0.236843	
83.500	      0.242336	      0.236982	
84.000	      0.242336	      0.236982	
84.500	      0.241994	      0.237118	
85.000	      0.241789	      0.237253	
85.500	      0.241663	      0.237391	
86.000	      0.241663	      0.237391	
86.500	      0.241587	      0.237539	
87.000	      0.241544	      0.237714	
87.500	      0.241544	      0.237714	
88.000	      0.241524	      0.237962	
88.500	      0.241522	      0.238438	
89.000	      0.241537	      0.239908	
89.500	      0.241537	      0.239908	
90.000	       0.24157	       0.25316	
90.500	      0.241622	     0.0234153	
91.000	      0.241622	     0.0234153	
91.500	      0.241703	      0.484811	
92.000	      0.241828	      0.147845	
92.500	      0.242033	      0.241792	
93.000	      0.242033	      0.241792	
93.500	      0.242407	      0.237307	
94.000	      0.243211	      0.237949	
94.500	      0.243211	      0.237949	
95.000	       0.24558	      0.155272	
95.500	      0.262872	      0.558201	
96.000	     0.0227665	     0.0825853	
96.500	     0.0227665	     0.0825853	
97.000	      0.262875	       0.58488	
97.500	      0.245573	     0.0313825	
98.000	      0.245573	     0.0313825	
98.500	      0.243151	      0.249683	
99.000	      0.242179	      0.239489	
99.500	      0.241214	      0.238922	
100.000	      0.241214	      0.238922	
100.500	      0.236346	      0.238945	
101.000	      0.301962	      0.239048	
101.500	      0.301962	      0.239048	
102.000	      0.236654	      0.239156	
102.500	       0.24658	      0.239256	
103.000	       0.24658	      0.239256	
103.500	      0.135011	      0.239346	
104.000	      0.449589	      0.239429	
104.500	     0.0381048	      0.239505	
105.000	     0.0381048	      0.239505	
105.500	       0.59472	      0.239576	
106.000	      0.145187	      0.239642	
106.500	      0.145187	      0.239642	
107.000	      0.326259	      0.239704	
107.500	      0.166021	      0.239764	
108.000	      0.295205	       0.23982	
108.500	      0.295205	       0.23982	
109.000	      0.222799	      0.239874	
109.500	      0.444025	      0.239926	
110.000	      0.444025	      0.239926	
110.500	      0.361223	      0.239976	
111.000	       0.85361	      0.240024	
111.500	     0.0142381	      0.240071	
112.000	     0.0142381	      0.240071	
112.500	       1.00926	      0.240116	
113.000	      0.908821	      0.240159	
113.500	      0.908821	      0.240159	
114.000	       1.03435	      0.240202	
114.500	       2.91291	      0.240243	
115.000	      0.632822	      0.240283	
115.500	      0.632822	      0.240283	
116.000	       1.22264	      0.240322	
116.500	       2.71819	      0.240359	
117.000	       2.71819	      0.240359	
117.500	      0.841246	      0.240396	
118.000	       1.80291	      0.240432	
118.500	      0.787388	      0.240467	
119.000	      0.787388	      0.240467	
119.500	       1.89269	      0.240501	
120.000	       1.63334	      0.240534	
120.500	       1.63334	      0.240534	
121.000	       2.65828	      0.240567	
121.500	      0.833767	      0.240598	
122.000	      0.353546	      0.240629	
122.500	      0.353546	      0.240629	
123.000	      0.482672	      0.240659	
123.500	      0.906333	      0.240688	
124.000	      0.906333	      0.240688	
124.500	      0.262157	      0.240717	
125.000	      0.438756	      0.240745	
125.500	      0.438756	      0.240745	
126.000	      0.152081	      0.240772	
126.500	       0.70203	      0.240799	
127.000	     0.0802227	      0.240825	
127.500	     0.0802227	      0.240825	
128.000	      0.534275	      0.240851	
128.500	     0.0826046	      0.240876	
129.000	     0.0826046	      0.240876	
129.500	      0.392881	        0.2409	
130.000	      0.212588	      0.240924	
130.500	      0.472811	      0.240947	
131.000	      0.472811	      0.240947	
131.500	      0.103366	       0.24097	
132.000	         0.394	      0.240992	
132.500	         0.394	      0.240992	
133.000	       0.18366	      0.241014	
133.500	      0.243443	      0.241036	
134.000	      0.241441	      0.241056	
134.500	      0.241441	      0.241056	
135.000	      0.241495	      0.241077	
135.500	      0.241587	      0.241097	
136.000	      0.241587	      0.241097	
136.500	      0.241656	      0.241116	
137.000	      0.241703	      0.241136	
137.500	      0.241737	      0.241154	
138.000	      0.241737	      0.241154	
138.500	      0.241761	      0.241173	
139.000	       0.24178	      0.241191	
139.500	       0.24178	      0.241191	
140.000	      0.241794	      0.241208	
140.500	      0.241805	      0.241225	
141.000	      0.241813	      0.241242	
141.500	      0.241813	      0.241242	
142.000	       0.24182	      0.241259	
142.500	      0.241826	      0.241275	
143.000	      0.241826	      0.241275	
143.500	       0.24183	      0.241291	
144.000	      0.241834	      0.241306	
144.500	      0.241838	      0.241321	
145.000	      0.241838	      0.241321	
145.500	      0.241841	      0.241336	
146.000	      0.241843	       0.24135	
146.500	      0.241843	       0.24135	
147.000	      0.241845	      0.241365	
147.500	      0.241847	      0.241379	
148.000	      0.241847	      0.241379	
148.500	      0.241848	      0.241392	
149.000	      0.241849	      0.241405	
149.500	       0.24185	      0.241419	
150.000	       0.24185	      0.241419	
150.500	      0.241851	      0.241431	
151.000	      0.241852	      0.241444	
151.500	      0.241852	      0.241444	
152.000	      0.241853	      0.241456	
152.500	      0.241853	      0.241468	
153.000	      0.241853	       0.24148	
153.500	      0.241853	       0.24148	
154.000	      0.241853	      0.241491	
154.500	      0.241853	      0.241502	
155.000	      0.241853	      0.241502	
155.500	      0.241853	      0.241513	
156.000	      0.241853	      0.241524	
156.500	      0.241852	      0.241535	
157.000	      0.241852	      0.241535	
157.500	      0.241852	      0.241545	
158.000	      0.241851	      0.241555	
158.500	      0.241851	      0.241555	
159.000	      0.241851	      0.241565	
159.500	       0.24185	      0.241574	
160.000	      0.241849	      0.241584	
160.500	      0.241849	      0.241584	
161.000	      0.241848	      0.241593	
161.500	      0.241846	      0.241602	
162.000	      0.241846	      0.241602	
162.500	      0.241845	      0.241611	
163.000	      0.241844	      0.241619	
163.500	      0.241842	      0.241628	
164.000	      0.241842	      0.241628	
164.500	       0.24184	      0.241636	
165.000	      0.241839	      0.241644	
165.500	      0.241839	      0.241644	
166.000	      0.241837	      0.241652	
166.500	      0.241835	      0.241659	
167.000	      0.241833	      0.241667	
167.500	      0.241833	      0.241667	
168.000	       0.24183	      0.241674	
168.500	      0.241828	      0.241681	
169.000	      0.241828	      0.241681	
169.500	      0.241825	      0.241688	
170.000	      0.241823	      0.241695	
170.500	      0.241823	      0.241695	
171.000	       0.24182	      0.241701	
171.500	      0.241817	      0.241708	
172.000	      0.241814	      0.241714	
172.500	      0.241814	      0.241714	
173.000	      0.241811	       0.24172	
173.500	      0.241808	      0.241726	
174.000	      0.241808	      0.241726	
174.500	      0.241805	      0.241732	
175.000	      0.241801	      0.241738	
175.500	      0.241797	      0.241743	
176.000	      0.241797	      0.241743	
176.500	      0.241794	      0.241748	
177.000	       0.24179	      0.241754	
177.500	       0.24179	      0.241754	
178.000	      0.241786	      0.241759	
178.500	      0.241782	      0.241763	
179.000	      0.241777	      0.241768	
179.500	      0.241777	      0.241768	
180.000	      0.241773	      0.241773	
