
TracePro Release: 3 2 0 
Polar Candela Distribution Data for 
Data covers +/- 180.000 degrees from Normal
Data for Missed Rays
Data generated at 09:41:23 June 25, 2025

	   0.0	 180.0
0.000	      0.135261	      0.135261	
0.500	      0.134589	      0.135892	
1.000	      0.134589	      0.135892	
1.500	      0.133871	      0.136484	
2.000	      0.133104	       0.13704	
2.500	      0.132282	      0.137564	
3.000	      0.132282	      0.137564	
3.500	      0.131402	      0.138057	
4.000	      0.130456	      0.138522	
4.500	      0.130456	      0.138522	
5.000	       0.12944	      0.138961	
5.500	      0.128346	      0.139376	
6.000	      0.127166	      0.139769	
6.500	      0.127166	      0.139769	
7.000	      0.125892	      0.140142	
7.500	      0.124515	        0.1405	
8.000	      0.124515	        0.1405	
8.500	      0.123026	       0.14085	
9.000	      0.121418	      0.141211	
9.500	      0.119689	      0.141643	
10.000	      0.119689	      0.141643	
10.500	       0.11786	      0.142441	
11.000	       0.11603	      0.147314	
11.500	       0.11603	      0.147314	
12.000	      0.114732	     0.0789321	
12.500	       0.12114	      0.145245	
13.000	       0.12114	      0.145245	
13.500	     0.0229998	      0.126408	
14.000	      0.184204	      0.323037	
14.500	     0.0961447	      0.125964	
15.000	     0.0961447	      0.125964	
15.500	     0.0960324	      0.140253	
16.000	     0.0915125	      0.142332	
16.500	     0.0915125	      0.142332	
17.000	     0.0856068	       0.14314	
17.500	     0.0736939	      0.143599	
18.000	      0.151714	       0.14392	
18.500	      0.151714	       0.14392	
19.000	     0.0592703	      0.144174	
19.500	     0.0560515	      0.144391	
20.000	     0.0560515	      0.144391	
20.500	      0.041675	      0.144583	
21.000	      0.115516	      0.144759	
21.500	     0.0595369	      0.144922	
22.000	     0.0595369	      0.144922	
22.500	    0.00948593	      0.145075	
23.000	     0.0220787	      0.145219	
23.500	     0.0220787	      0.145219	
24.000	      0.037766	      0.145357	
24.500	     0.0787801	      0.145488	
25.000	      0.112096	      0.145613	
25.500	      0.112096	      0.145613	
26.000	      0.164861	      0.145734	
26.500	      0.167087	       0.14585	
27.000	      0.167087	       0.14585	
27.500	      0.422731	      0.145963	
28.000	      0.380127	      0.146071	
28.500	      0.629955	      0.146177	
29.000	      0.629955	      0.146177	
29.500	      0.910481	       0.14628	
30.000	       1.38327	      0.146381	
30.500	       1.38327	      0.146381	
31.000	       2.26105	       0.14648	
31.500	        4.1915	      0.146579	
32.000	       9.81256	      0.146679	
32.500	       9.81256	      0.146679	
33.000	       52.0554	      0.146783	
33.500	       532.013	      0.146894	
34.000	       532.013	      0.146894	
34.500	       51.9349	      0.147019	
35.000	       9.90002	      0.147176	
35.500	       9.90002	      0.147176	
36.000	       4.29255	      0.147403	
36.500	       2.24303	      0.147827	
37.000	       1.37256	      0.149035	
37.500	       1.37256	      0.149035	
38.000	      0.897988	      0.158911	
38.500	      0.609272	    0.00434936	
39.000	      0.609272	    0.00434936	
39.500	      0.399821	      0.310341	
40.000	      0.596901	     0.0595193	
40.500	      0.175936	      0.157764	
41.000	      0.175936	      0.157764	
41.500	      0.121188	      0.104496	
42.000	    0.00428053	       0.15222	
42.500	    0.00428053	       0.15222	
43.000	      0.848343	      0.148631	
43.500	      0.195568	      0.148133	
44.000	       1.85032	      0.147982	
44.500	       1.85032	      0.147982	
45.000	        2.0765	      0.147932	
45.500	       1.13509	      0.147923	
46.000	       1.13509	      0.147923	
46.500	       2.60557	      0.147933	
47.000	      0.162092	      0.147953	
47.500	        1.4137	      0.147979	
48.000	        1.4137	      0.147979	
48.500	       4.64406	      0.148009	
49.000	       4.09554	       0.14804	
49.500	       4.09554	       0.14804	
50.000	       1.93373	      0.148072	
50.500	       2.82703	      0.148105	
51.000	     0.0911889	      0.148138	
51.500	     0.0911889	      0.148138	
52.000	       3.39337	      0.148171	
52.500	       2.78845	      0.148203	
53.000	       2.78845	      0.148203	
53.500	       2.98171	      0.148235	
54.000	      0.420371	      0.148267	
54.500	       18.3288	      0.148298	
55.000	       18.3288	      0.148298	
55.500	       132.523	      0.148328	
56.000	       16.0163	      0.148358	
56.500	       16.0163	      0.148358	
57.000	       1.60592	      0.148387	
57.500	       3.50197	      0.148416	
58.000	       3.50197	      0.148416	
58.500	       2.37351	      0.148444	
59.000	       3.96682	      0.148472	
59.500	     0.0692654	      0.148499	
60.000	     0.0692654	      0.148499	
60.500	       1.03316	      0.148525	
61.000	       2.33039	      0.148551	
61.500	       2.33039	      0.148551	
62.000	       4.23396	      0.148576	
62.500	       2.27108	      0.148601	
63.000	        2.2607	      0.148625	
63.500	        2.2607	      0.148625	
64.000	       1.14148	      0.148649	
64.500	      0.513526	      0.148672	
65.000	      0.513526	      0.148672	
65.500	        2.4836	      0.148695	
66.000	       3.70201	      0.148717	
66.500	       1.36104	      0.148738	
67.000	       1.36104	      0.148738	
67.500	       1.34343	       0.14876	
68.000	       1.58514	       0.14878	
68.500	       1.58514	       0.14878	
69.000	       3.30218	      0.148801	
69.500	       1.58129	       0.14882	
70.000	       1.86609	       0.14884	
70.500	       1.86609	       0.14884	
71.000	      0.531108	      0.148859	
71.500	       1.57503	      0.148877	
72.000	       1.57503	      0.148877	
72.500	       6.60174	      0.148896	
73.000	       4.20584	      0.148913	
73.500	       3.04801	      0.148931	
74.000	       3.04801	      0.148931	
74.500	       3.33437	      0.148948	
75.000	       2.85617	      0.148965	
75.500	       2.85617	      0.148965	
76.000	       2.75987	      0.148981	
76.500	       2.61993	      0.148997	
77.000	       1.17848	      0.149013	
77.500	       1.17848	      0.149013	
78.000	       2.71847	      0.149028	
78.500	        1.3959	      0.149043	
79.000	        1.3959	      0.149043	
79.500	       2.30904	      0.149058	
80.000	       2.53405	      0.149072	
80.500	       2.53405	      0.149072	
81.000	       2.09948	      0.149086	
81.500	       1.96268	        0.1491	
82.000	     0.0342359	      0.149113	
82.500	     0.0342359	      0.149113	
83.000	       1.10036	      0.149127	
83.500	       1.09544	       0.14914	
84.000	       1.09544	       0.14914	
84.500	       1.08516	      0.149152	
85.000	        1.2596	      0.149165	
85.500	      0.365712	      0.149177	
86.000	      0.365712	      0.149177	
86.500	      0.900096	      0.149189	
87.000	       1.14035	      0.149201	
87.500	       1.14035	      0.149201	
88.000	      0.947668	      0.149212	
88.500	        1.2065	      0.149224	
89.000	      0.637405	      0.149235	
89.500	      0.637405	      0.149235	
90.000	       1.35414	      0.149245	
90.500	    0.00709316	      0.149256	
91.000	    0.00709316	      0.149256	
91.500	      0.923958	      0.149266	
92.000	      0.474658	      0.149277	
92.500	      0.201929	      0.149287	
93.000	      0.201929	      0.149287	
93.500	       0.17122	      0.149296	
94.000	      0.174593	      0.149306	
94.500	      0.174593	      0.149306	
95.000	      0.183513	      0.149315	
95.500	      0.199051	      0.149325	
96.000	      0.227988	      0.149334	
96.500	      0.227988	      0.149334	
97.000	       0.29143	      0.149342	
97.500	      0.480194	      0.149351	
98.000	      0.480194	      0.149351	
98.500	       1.86441	       0.14936	
99.000	       17.3685	      0.149368	
99.500	       1.86446	      0.149376	
100.000	       1.86446	      0.149376	
100.500	      0.480292	      0.149384	
101.000	       0.29158	      0.149392	
101.500	       0.29158	      0.149392	
102.000	      0.228193	        0.1494	
102.500	      0.199297	      0.149407	
103.000	      0.199297	      0.149407	
103.500	      0.183719	      0.149415	
104.000	      0.174369	      0.149422	
104.500	      0.168321	      0.149429	
105.000	      0.168321	      0.149429	
105.500	      0.164185	      0.149436	
106.000	      0.161233	      0.149443	
106.500	      0.161233	      0.149443	
107.000	      0.159055	      0.149449	
107.500	      0.157403	      0.149456	
108.000	      0.156121	      0.149462	
108.500	      0.156121	      0.149462	
109.000	      0.155107	      0.149469	
109.500	      0.154292	      0.149475	
110.000	      0.154292	      0.149475	
110.500	      0.153628	      0.149481	
111.000	       0.15308	      0.149487	
111.500	      0.152624	      0.149492	
112.000	      0.152624	      0.149492	
112.500	      0.152239	      0.149498	
113.000	      0.151914	      0.149504	
113.500	      0.151914	      0.149504	
114.000	      0.151635	      0.149509	
114.500	      0.151396	      0.149514	
115.000	      0.151189	      0.149519	
115.500	      0.151189	      0.149519	
116.000	      0.151009	      0.149525	
116.500	      0.150852	      0.149529	
117.000	      0.150852	      0.149529	
117.500	      0.150714	      0.149534	
118.000	      0.150593	      0.149539	
118.500	      0.150485	      0.149544	
119.000	      0.150485	      0.149544	
119.500	      0.150391	      0.149548	
120.000	      0.150306	      0.149553	
120.500	      0.150306	      0.149553	
121.000	      0.150231	      0.149557	
121.500	      0.150164	      0.149561	
122.000	      0.150104	      0.149566	
122.500	      0.150104	      0.149566	
123.000	      0.150051	       0.14957	
123.500	      0.150002	      0.149574	
124.000	      0.150002	      0.149574	
124.500	      0.149959	      0.149577	
125.000	       0.14992	      0.149581	
125.500	       0.14992	      0.149581	
126.000	      0.149885	      0.149585	
126.500	      0.149854	      0.149589	
127.000	      0.149825	      0.149592	
127.500	      0.149825	      0.149592	
128.000	      0.149799	      0.149595	
128.500	      0.149776	      0.149599	
129.000	      0.149776	      0.149599	
129.500	      0.149756	      0.149602	
130.000	      0.149737	      0.149605	
130.500	       0.14972	      0.149608	
131.000	       0.14972	      0.149608	
131.500	      0.149704	      0.149611	
132.000	      0.149691	      0.149614	
132.500	      0.149691	      0.149614	
133.000	      0.149678	      0.149617	
133.500	      0.149667	       0.14962	
134.000	      0.149657	      0.149623	
134.500	      0.149657	      0.149623	
135.000	      0.149648	      0.149625	
135.500	       0.14964	      0.149628	
136.000	       0.14964	      0.149628	
136.500	      0.149633	       0.14963	
137.000	      0.149627	      0.149633	
137.500	      0.149621	      0.149635	
138.000	      0.149621	      0.149635	
138.500	      0.149617	      0.149637	
139.000	      0.149612	      0.149639	
139.500	      0.149612	      0.149639	
140.000	      0.149609	      0.149641	
140.500	      0.149605	      0.149643	
141.000	      0.149603	      0.149645	
141.500	      0.149603	      0.149645	
142.000	        0.1496	      0.149647	
142.500	      0.149598	      0.149649	
143.000	      0.149598	      0.149649	
143.500	      0.149597	      0.149651	
144.000	      0.149596	      0.149652	
144.500	      0.149595	      0.149654	
145.000	      0.149595	      0.149654	
145.500	      0.149594	      0.149656	
146.000	      0.149594	      0.149657	
146.500	      0.149594	      0.149657	
147.000	      0.149593	      0.149659	
147.500	      0.149593	       0.14966	
148.000	      0.149593	       0.14966	
148.500	      0.149594	      0.149661	
149.000	      0.149594	      0.149662	
149.500	      0.149595	      0.149664	
150.000	      0.149595	      0.149664	
150.500	      0.149595	      0.149665	
151.000	      0.149596	      0.149666	
151.500	      0.149596	      0.149666	
152.000	      0.149597	      0.149667	
152.500	      0.149598	      0.149668	
153.000	        0.1496	      0.149668	
153.500	        0.1496	      0.149668	
154.000	      0.149601	      0.149669	
154.500	      0.149602	       0.14967	
155.000	      0.149602	       0.14967	
155.500	      0.149604	      0.149671	
156.000	      0.149605	      0.149671	
156.500	      0.149607	      0.149672	
157.000	      0.149607	      0.149672	
157.500	      0.149608	      0.149672	
158.000	       0.14961	      0.149673	
158.500	       0.14961	      0.149673	
159.000	      0.149612	      0.149673	
159.500	      0.149613	      0.149673	
160.000	      0.149615	      0.149674	
160.500	      0.149615	      0.149674	
161.000	      0.149617	      0.149674	
161.500	      0.149619	      0.149674	
162.000	      0.149619	      0.149674	
162.500	       0.14962	      0.149674	
163.000	      0.149622	      0.149674	
163.500	      0.149624	      0.149674	
164.000	      0.149624	      0.149674	
164.500	      0.149626	      0.149674	
165.000	      0.149627	      0.149674	
165.500	      0.149627	      0.149674	
166.000	      0.149629	      0.149674	
166.500	      0.149631	      0.149673	
167.000	      0.149633	      0.149673	
167.500	      0.149633	      0.149673	
168.000	      0.149634	      0.149673	
168.500	      0.149636	      0.149672	
169.000	      0.149636	      0.149672	
169.500	      0.149638	      0.149672	
170.000	      0.149639	      0.149671	
170.500	      0.149639	      0.149671	
171.000	      0.149641	      0.149671	
171.500	      0.149643	       0.14967	
172.000	      0.149644	       0.14967	
172.500	      0.149644	       0.14967	
173.000	      0.149646	      0.149669	
173.500	      0.149647	      0.149668	
174.000	      0.149647	      0.149668	
174.500	      0.149649	      0.149667	
175.000	       0.14965	      0.149667	
175.500	      0.149652	      0.149666	
176.000	      0.149652	      0.149666	
176.500	      0.149653	      0.149665	
177.000	      0.149654	      0.149664	
177.500	      0.149654	      0.149664	
178.000	      0.149656	      0.149663	
178.500	      0.149657	      0.149662	
179.000	      0.149658	      0.149661	
179.500	      0.149658	      0.149661	
180.000	      0.149659	      0.149659	
