
TracePro Release: 3 2 0 
Polar Candela Distribution Data for 
Data covers +/- 180.000 degrees from Normal
Data for Missed Rays
Data generated at 09:46:01 June 30, 2025

	   0.0	 180.0
0.000	      0.169226	      0.169226	
0.500	      0.166545	      0.171663	
1.000	      0.166545	      0.171663	
1.500	      0.163588	      0.173884	
2.000	      0.160315	      0.175915	
2.500	       0.15668	      0.177775	
3.000	       0.15668	      0.177775	
3.500	      0.152628	      0.179484	
4.000	      0.148094	      0.181056	
4.500	      0.148094	      0.181056	
5.000	      0.142999	      0.182506	
5.500	      0.137246	      0.183847	
6.000	       0.13072	      0.185087	
6.500	       0.13072	      0.185087	
7.000	      0.123274	      0.186238	
7.500	      0.114731	      0.187307	
8.000	      0.114731	      0.187307	
8.500	      0.104864	      0.188301	
9.000	      0.093386	      0.189227	
9.500	     0.0799286	      0.190092	
10.000	     0.0799286	      0.190092	
10.500	     0.0640113	      0.190899	
11.000	     0.0449985	      0.191654	
11.500	     0.0449985	      0.191654	
12.000	     0.0220355	      0.192361	
12.500	    0.00604899	      0.193023	
13.000	    0.00604899	      0.193023	
13.500	     0.0408947	      0.193645	
14.000	     0.0848539	      0.194228	
14.500	      0.141399	      0.194777	
15.000	      0.141399	      0.194777	
15.500	      0.215827	      0.195293	
16.000	      0.316551	      0.195779	
16.500	      0.316551	      0.195779	
17.000	      0.457583	      0.196236	
17.500	      0.663699	      0.196667	
18.000	      0.982152	      0.197073	
18.500	      0.982152	      0.197073	
19.000	       1.51255	      0.197456	
19.500	       2.49618	      0.197818	
20.000	       2.49618	      0.197818	
20.500	       4.65359	      0.198159	
21.000	        11.076	      0.198481	
21.500	       58.1811	      0.198784	
22.000	       58.1811	      0.198784	
22.500	        596.34	      0.199071	
23.000	       58.1805	      0.199341	
23.500	       58.1805	      0.199341	
24.000	       11.0747	      0.199595	
24.500	       4.65168	      0.199835	
25.000	       2.49361	      0.200061	
25.500	       2.49361	      0.200061	
26.000	        1.5093	      0.200273	
26.500	        0.9782	      0.200472	
27.000	        0.9782	      0.200472	
27.500	      0.659007	      0.200659	
28.000	       0.45211	      0.200834	
28.500	      0.310249	      0.200996	
29.000	      0.310249	      0.200996	
29.500	      0.208639	      0.201148	
30.000	      0.133255	      0.201288	
30.500	      0.133255	      0.201288	
31.000	     0.0756728	      0.201418	
31.500	     0.0305803	      0.201536	
32.000	    0.00551248	      0.201644	
32.500	    0.00551248	      0.201644	
33.000	     0.0349791	      0.201741	
33.500	      0.059485	      0.201828	
34.000	      0.059485	      0.201828	
34.500	      0.080233	      0.201904	
35.000	     0.0981169	      0.201969	
35.500	     0.0981169	      0.201969	
36.000	      0.113821	      0.202023	
36.500	      0.127889	      0.202066	
37.000	      0.140768	      0.202098	
37.500	      0.140768	      0.202098	
38.000	      0.152849	      0.202118	
38.500	      0.164495	      0.202125	
39.000	      0.164495	      0.202125	
39.500	      0.176069	      0.202119	
40.000	      0.187969	      0.202099	
40.500	      0.200663	      0.202065	
41.000	      0.200663	      0.202065	
41.500	      0.214755	      0.202015	
42.000	       0.23107	      0.201948	
42.500	       0.23107	      0.201948	
43.000	      0.250813	      0.201864	
43.500	      0.275847	      0.201759	
44.000	      0.309234	      0.201633	
44.500	      0.309234	      0.201633	
45.000	      0.356339	      0.201483	
45.500	      0.427357	      0.201306	
46.000	      0.427357	      0.201306	
46.500	      0.543735	        0.2011	
47.000	      0.757383	       0.20086	
47.500	       1.22326	      0.200583	
48.000	       1.22326	      0.200583	
48.500	       2.60609	      0.200264	
49.000	       12.7368	      0.199895	
49.500	       12.7368	      0.199895	
50.000	       128.004	      0.199469	
50.500	       12.7397	      0.198978	
51.000	        2.6119	       0.19841	
51.500	        2.6119	       0.19841	
52.000	       1.23203	      0.197752	
52.500	       0.76919	      0.196985	
53.000	       0.76919	      0.196985	
53.500	      0.558672	      0.196089	
54.000	      0.445547	      0.195036	
54.500	      0.377937	      0.193789	
55.000	      0.377937	      0.193789	
55.500	      0.334428	      0.192304	
56.000	      0.304864	      0.190519	
56.500	      0.304864	      0.190519	
57.000	      0.283921	      0.188352	
57.500	       0.26859	       0.18569	
58.000	       0.26859	       0.18569	
58.500	      0.257065	      0.182375	
59.000	       0.24821	      0.178181	
59.500	      0.241281	      0.172774	
60.000	      0.241281	      0.172774	
60.500	      0.235774	      0.165644	
61.000	       0.23134	      0.155981	
61.500	       0.23134	      0.155981	
62.000	      0.227729	      0.142437	
62.500	      0.224758	      0.122628	
63.000	      0.222293	     0.0920057	
63.500	      0.222293	     0.0920057	
64.000	      0.220231	     0.0409861	
64.500	      0.218496	     0.0536511	
65.000	      0.218496	     0.0536511	
65.500	      0.217027	      0.261245	
66.000	      0.215775	      0.879263	
66.500	      0.214705	       5.41222	
67.000	      0.214705	       5.41222	
67.500	      0.213785	       57.5729	
68.000	      0.212992	       5.41215	
68.500	      0.212992	       5.41215	
69.000	      0.212306	       0.87912	
69.500	      0.211711	       0.26103	
70.000	      0.211193	     0.0533637	
70.500	      0.211193	     0.0533637	
71.000	      0.210741	     0.0413458	
71.500	      0.210346	      0.092438	
72.000	      0.210346	      0.092438	
72.500	      0.210001	      0.123133	
73.000	      0.209698	      0.143016	
73.500	      0.209432	      0.156633	
74.000	      0.209432	      0.156633	
74.500	      0.209198	       0.16637	
75.000	      0.208993	      0.173576	
75.500	      0.208993	      0.173576	
76.000	      0.208812	      0.179058	
76.500	      0.208654	      0.183328	
77.000	      0.208514	       0.18672	
77.500	      0.208514	       0.18672	
78.000	      0.208392	       0.18946	
78.500	      0.208284	      0.191706	
79.000	      0.208284	      0.191706	
79.500	       0.20819	      0.193571	
80.000	      0.208107	      0.195137	
80.500	      0.208107	      0.195137	
81.000	      0.208035	      0.196465	
81.500	      0.207972	      0.197601	
82.000	      0.207917	      0.198582	
82.500	      0.207917	      0.198582	
83.000	       0.20787	      0.199434	
83.500	      0.207829	       0.20018	
84.000	      0.207829	       0.20018	
84.500	      0.207795	      0.200836	
85.000	      0.207765	      0.201418	
85.500	       0.20774	      0.201935	
86.000	       0.20774	      0.201935	
86.500	       0.20772	      0.202397	
87.000	      0.207703	      0.202813	
87.500	      0.207703	      0.202813	
88.000	      0.207689	      0.203188	
88.500	      0.207679	      0.203527	
89.000	      0.207671	      0.203835	
89.500	      0.207671	      0.203835	
90.000	      0.207666	      0.204116	
90.500	      0.207663	      0.204373	
91.000	      0.207663	      0.204373	
91.500	      0.207661	      0.204609	
92.000	      0.207662	      0.204826	
92.500	      0.207664	      0.205026	
93.000	      0.207664	      0.205026	
93.500	      0.207667	      0.205211	
94.000	      0.207671	      0.205383	
94.500	      0.207671	      0.205383	
95.000	      0.207677	      0.205542	
95.500	      0.207684	       0.20569	
96.000	      0.207691	      0.205828	
96.500	      0.207691	      0.205828	
97.000	      0.207699	      0.205957	
97.500	      0.207708	      0.206078	
98.000	      0.207708	      0.206078	
98.500	      0.207717	      0.206192	
99.000	      0.207727	      0.206298	
99.500	      0.207737	      0.206398	
100.000	      0.207737	      0.206398	
100.500	      0.207747	      0.206492	
101.000	      0.207758	      0.206581	
101.500	      0.207758	      0.206581	
102.000	      0.207769	      0.206665	
102.500	       0.20778	      0.206745	
103.000	       0.20778	      0.206745	
103.500	      0.207791	       0.20682	
104.000	      0.207802	      0.206892	
104.500	      0.207814	      0.206959	
105.000	      0.207814	      0.206959	
105.500	      0.207825	      0.207024	
106.000	      0.207836	      0.207085	
106.500	      0.207836	      0.207085	
107.000	      0.207848	      0.207143	
107.500	      0.207859	      0.207199	
108.000	       0.20787	      0.207251	
108.500	       0.20787	      0.207251	
109.000	      0.207881	      0.207302	
109.500	      0.207892	       0.20735	
110.000	      0.207892	       0.20735	
110.500	      0.207902	      0.207396	
111.000	      0.207913	       0.20744	
111.500	      0.207923	      0.207483	
112.000	      0.207923	      0.207483	
112.500	      0.207933	      0.207523	
113.000	      0.207942	      0.207562	
113.500	      0.207942	      0.207562	
114.000	      0.207952	      0.207599	
114.500	      0.207961	      0.207635	
115.000	       0.20797	      0.207669	
115.500	       0.20797	      0.207669	
116.000	      0.207978	      0.207702	
116.500	      0.207986	      0.207734	
117.000	      0.207986	      0.207734	
117.500	      0.207994	      0.207764	
118.000	      0.208001	      0.207793	
118.500	      0.208008	      0.207821	
119.000	      0.208008	      0.207821	
119.500	      0.208014	      0.207849	
120.000	       0.20802	      0.207875	
120.500	       0.20802	      0.207875	
121.000	      0.208026	        0.2079	
121.500	      0.208031	      0.207924	
122.000	      0.208035	      0.207947	
122.500	      0.208035	      0.207947	
123.000	      0.208039	       0.20797	
123.500	      0.208042	      0.207991	
124.000	      0.208042	      0.207991	
124.500	      0.208045	      0.208012	
125.000	      0.208047	      0.208032	
125.500	      0.208047	      0.208032	
126.000	      0.208048	      0.208052	
126.500	      0.208049	       0.20807	
127.000	      0.208048	      0.208088	
127.500	      0.208048	      0.208088	
128.000	      0.208047	      0.208106	
128.500	      0.208045	      0.208123	
129.000	      0.208045	      0.208123	
129.500	      0.208042	      0.208139	
130.000	      0.208038	      0.208154	
130.500	      0.208032	      0.208169	
131.000	      0.208032	      0.208169	
131.500	      0.208026	      0.208184	
132.000	      0.208018	      0.208198	
132.500	      0.208018	      0.208198	
133.000	      0.208009	      0.208211	
133.500	      0.207998	      0.208224	
134.000	      0.207986	      0.208237	
134.500	      0.207986	      0.208237	
135.000	      0.207971	      0.208249	
135.500	      0.207955	       0.20826	
136.000	      0.207955	       0.20826	
136.500	      0.207936	      0.208271	
137.000	      0.207915	      0.208282	
137.500	      0.207891	      0.208292	
138.000	      0.207891	      0.208292	
138.500	      0.207864	      0.208301	
139.000	      0.207833	      0.208311	
139.500	      0.207833	      0.208311	
140.000	      0.207799	       0.20832	
140.500	       0.20776	      0.208328	
141.000	      0.207716	      0.208336	
141.500	      0.207716	      0.208336	
142.000	      0.207666	      0.208344	
142.500	      0.207609	      0.208351	
143.000	      0.207609	      0.208351	
143.500	      0.207545	      0.208358	
144.000	      0.207473	      0.208364	
144.500	       0.20739	       0.20837	
145.000	       0.20739	       0.20837	
145.500	      0.207294	      0.208376	
146.000	      0.207185	      0.208381	
146.500	      0.207185	      0.208381	
147.000	      0.207058	      0.208386	
147.500	      0.206911	      0.208391	
148.000	      0.206911	      0.208391	
148.500	      0.206739	      0.208395	
149.000	      0.206537	      0.208399	
149.500	      0.206296	      0.208402	
150.000	      0.206296	      0.208402	
150.500	      0.206008	      0.208405	
151.000	      0.205659	      0.208408	
151.500	      0.205659	      0.208408	
152.000	      0.205231	       0.20841	
152.500	      0.204698	      0.208411	
153.000	      0.204026	      0.208413	
153.500	      0.204026	      0.208413	
154.000	       0.20316	      0.208414	
154.500	       0.20202	      0.208414	
155.000	       0.20202	      0.208414	
155.500	      0.200475	      0.208414	
156.000	      0.198311	      0.208413	
156.500	      0.195148	      0.208412	
157.000	      0.195148	      0.208412	
157.500	      0.190259	      0.208411	
158.000	      0.182116	      0.208409	
158.500	      0.182116	      0.208409	
159.000	      0.167014	      0.208406	
159.500	       0.13389	      0.208403	
160.000	     0.0352838	      0.208399	
160.500	     0.0352838	      0.208399	
161.000	      0.687947	      0.208394	
161.500	       9.36124	      0.208389	
162.000	       9.36124	      0.208389	
162.500	      0.687941	      0.208383	
163.000	     0.0352963	      0.208377	
163.500	      0.133909	       0.20837	
164.000	      0.133909	       0.20837	
164.500	      0.167039	      0.208361	
165.000	      0.182148	      0.208352	
165.500	      0.182148	      0.208352	
166.000	      0.190297	      0.208342	
166.500	      0.195191	      0.208331	
167.000	      0.198361	      0.208319	
167.500	      0.198361	      0.208319	
168.000	      0.200531	      0.208305	
168.500	      0.202082	      0.208291	
169.000	      0.202082	      0.208291	
169.500	      0.203229	      0.208274	
170.000	      0.204101	      0.208257	
170.500	      0.204101	      0.208257	
171.000	       0.20478	      0.208237	
171.500	      0.205318	      0.208216	
172.000	      0.205753	      0.208193	
172.500	      0.205753	      0.208193	
173.000	      0.206108	      0.208167	
173.500	      0.206403	      0.208139	
174.000	      0.206403	      0.208139	
174.500	       0.20665	      0.208109	
175.000	      0.206859	      0.208075	
175.500	      0.207037	      0.208037	
176.000	      0.207037	      0.208037	
176.500	      0.207191	      0.207996	
177.000	      0.207324	      0.207951	
177.500	      0.207324	      0.207951	
178.000	       0.20744	        0.2079	
178.500	      0.207541	      0.207844	
179.000	      0.207631	      0.207781	
179.500	      0.207631	      0.207781	
180.000	       0.20771	       0.20771	
