
TracePro Release: 3 2 0 
Polar Candela Distribution Data for 
Data covers +/- 180.000 degrees from Normal
Data for Missed Rays
Data generated at 09:46:00 June 30, 2025

	   0.0	 180.0
0.000	      0.314294	      0.314294	
0.500	      0.314097	      0.314484	
1.000	      0.314097	      0.314484	
1.500	      0.313893	      0.314666	
2.000	       0.31368	      0.314842	
2.500	      0.313458	      0.315011	
3.000	      0.313458	      0.315011	
3.500	      0.313227	      0.315175	
4.000	      0.312987	      0.315332	
4.500	      0.312987	      0.315332	
5.000	      0.312737	      0.315484	
5.500	      0.312475	      0.315631	
6.000	      0.312203	      0.315773	
6.500	      0.312203	      0.315773	
7.000	      0.311918	       0.31591	
7.500	      0.311621	      0.316042	
8.000	      0.311621	      0.316042	
8.500	       0.31131	       0.31617	
9.000	      0.310984	      0.316294	
9.500	      0.310644	      0.316413	
10.000	      0.310644	      0.316413	
10.500	      0.310287	      0.316529	
11.000	      0.309913	      0.316641	
11.500	      0.309913	      0.316641	
12.000	       0.30952	       0.31675	
12.500	      0.309108	      0.316855	
13.000	      0.309108	      0.316855	
13.500	      0.308674	      0.316957	
14.000	      0.308219	      0.317056	
14.500	      0.307739	      0.317152	
15.000	      0.307739	      0.317152	
15.500	      0.307233	      0.317245	
16.000	        0.3067	      0.317335	
16.500	        0.3067	      0.317335	
17.000	      0.306137	      0.317422	
17.500	      0.305542	      0.317507	
18.000	      0.304913	       0.31759	
18.500	      0.304913	       0.31759	
19.000	      0.304246	       0.31767	
19.500	      0.303539	      0.317748	
20.000	      0.303539	      0.317748	
20.500	      0.302789	      0.317823	
21.000	      0.301992	      0.317897	
21.500	      0.301143	      0.317968	
22.000	      0.301143	      0.317968	
22.500	      0.300239	      0.318037	
23.000	      0.299274	      0.318105	
23.500	      0.299274	      0.318105	
24.000	      0.298243	      0.318171	
24.500	       0.29714	      0.318235	
25.000	      0.295957	      0.318297	
25.500	      0.295957	      0.318297	
26.000	      0.294687	      0.318357	
26.500	      0.293321	      0.318416	
27.000	      0.293321	      0.318416	
27.500	      0.291848	      0.318473	
28.000	      0.290259	      0.318529	
28.500	      0.288539	      0.318584	
29.000	      0.288539	      0.318584	
29.500	      0.286675	      0.318637	
30.000	      0.284649	      0.318688	
30.500	      0.284649	      0.318688	
31.000	      0.282443	      0.318739	
31.500	      0.280033	      0.318788	
32.000	      0.277394	      0.318835	
32.500	      0.277394	      0.318835	
33.000	      0.274497	      0.318882	
33.500	      0.271306	      0.318927	
34.000	      0.271306	      0.318927	
34.500	       0.26778	      0.318971	
35.000	       0.26387	      0.319015	
35.500	       0.26387	      0.319015	
36.000	      0.259519	      0.319057	
36.500	      0.254657	      0.319098	
37.000	        0.2492	      0.319138	
37.500	        0.2492	      0.319138	
38.000	      0.243049	      0.319177	
38.500	      0.236078	      0.319215	
39.000	      0.236078	      0.319215	
39.500	      0.228137	      0.319252	
40.000	      0.219035	      0.319289	
40.500	      0.208535	      0.319324	
41.000	      0.208535	      0.319324	
41.500	      0.196334	      0.319359	
42.000	      0.182044	      0.319392	
42.500	      0.182044	      0.319392	
43.000	      0.165159	      0.319425	
43.500	      0.145009	      0.319458	
44.000	      0.120694	      0.319489	
44.500	      0.120694	      0.319489	
45.000	     0.0909803	       0.31952	
45.500	     0.0541414	       0.31955	
46.000	     0.0541414	       0.31955	
46.500	    0.00770017	      0.319579	
47.000	     0.0519989	      0.319608	
47.500	      0.130534	      0.319635	
48.000	      0.130534	      0.319635	
48.500	      0.236761	      0.319663	
49.000	      0.385433	      0.319689	
49.500	      0.385433	      0.319689	
50.000	      0.602632	      0.319715	
50.500	      0.938105	      0.319741	
51.000	       1.49671	      0.319766	
51.500	       1.49671	      0.319766	
52.000	       2.53245	       0.31979	
52.500	       4.80388	      0.319813	
53.000	       4.80388	      0.319813	
53.500	       11.5651	      0.319837	
54.000	       61.1539	      0.319859	
54.500	       627.871	      0.319881	
55.000	       627.871	      0.319881	
55.500	       61.1539	      0.319903	
56.000	       11.5652	      0.319924	
56.500	       11.5652	      0.319924	
57.000	       4.80402	      0.319944	
57.500	       2.53265	      0.319964	
58.000	       2.53265	      0.319964	
58.500	       1.49695	      0.319984	
59.000	        0.9384	      0.320003	
59.500	      0.602978	      0.320022	
60.000	      0.602978	      0.320022	
60.500	      0.385828	       0.32004	
61.000	      0.237207	      0.320058	
61.500	      0.237207	      0.320058	
62.000	      0.131032	      0.320075	
62.500	     0.0525486	      0.320092	
63.000	    0.00709788	      0.320108	
63.500	    0.00709788	      0.320108	
64.000	     0.0534858	      0.320125	
64.500	     0.0902707	       0.32014	
65.000	     0.0902707	       0.32014	
65.500	      0.119929	      0.320156	
66.000	      0.144189	      0.320171	
66.500	      0.164282	      0.320185	
67.000	      0.164282	      0.320185	
67.500	      0.181109	      0.320199	
68.000	       0.19534	      0.320213	
68.500	       0.19534	      0.320213	
69.000	       0.20748	      0.320227	
69.500	      0.217919	       0.32024	
70.000	      0.226958	      0.320253	
70.500	      0.226958	      0.320253	
71.000	      0.234835	      0.320265	
71.500	      0.241739	      0.320277	
72.000	      0.241739	      0.320277	
72.500	      0.247823	      0.320289	
73.000	      0.253209	      0.320301	
73.500	         0.258	      0.320312	
74.000	         0.258	      0.320312	
74.500	      0.262278	      0.320323	
75.000	      0.266111	      0.320333	
75.500	      0.266111	      0.320333	
76.000	      0.269559	      0.320344	
76.500	      0.272669	      0.320354	
77.000	      0.275483	      0.320363	
77.500	      0.275483	      0.320363	
78.000	      0.278035	      0.320373	
78.500	      0.280355	      0.320382	
79.000	      0.280355	      0.320382	
79.500	      0.282469	      0.320391	
80.000	      0.284399	      0.320399	
80.500	      0.284399	      0.320399	
81.000	      0.286164	      0.320407	
81.500	      0.287779	      0.320415	
82.000	      0.289261	      0.320423	
82.500	      0.289261	      0.320423	
83.000	       0.29062	      0.320431	
83.500	      0.291869	      0.320438	
84.000	      0.291869	      0.320438	
84.500	      0.293017	      0.320445	
85.000	      0.294072	      0.320451	
85.500	      0.295042	      0.320458	
86.000	      0.295042	      0.320458	
86.500	      0.295933	      0.320464	
87.000	      0.296751	       0.32047	
87.500	      0.296751	       0.32047	
88.000	      0.297502	      0.320475	
88.500	      0.298188	      0.320481	
89.000	      0.298816	      0.320486	
89.500	      0.298816	      0.320486	
90.000	      0.299387	      0.320491	
90.500	      0.299905	      0.320496	
91.000	      0.299905	      0.320496	
91.500	      0.300373	        0.3205	
92.000	      0.300792	      0.320504	
92.500	      0.301164	      0.320508	
93.000	      0.301164	      0.320508	
93.500	      0.301492	      0.320512	
94.000	      0.301775	      0.320515	
94.500	      0.301775	      0.320515	
95.000	      0.302015	      0.320519	
95.500	      0.302212	      0.320522	
96.000	      0.302366	      0.320524	
96.500	      0.302366	      0.320524	
97.000	      0.302478	      0.320527	
97.500	      0.302546	      0.320529	
98.000	      0.302546	      0.320529	
98.500	      0.302571	      0.320531	
99.000	       0.30255	      0.320533	
99.500	      0.302483	      0.320535	
100.000	      0.302483	      0.320535	
100.500	      0.302367	      0.320536	
101.000	      0.302199	      0.320537	
101.500	      0.302199	      0.320537	
102.000	      0.301978	      0.320538	
102.500	      0.301698	      0.320539	
103.000	      0.301698	      0.320539	
103.500	      0.301355	      0.320539	
104.000	      0.300945	       0.32054	
104.500	      0.300461	       0.32054	
105.000	      0.300461	       0.32054	
105.500	      0.299896	      0.320539	
106.000	      0.299241	      0.320539	
106.500	      0.299241	      0.320539	
107.000	      0.298486	      0.320538	
107.500	      0.297619	      0.320537	
108.000	      0.296624	      0.320536	
108.500	      0.296624	      0.320536	
109.000	      0.295486	      0.320535	
109.500	      0.294182	      0.320533	
110.000	      0.294182	      0.320533	
110.500	      0.292687	      0.320531	
111.000	      0.290971	      0.320529	
111.500	      0.288996	      0.320527	
112.000	      0.288996	      0.320527	
112.500	      0.286715	      0.320524	
113.000	      0.284069	      0.320522	
113.500	      0.284069	      0.320522	
114.000	      0.280987	      0.320519	
114.500	      0.277374	      0.320515	
115.000	      0.273112	      0.320512	
115.500	      0.273112	      0.320512	
116.000	      0.268044	      0.320508	
116.500	      0.261963	      0.320504	
117.000	      0.261963	      0.320504	
117.500	      0.254592	        0.3205	
118.000	      0.245551	      0.320495	
118.500	      0.234307	       0.32049	
119.000	      0.234307	       0.32049	
119.500	      0.220096	      0.320485	
120.000	      0.201788	       0.32048	
120.500	      0.201788	       0.32048	
121.000	      0.177664	      0.320474	
121.500	      0.144989	      0.320468	
122.000	      0.099211	      0.320462	
122.500	      0.099211	      0.320462	
123.000	     0.0322791	      0.320456	
123.500	     0.0711599	      0.320449	
124.000	     0.0711599	      0.320449	
124.500	       0.24347	      0.320442	
125.000	      0.563049	      0.320435	
125.500	      0.563049	      0.320435	
126.000	       1.26402	      0.320428	
126.500	       3.35075	       0.32042	
127.000	        18.656	      0.320412	
127.500	        18.656	      0.320412	
128.000	       194.008	      0.320403	
128.500	       18.6558	      0.320394	
129.000	       18.6558	      0.320394	
129.500	       3.35043	      0.320385	
130.000	       1.26354	      0.320376	
130.500	      0.562414	      0.320366	
131.000	      0.562414	      0.320366	
131.500	      0.242674	      0.320356	
132.000	     0.0702039	      0.320346	
132.500	     0.0702039	      0.320346	
133.000	     0.0333972	      0.320335	
133.500	      0.100492	      0.320324	
134.000	      0.146435	      0.320313	
134.500	      0.146435	      0.320313	
135.000	      0.179277	      0.320301	
135.500	      0.203569	      0.320289	
136.000	      0.203569	      0.320289	
136.500	      0.222047	      0.320276	
137.000	      0.236431	      0.320264	
137.500	      0.247851	       0.32025	
138.000	      0.247851	       0.32025	
138.500	       0.25707	      0.320237	
139.000	      0.264621	      0.320223	
139.500	      0.264621	      0.320223	
140.000	      0.270886	      0.320208	
140.500	      0.276142	      0.320193	
141.000	      0.280595	      0.320178	
141.500	      0.280595	      0.320178	
142.000	      0.284403	      0.320162	
142.500	      0.287685	      0.320146	
143.000	      0.287685	      0.320146	
143.500	      0.290534	      0.320129	
144.000	      0.293024	      0.320112	
144.500	      0.295214	      0.320094	
145.000	      0.295214	      0.320094	
145.500	       0.29715	      0.320076	
146.000	       0.29887	      0.320057	
146.500	       0.29887	      0.320057	
147.000	      0.300406	      0.320038	
147.500	      0.301784	      0.320018	
148.000	      0.301784	      0.320018	
148.500	      0.303025	      0.319998	
149.000	      0.304146	      0.319977	
149.500	      0.305163	      0.319956	
150.000	      0.305163	      0.319956	
150.500	      0.306089	      0.319934	
151.000	      0.306934	      0.319911	
151.500	      0.306934	      0.319911	
152.000	      0.307708	      0.319888	
152.500	      0.308418	      0.319864	
153.000	      0.309072	      0.319839	
153.500	      0.309072	      0.319839	
154.000	      0.309675	      0.319814	
154.500	      0.310234	      0.319788	
155.000	      0.310234	      0.319788	
155.500	      0.310751	      0.319761	
156.000	      0.311231	      0.319733	
156.500	      0.311679	      0.319705	
157.000	      0.311679	      0.319705	
157.500	      0.312096	      0.319676	
158.000	      0.312485	      0.319646	
158.500	      0.312485	      0.319646	
159.000	       0.31285	      0.319615	
159.500	      0.313191	      0.319583	
160.000	      0.313512	       0.31955	
160.500	      0.313512	       0.31955	
161.000	      0.313814	      0.319517	
161.500	      0.314097	      0.319482	
162.000	      0.314097	      0.319482	
162.500	      0.314365	      0.319446	
163.000	      0.314617	       0.31941	
163.500	      0.314856	      0.319372	
164.000	      0.314856	      0.319372	
164.500	      0.315082	      0.319333	
165.000	      0.315296	      0.319293	
165.500	      0.315296	      0.319293	
166.000	      0.315499	      0.319251	
166.500	      0.315691	      0.319208	
167.000	      0.315874	      0.319164	
167.500	      0.315874	      0.319164	
168.000	      0.316048	      0.319119	
168.500	      0.316214	      0.319072	
169.000	      0.316214	      0.319072	
169.500	      0.316372	      0.319024	
170.000	      0.316522	      0.318974	
170.500	      0.316522	      0.318974	
171.000	      0.316666	      0.318923	
171.500	      0.316804	      0.318869	
172.000	      0.316935	      0.318814	
172.500	      0.316935	      0.318814	
173.000	      0.317061	      0.318758	
173.500	      0.317181	      0.318699	
174.000	      0.317181	      0.318699	
174.500	      0.317296	      0.318638	
175.000	      0.317407	      0.318575	
175.500	      0.317513	       0.31851	
176.000	      0.317513	       0.31851	
176.500	      0.317615	      0.318443	
177.000	      0.317712	      0.318373	
177.500	      0.317712	      0.318373	
178.000	      0.317806	      0.318301	
178.500	      0.317897	      0.318226	
179.000	      0.317984	      0.318148	
179.500	      0.317984	      0.318148	
180.000	      0.318068	      0.318068	
