
TracePro Release: 3 2 0 
Polar Candela Distribution Data for 
Data covers +/- 180.000 degrees from Normal
Data for Missed Rays
Data generated at 09:45:53 June 25, 2025

	   0.0	 180.0
0.000	      0.276603	      0.276603	
0.500	      0.276563	      0.276642	
1.000	      0.276563	      0.276642	
1.500	      0.276522	       0.27668	
2.000	       0.27648	      0.276718	
2.500	      0.276437	      0.276754	
3.000	      0.276437	      0.276754	
3.500	      0.276393	       0.27679	
4.000	      0.276348	      0.276824	
4.500	      0.276348	      0.276824	
5.000	      0.276302	      0.276858	
5.500	      0.276255	      0.276892	
6.000	      0.276206	      0.276924	
6.500	      0.276206	      0.276924	
7.000	      0.276156	      0.276956	
7.500	      0.276105	      0.276987	
8.000	      0.276105	      0.276987	
8.500	      0.276053	      0.277017	
9.000	         0.276	      0.277047	
9.500	      0.275945	      0.277076	
10.000	      0.275945	      0.277076	
10.500	      0.275888	      0.277104	
11.000	       0.27583	      0.277132	
11.500	       0.27583	      0.277132	
12.000	      0.275771	      0.277159	
12.500	       0.27571	      0.277186	
13.000	       0.27571	      0.277186	
13.500	      0.275647	      0.277212	
14.000	      0.275583	      0.277237	
14.500	      0.275517	      0.277262	
15.000	      0.275517	      0.277262	
15.500	      0.275449	      0.277287	
16.000	      0.275379	      0.277311	
16.500	      0.275379	      0.277311	
17.000	      0.275307	      0.277334	
17.500	      0.275233	      0.277357	
18.000	      0.275158	      0.277379	
18.500	      0.275158	      0.277379	
19.000	       0.27508	      0.277401	
19.500	      0.274999	      0.277422	
20.000	      0.274999	      0.277422	
20.500	      0.274917	      0.277443	
21.000	      0.274832	      0.277464	
21.500	      0.274744	      0.277484	
22.000	      0.274744	      0.277484	
22.500	      0.274654	      0.277504	
23.000	      0.274561	      0.277523	
23.500	      0.274561	      0.277523	
24.000	      0.274466	      0.277542	
24.500	      0.274367	       0.27756	
25.000	      0.274266	      0.277578	
25.500	      0.274266	      0.277578	
26.000	      0.274161	      0.277596	
26.500	      0.274053	      0.277613	
27.000	      0.274053	      0.277613	
27.500	      0.273941	       0.27763	
28.000	      0.273826	      0.277647	
28.500	      0.273707	      0.277663	
29.000	      0.273707	      0.277663	
29.500	      0.273584	      0.277679	
30.000	      0.273458	      0.277694	
30.500	      0.273458	      0.277694	
31.000	      0.273326	       0.27771	
31.500	      0.273191	      0.277725	
32.000	      0.273051	      0.277739	
32.500	      0.273051	      0.277739	
33.000	      0.272906	      0.277753	
33.500	      0.272756	      0.277767	
34.000	      0.272756	      0.277767	
34.500	        0.2726	      0.277781	
35.000	      0.272439	      0.277795	
35.500	      0.272439	      0.277795	
36.000	      0.272272	      0.277808	
36.500	      0.272099	       0.27782	
37.000	       0.27192	      0.277833	
37.500	       0.27192	      0.277833	
38.000	      0.271734	      0.277845	
38.500	       0.27154	      0.277857	
39.000	       0.27154	      0.277857	
39.500	       0.27134	      0.277869	
40.000	      0.271131	       0.27788	
40.500	      0.270914	      0.277892	
41.000	      0.270914	      0.277892	
41.500	      0.270689	      0.277903	
42.000	      0.270454	      0.277913	
42.500	      0.270454	      0.277913	
43.000	       0.27021	      0.277924	
43.500	      0.269955	      0.277934	
44.000	      0.269689	      0.277944	
44.500	      0.269689	      0.277944	
45.000	      0.269413	      0.277954	
45.500	      0.269124	      0.277963	
46.000	      0.269124	      0.277963	
46.500	      0.268822	      0.277973	
47.000	      0.268507	      0.277982	
47.500	      0.268177	       0.27799	
48.000	      0.268177	       0.27799	
48.500	      0.267832	      0.277999	
49.000	       0.26747	      0.278008	
49.500	       0.26747	      0.278008	
50.000	      0.267091	      0.278016	
50.500	      0.266694	      0.278024	
51.000	      0.266277	      0.278032	
51.500	      0.266277	      0.278032	
52.000	      0.265839	      0.278039	
52.500	      0.265378	      0.278047	
53.000	      0.265378	      0.278047	
53.500	      0.264893	      0.278054	
54.000	      0.264383	      0.278061	
54.500	      0.263844	      0.278068	
55.000	      0.263844	      0.278068	
55.500	      0.263275	      0.278074	
56.000	      0.262674	      0.278081	
56.500	      0.262674	      0.278081	
57.000	      0.262038	      0.278087	
57.500	      0.261365	      0.278093	
58.000	      0.261365	      0.278093	
58.500	       0.26065	      0.278099	
59.000	      0.259891	      0.278105	
59.500	      0.259083	       0.27811	
60.000	      0.259083	       0.27811	
60.500	      0.258223	      0.278116	
61.000	      0.257304	      0.278121	
61.500	      0.257304	      0.278121	
62.000	      0.256322	      0.278126	
62.500	       0.25527	      0.278131	
63.000	      0.254139	      0.278136	
63.500	      0.254139	      0.278136	
64.000	      0.252923	       0.27814	
64.500	       0.25161	      0.278145	
65.000	       0.25161	      0.278145	
65.500	      0.250187	      0.278149	
66.000	      0.248642	      0.278153	
66.500	      0.246955	      0.278157	
67.000	      0.246955	      0.278157	
67.500	      0.245106	      0.278161	
68.000	      0.243065	      0.278164	
68.500	      0.243065	      0.278164	
69.000	      0.240798	      0.278167	
69.500	      0.238254	      0.278171	
70.000	      0.235366	      0.278174	
70.500	      0.235366	      0.278174	
71.000	      0.232033	      0.278177	
71.500	      0.228099	       0.27818	
72.000	      0.228099	       0.27818	
72.500	      0.223304	      0.278182	
73.000	      0.217176	      0.278185	
73.500	      0.208746	      0.278187	
74.000	      0.208746	      0.278187	
74.500	      0.195717	      0.278189	
75.000	      0.171216	      0.278191	
75.500	      0.171216	      0.278191	
76.000	       0.10503	      0.278193	
76.500	      0.384618	      0.278195	
77.000	       7.21624	      0.278196	
77.500	       7.21624	      0.278196	
78.000	       7.01624	      0.278198	
78.500	       10.2275	      0.278199	
79.000	       10.2275	      0.278199	
79.500	       7.91624	        0.2782	
80.000	       9.68007	      0.278201	
80.500	       9.68007	      0.278201	
81.000	       10.2754	      0.278202	
81.500	       8.93119	      0.278203	
82.000	       8.43068	      0.278204	
82.500	       8.43068	      0.278204	
83.000	       6.74199	      0.278204	
83.500	       4.12324	      0.278204	
84.000	       4.12324	      0.278204	
84.500	       5.44718	      0.278204	
85.000	       3.18265	      0.278204	
85.500	       3.61944	      0.278204	
86.000	       3.61944	      0.278204	
86.500	        3.2766	      0.278204	
87.000	       5.18421	      0.278203	
87.500	       5.18421	      0.278203	
88.000	       3.61653	      0.278203	
88.500	       5.75439	      0.278202	
89.000	       1.78207	      0.278201	
89.500	       1.78207	      0.278201	
90.000	      0.363284	        0.2782	
90.500	        1.7269	      0.278199	
91.000	        1.7269	      0.278199	
91.500	     0.0489775	      0.278198	
92.000	       4.52877	      0.278196	
92.500	      0.995856	      0.278195	
93.000	      0.995856	      0.278195	
93.500	       9.77474	      0.278193	
94.000	       12.4235	      0.278191	
94.500	       12.4235	      0.278191	
95.000	       70.8375	      0.278189	
95.500	       702.157	      0.278187	
96.000	       68.3967	      0.278184	
96.500	       68.3967	      0.278184	
97.000	       12.9856	      0.278182	
97.500	       5.43721	      0.278179	
98.000	       5.43721	      0.278179	
98.500	       2.90284	      0.278176	
99.000	       1.74767	      0.278173	
99.500	       1.12483	       0.27817	
100.000	       1.12483	       0.27817	
100.500	       0.75085	      0.278167	
101.000	      0.508746	      0.278163	
101.500	      0.508746	      0.278163	
102.000	      0.343037	       0.27816	
102.500	      0.224639	      0.278156	
103.000	      0.224639	      0.278156	
103.500	      0.137106	      0.278152	
104.000	     0.0705655	      0.278148	
104.500	     0.0188002	      0.278144	
105.000	     0.0188002	      0.278144	
105.500	     0.0222638	      0.278139	
106.000	     0.0553871	      0.278135	
106.500	     0.0553871	      0.278135	
107.000	     0.0824935	       0.27813	
107.500	      0.104958	      0.278125	
108.000	      0.123783	       0.27812	
108.500	      0.123783	       0.27812	
109.000	      0.139716	      0.278115	
109.500	      0.153319	      0.278109	
110.000	      0.153319	      0.278109	
110.500	      0.165027	      0.278104	
111.000	      0.175176	      0.278098	
111.500	       0.18403	      0.278092	
112.000	       0.18403	      0.278092	
112.500	      0.191802	      0.278086	
113.000	      0.198661	      0.278079	
113.500	      0.198661	      0.278079	
114.000	      0.204745	      0.278073	
114.500	      0.210166	      0.278066	
115.000	      0.215017	      0.278059	
115.500	      0.215017	      0.278059	
116.000	      0.219376	      0.278052	
116.500	      0.223306	      0.278045	
117.000	      0.223306	      0.278045	
117.500	      0.226863	      0.278038	
118.000	      0.230092	       0.27803	
118.500	      0.233032	      0.278022	
119.000	      0.233032	      0.278022	
119.500	      0.235717	      0.278014	
120.000	      0.238176	      0.278006	
120.500	      0.238176	      0.278006	
121.000	      0.240433	      0.277997	
121.500	      0.242509	      0.277988	
122.000	      0.244424	       0.27798	
122.500	      0.244424	       0.27798	
123.000	      0.246194	       0.27797	
123.500	      0.247833	      0.277961	
124.000	      0.247833	      0.277961	
124.500	      0.249353	      0.277952	
125.000	      0.250767	      0.277942	
125.500	      0.250767	      0.277942	
126.000	      0.252083	      0.277932	
126.500	       0.25331	      0.277921	
127.000	      0.254457	      0.277911	
127.500	      0.254457	      0.277911	
128.000	       0.25553	        0.2779	
128.500	      0.256535	      0.277889	
129.000	      0.256535	      0.277889	
129.500	      0.257478	      0.277878	
130.000	      0.258364	      0.277866	
130.500	      0.259197	      0.277855	
131.000	      0.259197	      0.277855	
131.500	      0.259982	      0.277843	
132.000	      0.260722	       0.27783	
132.500	      0.260722	       0.27783	
133.000	      0.261421	      0.277818	
133.500	      0.262081	      0.277805	
134.000	      0.262705	      0.277792	
134.500	      0.262705	      0.277792	
135.000	      0.263297	      0.277778	
135.500	      0.263857	      0.277764	
136.000	      0.263857	      0.277764	
136.500	      0.264389	       0.27775	
137.000	      0.264894	      0.277736	
137.500	      0.265374	      0.277721	
138.000	      0.265374	      0.277721	
138.500	      0.265831	      0.277706	
139.000	      0.266266	      0.277691	
139.500	      0.266266	      0.277691	
140.000	       0.26668	      0.277675	
140.500	      0.267075	       0.27766	
141.000	      0.267452	      0.277643	
141.500	      0.267452	      0.277643	
142.000	      0.267811	      0.277627	
142.500	      0.268155	       0.27761	
143.000	      0.268155	       0.27761	
143.500	      0.268484	      0.277592	
144.000	      0.268798	      0.277574	
144.500	        0.2691	      0.277556	
145.000	        0.2691	      0.277556	
145.500	      0.269388	      0.277538	
146.000	      0.269665	      0.277519	
146.500	      0.269665	      0.277519	
147.000	       0.26993	      0.277499	
147.500	      0.270184	       0.27748	
148.000	      0.270184	       0.27748	
148.500	      0.270429	      0.277459	
149.000	      0.270663	      0.277439	
149.500	      0.270889	      0.277418	
150.000	      0.270889	      0.277418	
150.500	      0.271106	      0.277396	
151.000	      0.271315	      0.277374	
151.500	      0.271315	      0.277374	
152.000	      0.271516	      0.277352	
152.500	      0.271709	      0.277329	
153.000	      0.271896	      0.277305	
153.500	      0.271896	      0.277305	
154.000	      0.272076	      0.277282	
154.500	      0.272249	      0.277257	
155.000	      0.272249	      0.277257	
155.500	      0.272416	      0.277232	
156.000	      0.272578	      0.277206	
156.500	      0.272733	       0.27718	
157.000	      0.272733	       0.27718	
157.500	      0.272884	      0.277154	
158.000	      0.273029	      0.277126	
158.500	      0.273029	      0.277126	
159.000	       0.27317	      0.277098	
159.500	      0.273306	       0.27707	
160.000	      0.273437	      0.277041	
160.500	      0.273437	      0.277041	
161.000	      0.273565	      0.277011	
161.500	      0.273688	       0.27698	
162.000	      0.273688	       0.27698	
162.500	      0.273807	      0.276949	
163.000	      0.273923	      0.276917	
163.500	      0.274034	      0.276885	
164.000	      0.274034	      0.276885	
164.500	      0.274143	      0.276851	
165.000	      0.274248	      0.276817	
165.500	      0.274248	      0.276817	
166.000	       0.27435	      0.276782	
166.500	      0.274449	      0.276747	
167.000	      0.274545	       0.27671	
167.500	      0.274545	       0.27671	
168.000	      0.274638	      0.276673	
168.500	      0.274729	      0.276634	
169.000	      0.274729	      0.276634	
169.500	      0.274816	      0.276595	
170.000	      0.274902	      0.276555	
170.500	      0.274902	      0.276555	
171.000	      0.274985	      0.276514	
171.500	      0.275065	      0.276472	
172.000	      0.275143	      0.276429	
172.500	      0.275143	      0.276429	
173.000	       0.27522	      0.276384	
173.500	      0.275294	      0.276339	
174.000	      0.275294	      0.276339	
174.500	      0.275366	      0.276293	
175.000	      0.275436	      0.276245	
175.500	      0.275504	      0.276196	
176.000	      0.275504	      0.276196	
176.500	       0.27557	      0.276146	
177.000	      0.275635	      0.276095	
177.500	      0.275635	      0.276095	
178.000	      0.275698	      0.276043	
178.500	      0.275759	      0.275989	
179.000	      0.275819	      0.275934	
179.500	      0.275819	      0.275934	
180.000	      0.275877	      0.275877	
