
TracePro Release: 3 2 0 
Polar Candela Distribution Data for 
Data covers +/- 180.000 degrees from Normal
Data for Missed Rays
Data generated at 09:45:55 June 25, 2025

	   0.0	 180.0
0.000	      0.334777	      0.334777	
0.500	      0.143735	       1.74021	
1.000	      0.143735	       1.74021	
1.500	     0.0800525	       17.7976	
2.000	     0.0515011	       1.73895	
2.500	     0.0366512	      0.332242	
3.000	     0.0366512	      0.332242	
3.500	     0.0284668	      0.139884	
4.000	     0.0243845	     0.0748179	
4.500	     0.0243845	     0.0748179	
5.000	     0.0242451	     0.0447704	
5.500	     0.0328411	      0.028231	
6.000	      0.117899	     0.0179973	
6.500	      0.117899	     0.0179973	
7.000	       1.17466	     0.0110994	
7.500	      0.659745	    0.00613667	
8.000	      0.659745	    0.00613667	
8.500	      0.922664	    0.00239316	
9.000	       1.23475	   0.000493268	
9.500	      0.691967	     0.0026293	
10.000	      0.691967	     0.0026293	
10.500	      0.664029	    0.00372994	
11.000	      0.776255	    0.00197919	
11.500	      0.776255	    0.00197919	
12.000	        1.5823	     0.0252107	
12.500	      0.108719	      0.384049	
13.000	      0.108719	      0.384049	
13.500	     0.0965565	     0.0212169	
14.000	       1.40848	    0.00995002	
14.500	       1.93563	     0.0155865	
15.000	       1.93563	     0.0155865	
15.500	       2.16274	     0.0180126	
16.000	       1.77054	     0.0180889	
16.500	       1.77054	     0.0180889	
17.000	      0.317036	     0.0117509	
17.500	      0.291359	     0.0519903	
18.000	       2.48405	      0.847195	
18.500	       2.48405	      0.847195	
19.000	      0.404475	       0.11541	
19.500	       1.55782	      0.859834	
20.000	       1.55782	      0.859834	
20.500	       2.97295	     0.0262943	
21.000	       3.15302	     0.0510171	
21.500	       1.25586	     0.0261459	
22.000	       1.25586	     0.0261459	
22.500	       1.82632	       1.52026	
23.000	       3.68447	       3.95575	
23.500	       3.68447	       3.95575	
24.000	       1.15841	       1.32509	
24.500	       5.75649	       1.58637	
25.000	       41.7723	       1.73655	
25.500	       41.7723	       1.73655	
26.000	       4.28849	       2.07411	
26.500	       1.55893	       1.77927	
27.000	       1.55893	       1.77927	
27.500	      0.584918	       2.36863	
28.000	      0.422881	      0.675604	
28.500	       1.76518	       1.44391	
29.000	       1.76518	       1.44391	
29.500	      0.245298	       1.42438	
30.000	      0.903707	      0.417553	
30.500	      0.903707	      0.417553	
31.000	        1.1473	       1.07014	
31.500	       2.67034	      0.723007	
32.000	       2.37885	       3.42349	
32.500	       2.37885	       3.42349	
33.000	       1.89463	       4.10266	
33.500	      0.249828	       32.2708	
34.000	      0.249828	       32.2708	
34.500	     0.0107667	       311.616	
35.000	    0.00859569	       32.7718	
35.500	    0.00859569	       32.7718	
36.000	     0.0645988	       4.74749	
36.500	    0.00411833	       3.36397	
37.000	     0.0900617	       1.06229	
37.500	     0.0900617	       1.06229	
38.000	    0.00414913	       3.41684	
38.500	     0.0891937	      0.605188	
39.000	     0.0891937	      0.605188	
39.500	     0.0228929	       1.05063	
40.000	     0.0961533	      0.927075	
40.500	       0.84345	      0.614999	
41.000	       0.84345	      0.614999	
41.500	       0.10003	      0.148298	
42.000	     0.0438747	      0.212767	
42.500	     0.0438747	      0.212767	
43.000	      0.212662	      0.256679	
43.500	     0.0553805	      0.393986	
44.000	     0.0807691	      0.226488	
44.500	     0.0807691	      0.226488	
45.000	      0.109228	       1.79217	
45.500	      0.211822	     0.0794903	
46.000	      0.211822	     0.0794903	
46.500	      0.799754	     0.0422032	
47.000	      0.953961	      0.051519	
47.500	     0.0546745	     0.0503258	
48.000	     0.0546745	     0.0503258	
48.500	    0.00690409	     0.0469508	
49.000	     0.0100033	     0.0431838	
49.500	     0.0100033	     0.0431838	
50.000	      0.095566	     0.0395341	
50.500	     0.0283551	     0.0361539	
51.000	      0.128483	     0.0330769	
51.500	      0.128483	     0.0330769	
52.000	       1.35431	     0.0302941	
52.500	      0.934972	     0.0277818	
53.000	      0.934972	     0.0277818	
53.500	     0.0767783	     0.0255126	
54.000	      0.527347	     0.0234601	
54.500	     0.0168605	     0.0216021	
55.000	     0.0168605	     0.0216021	
55.500	     0.0311472	     0.0199262	
56.000	     0.0553651	     0.0184507	
56.500	     0.0553651	     0.0184507	
57.000	      0.177554	     0.0173549	
57.500	        1.4281	     0.0192443	
58.000	        1.4281	     0.0192443	
58.500	      0.240441	     0.0311749	
59.000	      0.671343	     0.0141303	
59.500	      0.966205	    0.00630573	
60.000	      0.966205	    0.00630573	
60.500	        2.2679	      0.215304	
61.000	       2.98304	    0.00780058	
61.500	       2.98304	    0.00780058	
62.000	      0.796038	      0.012824	
62.500	       1.38623	     0.0630255	
63.000	        1.5584	     0.0135155	
63.500	        1.5584	     0.0135155	
64.000	       1.55815	    0.00298341	
64.500	      0.753624	      0.077612	
65.000	      0.753624	      0.077612	
65.500	      0.985739	     0.0503021	
66.000	       1.34956	    0.00968561	
66.500	      0.243652	    0.00627583	
67.000	      0.243652	    0.00627583	
67.500	      0.265335	    0.00952441	
68.000	       7.50586	      0.060476	
68.500	       7.50586	      0.060476	
69.000	       8.24969	     0.0681052	
69.500	       9.99324	   0.000247284	
70.000	       10.0173	     0.0123252	
70.500	       10.0173	     0.0123252	
71.000	       11.9554	      0.106305	
71.500	       4.42315	     0.0161181	
72.000	       4.42315	     0.0161181	
72.500	       29.8732	     0.0497098	
73.000	       225.584	    0.00453861	
73.500	       22.8239	    0.00408472	
74.000	       22.8239	    0.00408472	
74.500	       3.13739	      0.051733	
75.000	       2.05692	     0.0560661	
75.500	       2.05692	     0.0560661	
76.000	      0.455633	   0.000604884	
76.500	       2.43646	    0.00485797	
77.000	      0.757931	    0.00122932	
77.500	      0.757931	    0.00122932	
78.000	        3.8389	      0.104916	
78.500	       4.19636	     0.0815687	
79.000	       4.19636	     0.0815687	
79.500	       2.54203	     0.0242948	
80.000	      0.536206	     0.0238409	
80.500	      0.536206	     0.0238409	
81.000	      0.238111	     0.0311069	
81.500	      0.658717	     0.0430226	
82.000	      0.831405	     0.0629792	
82.500	      0.831405	     0.0629792	
83.000	      0.643645	     0.0999499	
83.500	      0.335697	      0.180852	
84.000	      0.335697	      0.180852	
84.500	       0.19621	       0.41898	
85.000	       0.35809	       2.27604	
85.500	      0.413686	       22.7198	
86.000	      0.413686	       22.7198	
86.500	      0.220257	       2.64328	
87.000	     0.0904611	     0.0777733	
87.500	     0.0904611	     0.0777733	
88.000	      0.256956	      0.643877	
88.500	     0.0845474	      0.325329	
89.000	     0.0874193	      0.618107	
89.500	     0.0874193	      0.618107	
90.000	     0.0178143	      0.222123	
90.500	     0.0320546	     0.0458825	
91.000	     0.0320546	     0.0458825	
91.500	     0.0267949	     0.0255449	
92.000	     0.0246207	     0.0195091	
92.500	     0.0229103	      0.015707	
93.000	     0.0229103	      0.015707	
93.500	     0.0214361	     0.0129979	
94.000	     0.0201311	     0.0109738	
94.500	     0.0201311	     0.0109738	
95.000	     0.0189624	    0.00941793	
95.500	     0.0179084	    0.00819697	
96.000	      0.016953	    0.00722289	
96.500	      0.016953	    0.00722289	
97.000	     0.0160835	    0.00643508	
97.500	     0.0152896	    0.00579048	
98.000	     0.0152896	    0.00579048	
98.500	     0.0145624	    0.00525779	
99.000	     0.0138946	    0.00481376	
99.500	     0.0132797	    0.00444084	
100.000	     0.0132797	    0.00444084	
100.500	     0.0127122	    0.00412557	
101.000	     0.0121873	    0.00385749	
101.500	     0.0121873	    0.00385749	
102.000	     0.0117009	    0.00362838	
102.500	     0.0112491	    0.00343171	
103.000	     0.0112491	    0.00343171	
103.500	     0.0108289	    0.00326222	
104.000	     0.0104373	    0.00311567	
104.500	     0.0100717	    0.00298858	
105.000	     0.0100717	    0.00298858	
105.500	    0.00972987	    0.00287809	
106.000	    0.00940984	    0.00278185	
106.500	    0.00940984	    0.00278185	
107.000	    0.00910975	    0.00269787	
107.500	    0.00882798	    0.00262451	
108.000	    0.00856307	    0.00256036	
108.500	    0.00856307	    0.00256036	
109.000	     0.0083137	    0.00250423	
109.500	    0.00807866	    0.00245513	
110.000	    0.00807866	    0.00245513	
110.500	    0.00785689	    0.00241219	
111.000	     0.0076474	    0.00237467	
111.500	    0.00744929	    0.00234193	
112.000	    0.00744929	    0.00234193	
112.500	    0.00726176	    0.00231341	
113.000	    0.00708407	    0.00228864	
113.500	    0.00708407	    0.00228864	
114.000	    0.00691554	    0.00226719	
114.500	    0.00675554	     0.0022487	
115.000	    0.00660352	    0.00223285	
115.500	    0.00660352	    0.00223285	
116.000	    0.00645894	    0.00221936	
116.500	    0.00632133	    0.00220797	
117.000	    0.00632133	    0.00220797	
117.500	    0.00619025	    0.00219847	
118.000	    0.00606529	    0.00219067	
118.500	    0.00594607	    0.00218438	
119.000	    0.00594607	    0.00218438	
119.500	    0.00583224	    0.00217947	
120.000	    0.00572349	    0.00217579	
120.500	    0.00572349	    0.00217579	
121.000	    0.00561952	    0.00217321	
121.500	    0.00552004	    0.00217164	
122.000	     0.0054248	    0.00217097	
122.500	     0.0054248	    0.00217097	
123.000	    0.00533356	    0.00217112	
123.500	    0.00524611	    0.00217201	
124.000	    0.00524611	    0.00217201	
124.500	    0.00516222	    0.00217356	
125.000	    0.00508171	    0.00217572	
125.500	    0.00508171	    0.00217572	
126.000	     0.0050044	    0.00217843	
126.500	    0.00493012	    0.00218163	
127.000	    0.00485871	    0.00218528	
127.500	    0.00485871	    0.00218528	
128.000	    0.00479003	    0.00218934	
128.500	    0.00472392	    0.00219378	
129.000	    0.00472392	    0.00219378	
129.500	    0.00466028	    0.00219854	
130.000	    0.00459896	    0.00220362	
130.500	    0.00453987	    0.00220897	
131.000	    0.00453987	    0.00220897	
131.500	    0.00448288	    0.00221457	
132.000	     0.0044279	     0.0022204	
132.500	     0.0044279	     0.0022204	
133.000	    0.00437484	    0.00222644	
133.500	     0.0043236	    0.00223266	
134.000	     0.0042741	    0.00223906	
134.500	     0.0042741	    0.00223906	
135.000	    0.00422626	    0.00224562	
135.500	    0.00418001	    0.00225232	
136.000	    0.00418001	    0.00225232	
136.500	    0.00413527	    0.00225914	
137.000	    0.00409197	    0.00226609	
137.500	    0.00405005	    0.00227314	
138.000	    0.00405005	    0.00227314	
138.500	    0.00400946	     0.0022803	
139.000	    0.00397013	    0.00228754	
139.500	    0.00397013	    0.00228754	
140.000	    0.00393201	    0.00229486	
140.500	    0.00389504	    0.00230226	
141.000	    0.00385919	    0.00230974	
141.500	    0.00385919	    0.00230974	
142.000	     0.0038244	    0.00231727	
142.500	    0.00379063	    0.00232486	
143.000	    0.00379063	    0.00232486	
143.500	    0.00375784	    0.00233251	
144.000	    0.00372599	    0.00234021	
144.500	    0.00369503	    0.00234796	
145.000	    0.00369503	    0.00234796	
145.500	    0.00366494	    0.00235575	
146.000	    0.00363568	    0.00236359	
146.500	    0.00363568	    0.00236359	
147.000	    0.00360722	    0.00237147	
147.500	    0.00357952	    0.00237938	
148.000	    0.00357952	    0.00237938	
148.500	    0.00355256	    0.00238733	
149.000	    0.00352631	    0.00239532	
149.500	    0.00350074	    0.00240334	
150.000	    0.00350074	    0.00240334	
150.500	    0.00347582	     0.0024114	
151.000	    0.00345153	    0.00241949	
151.500	    0.00345153	    0.00241949	
152.000	    0.00342785	    0.00242761	
152.500	    0.00340476	    0.00243577	
153.000	    0.00338222	    0.00244396	
153.500	    0.00338222	    0.00244396	
154.000	    0.00336023	    0.00245219	
154.500	    0.00333876	    0.00246045	
155.000	    0.00333876	    0.00246045	
155.500	     0.0033178	    0.00246875	
156.000	    0.00329732	    0.00247708	
156.500	     0.0032773	    0.00248545	
157.000	     0.0032773	    0.00248545	
157.500	    0.00325774	    0.00249386	
158.000	    0.00323861	    0.00250231	
158.500	    0.00323861	    0.00250231	
159.000	     0.0032199	     0.0025108	
159.500	    0.00320159	    0.00251933	
160.000	    0.00318368	    0.00252791	
160.500	    0.00318368	    0.00252791	
161.000	    0.00316614	    0.00253653	
161.500	    0.00314896	    0.00254521	
162.000	    0.00314896	    0.00254521	
162.500	    0.00313213	    0.00255393	
163.000	    0.00311565	    0.00256271	
163.500	    0.00309949	    0.00257154	
164.000	    0.00309949	    0.00257154	
164.500	    0.00308364	    0.00258042	
165.000	     0.0030681	    0.00258937	
165.500	     0.0030681	    0.00258937	
166.000	    0.00305285	    0.00259838	
166.500	    0.00303789	    0.00260745	
167.000	     0.0030232	    0.00261659	
167.500	     0.0030232	    0.00261659	
168.000	    0.00300878	     0.0026258	
168.500	    0.00299461	    0.00263509	
169.000	    0.00299461	    0.00263509	
169.500	    0.00298069	    0.00264445	
170.000	    0.00296701	    0.00265389	
170.500	    0.00296701	    0.00265389	
171.000	    0.00295356	    0.00266341	
171.500	    0.00294033	    0.00267302	
172.000	    0.00292732	    0.00268272	
172.500	    0.00292732	    0.00268272	
173.000	    0.00291451	    0.00269251	
173.500	    0.00290191	     0.0027024	
174.000	    0.00290191	     0.0027024	
174.500	    0.00288949	    0.00271239	
175.000	    0.00287727	    0.00272248	
175.500	    0.00286522	    0.00273268	
176.000	    0.00286522	    0.00273268	
176.500	    0.00285335	    0.00274299	
177.000	    0.00284165	    0.00275343	
177.500	    0.00284165	    0.00275343	
178.000	    0.00283011	    0.00276398	
178.500	    0.00281873	    0.00277466	
179.000	     0.0028075	    0.00278547	
179.500	     0.0028075	    0.00278547	
180.000	    0.00279641	    0.00279641	
