
TracePro Release: 3 2 0 
Polar Candela Distribution Data for 
Data covers +/- 180.000 degrees from Normal
Data for Missed Rays
Data generated at 09:43:13 June 30, 2025

	   0.0	 180.0
0.000	      0.319719	      0.319719	
0.500	      0.319673	      0.319765	
1.000	      0.319673	      0.319765	
1.500	      0.319625	       0.31981	
2.000	      0.319576	      0.319853	
2.500	      0.319526	      0.319896	
3.000	      0.319526	      0.319896	
3.500	      0.319474	      0.319937	
4.000	      0.319421	      0.319978	
4.500	      0.319421	      0.319978	
5.000	      0.319367	      0.320018	
5.500	      0.319312	      0.320057	
6.000	      0.319255	      0.320094	
6.500	      0.319255	      0.320094	
7.000	      0.319197	      0.320132	
7.500	      0.319138	      0.320168	
8.000	      0.319138	      0.320168	
8.500	      0.319077	      0.320203	
9.000	      0.319014	      0.320238	
9.500	      0.318949	      0.320272	
10.000	      0.318949	      0.320272	
10.500	      0.318883	      0.320305	
11.000	      0.318816	      0.320338	
11.500	      0.318816	      0.320338	
12.000	      0.318746	      0.320369	
12.500	      0.318675	      0.320401	
13.000	      0.318675	      0.320401	
13.500	      0.318602	      0.320431	
14.000	      0.318526	      0.320461	
14.500	      0.318449	       0.32049	
15.000	      0.318449	       0.32049	
15.500	       0.31837	      0.320518	
16.000	      0.318288	      0.320546	
16.500	      0.318288	      0.320546	
17.000	      0.318204	      0.320573	
17.500	      0.318118	        0.3206	
18.000	      0.318029	      0.320626	
18.500	      0.318029	      0.320626	
19.000	      0.317938	      0.320652	
19.500	      0.317844	      0.320677	
20.000	      0.317844	      0.320677	
20.500	      0.317748	      0.320701	
21.000	      0.317648	      0.320725	
21.500	      0.317546	      0.320749	
22.000	      0.317546	      0.320749	
22.500	       0.31744	      0.320772	
23.000	      0.317332	      0.320794	
23.500	      0.317332	      0.320794	
24.000	       0.31722	      0.320816	
24.500	      0.317105	      0.320838	
25.000	      0.316986	      0.320859	
25.500	      0.316986	      0.320859	
26.000	      0.316863	       0.32088	
26.500	      0.316737	        0.3209	
27.000	      0.316737	        0.3209	
27.500	      0.316607	       0.32092	
28.000	      0.316472	      0.320939	
28.500	      0.316333	      0.320958	
29.000	      0.316333	      0.320958	
29.500	      0.316189	      0.320977	
30.000	      0.316041	      0.320995	
30.500	      0.316041	      0.320995	
31.000	      0.315888	      0.321013	
31.500	      0.315729	       0.32103	
32.000	      0.315565	      0.321047	
32.500	      0.315565	      0.321047	
33.000	      0.315396	      0.321064	
33.500	       0.31522	       0.32108	
34.000	       0.31522	       0.32108	
34.500	      0.315038	      0.321096	
35.000	       0.31485	      0.321112	
35.500	       0.31485	      0.321112	
36.000	      0.314655	      0.321127	
36.500	      0.314453	      0.321142	
37.000	      0.314243	      0.321157	
37.500	      0.314243	      0.321157	
38.000	      0.314026	      0.321171	
38.500	        0.3138	      0.321185	
39.000	        0.3138	      0.321185	
39.500	      0.313565	      0.321199	
40.000	      0.313322	      0.321212	
40.500	      0.313069	      0.321225	
41.000	      0.313069	      0.321225	
41.500	      0.312805	      0.321238	
42.000	      0.312531	      0.321251	
42.500	      0.312531	      0.321251	
43.000	      0.312246	      0.321263	
43.500	      0.311949	      0.321275	
44.000	      0.311639	      0.321287	
44.500	      0.311639	      0.321287	
45.000	      0.311317	      0.321298	
45.500	       0.31098	      0.321309	
46.000	       0.31098	      0.321309	
46.500	      0.310628	       0.32132	
47.000	      0.310261	      0.321331	
47.500	      0.309877	      0.321341	
48.000	      0.309877	      0.321341	
48.500	      0.309475	      0.321351	
49.000	      0.309055	      0.321361	
49.500	      0.309055	      0.321361	
50.000	      0.308615	      0.321371	
50.500	      0.308154	       0.32138	
51.000	       0.30767	      0.321389	
51.500	       0.30767	      0.321389	
52.000	      0.307162	      0.321398	
52.500	      0.306628	      0.321407	
53.000	      0.306628	      0.321407	
53.500	      0.306067	      0.321416	
54.000	      0.305477	      0.321424	
54.500	      0.304855	      0.321432	
55.000	      0.304855	      0.321432	
55.500	        0.3042	       0.32144	
56.000	      0.303508	      0.321447	
56.500	      0.303508	      0.321447	
57.000	      0.302778	      0.321455	
57.500	      0.302006	      0.321462	
58.000	      0.302006	      0.321462	
58.500	      0.301189	      0.321469	
59.000	      0.300323	      0.321475	
59.500	      0.299405	      0.321482	
60.000	      0.299405	      0.321482	
60.500	       0.29843	      0.321488	
61.000	      0.297393	      0.321494	
61.500	      0.297393	      0.321494	
62.000	      0.296289	        0.3215	
62.500	      0.295113	      0.321506	
63.000	      0.293857	      0.321512	
63.500	      0.293857	      0.321512	
64.000	      0.292515	      0.321517	
64.500	      0.291077	      0.321522	
65.000	      0.291077	      0.321522	
65.500	      0.289536	      0.321527	
66.000	      0.287881	      0.321532	
66.500	      0.286099	      0.321537	
67.000	      0.286099	      0.321537	
67.500	      0.284179	      0.321541	
68.000	      0.282106	      0.321545	
68.500	      0.282106	      0.321545	
69.000	      0.279862	      0.321549	
69.500	      0.277428	      0.321553	
70.000	      0.274782	      0.321557	
70.500	      0.274782	      0.321557	
71.000	        0.2719	       0.32156	
71.500	      0.268751	      0.321564	
72.000	      0.268751	      0.321564	
72.500	      0.265303	      0.321567	
73.000	      0.261515	       0.32157	
73.500	      0.257342	      0.321573	
74.000	      0.257342	      0.321573	
74.500	       0.25273	      0.321575	
75.000	      0.247615	      0.321578	
75.500	      0.247615	      0.321578	
76.000	       0.24192	       0.32158	
76.500	      0.235556	      0.321582	
77.000	      0.228413	      0.321584	
77.500	      0.228413	      0.321584	
78.000	      0.220357	      0.321586	
78.500	      0.211228	      0.321587	
79.000	      0.211228	      0.321587	
79.500	      0.200824	      0.321589	
80.000	      0.188899	       0.32159	
80.500	      0.188899	       0.32159	
81.000	      0.175139	      0.321591	
81.500	      0.159148	      0.321592	
82.000	      0.140416	      0.321593	
82.500	      0.140416	      0.321593	
83.000	       0.11828	      0.321594	
83.500	     0.0918591	      0.321594	
84.000	     0.0918591	      0.321594	
84.500	     0.0599738	      0.321594	
85.000	      0.021005	      0.321594	
85.500	      0.027313	      0.321594	
86.000	      0.027313	      0.321594	
86.500	     0.0882305	      0.321594	
87.000	      0.166544	      0.321594	
87.500	      0.166544	      0.321594	
88.000	      0.269574	      0.321593	
88.500	      0.408941	      0.321592	
89.000	      0.604002	      0.321591	
89.500	      0.604002	      0.321591	
90.000	      0.888985	       0.32159	
90.500	       1.32917	      0.321589	
91.000	       1.32917	      0.321589	
91.500	       2.06213	      0.321587	
92.000	       3.42121	      0.321586	
92.500	       6.40174	      0.321584	
93.000	       6.40174	      0.321584	
93.500	       15.2738	      0.321582	
94.000	       80.3441	       0.32158	
94.500	       80.3441	       0.32158	
95.000	       823.794	      0.321578	
95.500	       80.3441	      0.321575	
96.000	       15.2738	      0.321573	
96.500	       15.2738	      0.321573	
97.000	       6.40174	       0.32157	
97.500	       3.42121	      0.321567	
98.000	       3.42121	      0.321567	
98.500	       2.06213	      0.321564	
99.000	       1.32917	       0.32156	
99.500	      0.888985	      0.321557	
100.000	      0.888985	      0.321557	
100.500	      0.604002	      0.321553	
101.000	      0.408941	      0.321549	
101.500	      0.408941	      0.321549	
102.000	      0.269574	      0.321545	
102.500	      0.166544	      0.321541	
103.000	      0.166544	      0.321541	
103.500	     0.0882305	      0.321537	
104.000	      0.027313	      0.321532	
104.500	      0.021005	      0.321527	
105.000	      0.021005	      0.321527	
105.500	     0.0599738	      0.321522	
106.000	     0.0918591	      0.321517	
106.500	     0.0918591	      0.321517	
107.000	       0.11828	      0.321512	
107.500	      0.140416	      0.321506	
108.000	      0.159148	        0.3215	
108.500	      0.159148	        0.3215	
109.000	      0.175139	      0.321494	
109.500	      0.188899	      0.321488	
110.000	      0.188899	      0.321488	
110.500	      0.200824	      0.321482	
111.000	      0.211228	      0.321475	
111.500	      0.220357	      0.321469	
112.000	      0.220357	      0.321469	
112.500	      0.228413	      0.321462	
113.000	      0.235556	      0.321455	
113.500	      0.235556	      0.321455	
114.000	       0.24192	      0.321447	
114.500	      0.247615	       0.32144	
115.000	       0.25273	      0.321432	
115.500	       0.25273	      0.321432	
116.000	      0.257342	      0.321424	
116.500	      0.261515	      0.321416	
117.000	      0.261515	      0.321416	
117.500	      0.265303	      0.321407	
118.000	      0.268751	      0.321398	
118.500	        0.2719	      0.321389	
119.000	        0.2719	      0.321389	
119.500	      0.274782	       0.32138	
120.000	      0.277428	      0.321371	
120.500	      0.277428	      0.321371	
121.000	      0.279862	      0.321361	
121.500	      0.282106	      0.321351	
122.000	      0.284179	      0.321341	
122.500	      0.284179	      0.321341	
123.000	      0.286099	      0.321331	
123.500	      0.287881	       0.32132	
124.000	      0.287881	       0.32132	
124.500	      0.289536	      0.321309	
125.000	      0.291077	      0.321298	
125.500	      0.291077	      0.321298	
126.000	      0.292515	      0.321287	
126.500	      0.293857	      0.321275	
127.000	      0.295113	      0.321263	
127.500	      0.295113	      0.321263	
128.000	      0.296289	      0.321251	
128.500	      0.297393	      0.321238	
129.000	      0.297393	      0.321238	
129.500	       0.29843	      0.321225	
130.000	      0.299405	      0.321212	
130.500	      0.300323	      0.321199	
131.000	      0.300323	      0.321199	
131.500	      0.301189	      0.321185	
132.000	      0.302006	      0.321171	
132.500	      0.302006	      0.321171	
133.000	      0.302778	      0.321157	
133.500	      0.303508	      0.321142	
134.000	        0.3042	      0.321127	
134.500	        0.3042	      0.321127	
135.000	      0.304855	      0.321112	
135.500	      0.305477	      0.321096	
136.000	      0.305477	      0.321096	
136.500	      0.306067	       0.32108	
137.000	      0.306628	      0.321064	
137.500	      0.307162	      0.321047	
138.000	      0.307162	      0.321047	
138.500	       0.30767	       0.32103	
139.000	      0.308154	      0.321013	
139.500	      0.308154	      0.321013	
140.000	      0.308615	      0.320995	
140.500	      0.309055	      0.320977	
141.000	      0.309475	      0.320958	
141.500	      0.309475	      0.320958	
142.000	      0.309877	      0.320939	
142.500	      0.310261	       0.32092	
143.000	      0.310261	       0.32092	
143.500	      0.310628	        0.3209	
144.000	       0.31098	       0.32088	
144.500	      0.311317	      0.320859	
145.000	      0.311317	      0.320859	
145.500	      0.311639	      0.320838	
146.000	      0.311949	      0.320816	
146.500	      0.311949	      0.320816	
147.000	      0.312246	      0.320794	
147.500	      0.312531	      0.320772	
148.000	      0.312531	      0.320772	
148.500	      0.312805	      0.320749	
149.000	      0.313069	      0.320725	
149.500	      0.313322	      0.320701	
150.000	      0.313322	      0.320701	
150.500	      0.313565	      0.320677	
151.000	        0.3138	      0.320652	
151.500	        0.3138	      0.320652	
152.000	      0.314026	      0.320626	
152.500	      0.314243	        0.3206	
153.000	      0.314453	      0.320573	
153.500	      0.314453	      0.320573	
154.000	      0.314655	      0.320546	
154.500	       0.31485	      0.320518	
155.000	       0.31485	      0.320518	
155.500	      0.315038	       0.32049	
156.000	       0.31522	      0.320461	
156.500	      0.315396	      0.320431	
157.000	      0.315396	      0.320431	
157.500	      0.315565	      0.320401	
158.000	      0.315729	      0.320369	
158.500	      0.315729	      0.320369	
159.000	      0.315888	      0.320338	
159.500	      0.316041	      0.320305	
160.000	      0.316189	      0.320272	
160.500	      0.316189	      0.320272	
161.000	      0.316333	      0.320238	
161.500	      0.316472	      0.320203	
162.000	      0.316472	      0.320203	
162.500	      0.316607	      0.320168	
163.000	      0.316737	      0.320132	
163.500	      0.316863	      0.320094	
164.000	      0.316863	      0.320094	
164.500	      0.316986	      0.320057	
165.000	      0.317105	      0.320018	
165.500	      0.317105	      0.320018	
166.000	       0.31722	      0.319978	
166.500	      0.317332	      0.319937	
167.000	       0.31744	      0.319896	
167.500	       0.31744	      0.319896	
168.000	      0.317546	      0.319853	
168.500	      0.317648	       0.31981	
169.000	      0.317648	       0.31981	
169.500	      0.317748	      0.319765	
170.000	      0.317844	      0.319719	
170.500	      0.317844	      0.319719	
171.000	      0.317938	      0.319673	
171.500	      0.318029	      0.319625	
172.000	      0.318118	      0.319576	
172.500	      0.318118	      0.319576	
173.000	      0.318204	      0.319526	
173.500	      0.318288	      0.319474	
174.000	      0.318288	      0.319474	
174.500	       0.31837	      0.319421	
175.000	      0.318449	      0.319367	
175.500	      0.318526	      0.319312	
176.000	      0.318526	      0.319312	
176.500	      0.318602	      0.319255	
177.000	      0.318675	      0.319197	
177.500	      0.318675	      0.319197	
178.000	      0.318746	      0.319138	
178.500	      0.318816	      0.319077	
179.000	      0.318883	      0.319014	
179.500	      0.318883	      0.319014	
180.000	      0.318949	      0.318949	
