
TracePro Release: 3 2 0 
Polar Candela Distribution Data for 
Data covers +/- 180.000 degrees from Normal
Data for Missed Rays
Data generated at 09:36:20 June 25, 2025

	   0.0	 180.0
0.000	      0.293608	      0.293608	
0.500	      0.293756	      0.293299	
1.000	      0.293756	      0.293299	
1.500	      0.293815	       0.29266	
2.000	      0.293817	      0.291197	
2.500	      0.293784	      0.286828	
3.000	      0.293784	      0.286828	
3.500	      0.293723	      0.255286	
4.000	      0.293644	      0.689858	
4.500	      0.293644	      0.689858	
5.000	      0.293548	      0.253603	
5.500	       0.29344	      0.281277	
6.000	      0.293321	       0.25867	
6.500	      0.293321	       0.25867	
7.000	      0.293192	      0.633398	
7.500	      0.293055	       0.26054	
8.000	      0.293055	       0.26054	
8.500	      0.292908	      0.287395	
9.000	      0.292754	      0.290365	
9.500	      0.292592	       0.28888	
10.000	      0.292592	       0.28888	
10.500	      0.292423	      0.268127	
11.000	      0.292246	      0.567071	
11.500	      0.292246	      0.567071	
12.000	      0.292062	      0.268873	
12.500	       0.29187	      0.290581	
13.000	       0.29187	      0.290581	
13.500	      0.291671	       0.29369	
14.000	      0.291465	      0.294823	
14.500	      0.291252	      0.295403	
15.000	      0.291252	      0.295403	
15.500	      0.291032	      0.295765	
16.000	      0.290807	      0.296025	
16.500	      0.290807	      0.296025	
17.000	      0.290577	      0.296236	
17.500	      0.290345	      0.296432	
18.000	      0.290115	      0.296646	
18.500	      0.290115	      0.296646	
19.000	      0.289893	      0.296943	
19.500	      0.289694	      0.297501	
20.000	      0.289694	      0.297501	
20.500	      0.289543	      0.299099	
21.000	        0.2895	      0.311107	
21.500	      0.289716	      0.141145	
22.000	      0.289716	      0.141145	
22.500	      0.290661	       0.30909	
23.000	      0.294426	      0.285566	
23.500	      0.294426	      0.285566	
24.000	      0.326364	      0.440966	
24.500	      0.134673	      0.283129	
25.000	      0.318945	      0.293856	
25.500	      0.318945	      0.293856	
26.000	       0.24798	       0.29448	
26.500	       0.76817	      0.292496	
27.000	       0.76817	      0.292496	
27.500	      0.242362	      0.274662	
28.000	      0.280886	      0.525676	
28.500	      0.291024	      0.274869	
29.000	      0.291024	      0.274869	
29.500	      0.335424	      0.292978	
30.000	       0.26893	      0.295471	
30.500	       0.26893	      0.295471	
31.000	       0.33508	      0.296305	
31.500	      0.291046	      0.296654	
32.000	       0.28445	      0.296762	
32.500	       0.28445	      0.296762	
33.000	      0.281682	       0.29662	
33.500	      0.279874	      0.295832	
34.000	      0.279874	      0.295832	
34.500	      0.278306	      0.289289	
35.000	      0.276592	      0.381515	
35.500	      0.276592	      0.381515	
36.000	      0.274093	       0.28942	
36.500	      0.268067	      0.296103	
37.000	      0.220749	      0.297051	
37.500	      0.220749	      0.297051	
38.000	       1.01469	      0.297392	
38.500	      0.483581	      0.297562	
39.000	      0.483581	      0.297562	
39.500	      0.317906	      0.297661	
40.000	      0.220887	      0.297723	
40.500	       1.05913	      0.297758	
41.000	       1.05913	      0.297758	
41.500	      0.518437	      0.297765	
42.000	      0.327111	      0.297729	
42.500	      0.327111	      0.297729	
43.000	      0.284116	      0.297599	
43.500	      0.336232	       0.29713	
44.000	      0.490092	      0.293156	
44.500	      0.490092	      0.293156	
45.000	      0.330779	      0.357465	
45.500	       0.27044	       0.23425	
46.000	       0.27044	       0.23425	
46.500	      0.263754	      0.354639	
47.000	      0.272187	      0.293113	
47.500	      0.383824	      0.296345	
48.000	      0.383824	      0.296345	
48.500	       1.39177	       0.29298	
49.000	       1.23232	      0.344033	
49.500	       1.23232	      0.344033	
50.000	      0.680066	      0.289271	
50.500	       1.14301	       0.34167	
51.000	      0.780609	      0.293576	
51.500	      0.780609	      0.293576	
52.000	       1.95711	      0.297282	
52.500	      0.733776	      0.297868	
53.000	      0.733776	      0.297868	
53.500	      0.315811	      0.298098	
54.000	      0.673404	      0.298222	
54.500	       1.24316	      0.298301	
55.000	       1.24316	      0.298301	
55.500	       2.62564	      0.298358	
56.000	       3.77343	      0.298402	
56.500	       3.77343	      0.298402	
57.000	       1.76672	      0.298438	
57.500	      0.344205	      0.298469	
58.000	      0.344205	      0.298469	
58.500	       1.64465	      0.298497	
59.000	      0.991011	      0.298522	
59.500	       0.13809	      0.298544	
60.000	       0.13809	      0.298544	
60.500	      0.850857	      0.298565	
61.000	       2.15846	      0.298585	
61.500	       2.15846	      0.298585	
62.000	        3.3394	      0.298604	
62.500	       2.36099	      0.298621	
63.000	       0.53787	      0.298638	
63.500	       0.53787	      0.298638	
64.000	       2.56632	      0.298655	
64.500	    0.00594954	       0.29867	
65.000	    0.00594954	       0.29867	
65.500	        4.3807	      0.298685	
66.000	       2.52848	        0.2987	
66.500	       11.1115	      0.298714	
67.000	       11.1115	      0.298714	
67.500	       11.1572	      0.298727	
68.000	       78.1869	      0.298741	
68.500	       78.1869	      0.298741	
69.000	       775.156	      0.298753	
69.500	       75.5266	      0.298766	
70.000	       14.3441	      0.298778	
70.500	       14.3441	      0.298778	
71.000	       6.00851	      0.298789	
71.500	       3.20992	      0.298801	
72.000	       3.20992	      0.298801	
72.500	       1.93448	      0.298812	
73.000	       1.24694	      0.298823	
73.500	      0.834215	      0.298833	
74.000	      0.834215	      0.298833	
74.500	       0.56711	      0.298843	
75.000	      0.384347	      0.298853	
75.500	      0.384347	      0.298853	
76.000	      0.253808	      0.298863	
76.500	      0.157331	      0.298872	
77.000	     0.0840175	      0.298881	
77.500	     0.0840175	      0.298881	
78.000	     0.0270028	       0.29889	
78.500	     0.0182097	      0.298899	
79.000	     0.0182097	      0.298899	
79.500	     0.0546665	      0.298907	
80.000	     0.0844909	      0.298915	
80.500	     0.0844909	      0.298915	
81.000	      0.109199	      0.298923	
81.500	      0.129898	      0.298931	
82.000	      0.147411	      0.298938	
82.500	      0.147411	      0.298938	
83.000	      0.162358	      0.298945	
83.500	      0.175219	      0.298952	
84.000	      0.175219	      0.298952	
84.500	      0.186363	      0.298959	
85.000	      0.196084	      0.298966	
85.500	      0.204614	      0.298972	
86.000	      0.204614	      0.298972	
86.500	      0.212139	      0.298978	
87.000	      0.218812	      0.298984	
87.500	      0.218812	      0.298984	
88.000	      0.224756	       0.29899	
88.500	      0.230074	      0.298996	
89.000	      0.234851	      0.299001	
89.500	      0.234851	      0.299001	
90.000	      0.239157	      0.299006	
90.500	      0.243053	      0.299011	
91.000	      0.243053	      0.299011	
91.500	      0.246589	      0.299016	
92.000	      0.249808	      0.299021	
92.500	      0.252747	      0.299025	
93.000	      0.252747	      0.299025	
93.500	      0.255438	      0.299029	
94.000	      0.257907	      0.299033	
94.500	      0.257907	      0.299033	
95.000	      0.260178	      0.299037	
95.500	      0.262272	      0.299041	
96.000	      0.264207	      0.299045	
96.500	      0.264207	      0.299045	
97.000	      0.265998	      0.299048	
97.500	       0.26766	      0.299051	
98.000	       0.26766	      0.299051	
98.500	      0.269205	      0.299055	
99.000	      0.270642	      0.299057	
99.500	      0.271983	       0.29906	
100.000	      0.271983	       0.29906	
100.500	      0.273235	      0.299063	
101.000	      0.274407	      0.299065	
101.500	      0.274407	      0.299065	
102.000	      0.275504	      0.299067	
102.500	      0.276533	      0.299069	
103.000	      0.276533	      0.299069	
103.500	        0.2775	      0.299071	
104.000	      0.278409	      0.299073	
104.500	      0.279266	      0.299075	
105.000	      0.279266	      0.299075	
105.500	      0.280073	      0.299076	
106.000	      0.280835	      0.299077	
106.500	      0.280835	      0.299077	
107.000	      0.281555	      0.299078	
107.500	      0.282236	      0.299079	
108.000	       0.28288	       0.29908	
108.500	       0.28288	       0.29908	
109.000	      0.283491	      0.299081	
109.500	      0.284071	      0.299081	
110.000	      0.284071	      0.299081	
110.500	      0.284621	      0.299082	
111.000	      0.285144	      0.299082	
111.500	      0.285642	      0.299082	
112.000	      0.285642	      0.299082	
112.500	      0.286115	      0.299082	
113.000	      0.286566	      0.299081	
113.500	      0.286566	      0.299081	
114.000	      0.286996	      0.299081	
114.500	      0.287406	       0.29908	
115.000	      0.287798	      0.299079	
115.500	      0.287798	      0.299079	
116.000	      0.288172	      0.299078	
116.500	       0.28853	      0.299077	
117.000	       0.28853	      0.299077	
117.500	      0.288872	      0.299076	
118.000	        0.2892	      0.299075	
118.500	      0.289514	      0.299073	
119.000	      0.289514	      0.299073	
119.500	      0.289814	      0.299071	
120.000	      0.290103	      0.299069	
120.500	      0.290103	      0.299069	
121.000	       0.29038	      0.299067	
121.500	      0.290646	      0.299065	
122.000	      0.290901	      0.299063	
122.500	      0.290901	      0.299063	
123.000	      0.291146	       0.29906	
123.500	      0.291382	      0.299057	
124.000	      0.291382	      0.299057	
124.500	      0.291609	      0.299054	
125.000	      0.291827	      0.299051	
125.500	      0.291827	      0.299051	
126.000	      0.292038	      0.299048	
126.500	      0.292241	      0.299045	
127.000	      0.292436	      0.299041	
127.500	      0.292436	      0.299041	
128.000	      0.292624	      0.299037	
128.500	      0.292806	      0.299034	
129.000	      0.292806	      0.299034	
129.500	      0.292981	       0.29903	
130.000	      0.293151	      0.299025	
130.500	      0.293314	      0.299021	
131.000	      0.293314	      0.299021	
131.500	      0.293472	      0.299016	
132.000	      0.293625	      0.299011	
132.500	      0.293625	      0.299011	
133.000	      0.293772	      0.299007	
133.500	      0.293915	      0.299001	
134.000	      0.294053	      0.298996	
134.500	      0.294053	      0.298996	
135.000	      0.294187	      0.298991	
135.500	      0.294316	      0.298985	
136.000	      0.294316	      0.298985	
136.500	      0.294442	      0.298979	
137.000	      0.294563	      0.298973	
137.500	      0.294681	      0.298967	
138.000	      0.294681	      0.298967	
138.500	      0.294795	       0.29896	
139.000	      0.294906	      0.298954	
139.500	      0.294906	      0.298954	
140.000	      0.295013	      0.298947	
140.500	      0.295117	       0.29894	
141.000	      0.295218	      0.298932	
141.500	      0.295218	      0.298932	
142.000	      0.295316	      0.298925	
142.500	      0.295412	      0.298917	
143.000	      0.295412	      0.298917	
143.500	      0.295504	       0.29891	
144.000	      0.295594	      0.298901	
144.500	      0.295681	      0.298893	
145.000	      0.295681	      0.298893	
145.500	      0.295766	      0.298885	
146.000	      0.295849	      0.298876	
146.500	      0.295849	      0.298876	
147.000	      0.295929	      0.298867	
147.500	      0.296007	      0.298858	
148.000	      0.296007	      0.298858	
148.500	      0.296083	      0.298848	
149.000	      0.296157	      0.298839	
149.500	      0.296229	      0.298829	
150.000	      0.296229	      0.298829	
150.500	      0.296299	      0.298819	
151.000	      0.296368	      0.298808	
151.500	      0.296368	      0.298808	
152.000	      0.296434	      0.298798	
152.500	      0.296499	      0.298787	
153.000	      0.296562	      0.298776	
153.500	      0.296562	      0.298776	
154.000	      0.296623	      0.298764	
154.500	      0.296683	      0.298753	
155.000	      0.296683	      0.298753	
155.500	      0.296741	      0.298741	
156.000	      0.296798	      0.298729	
156.500	      0.296854	      0.298716	
157.000	      0.296854	      0.298716	
157.500	      0.296908	      0.298703	
158.000	      0.296961	       0.29869	
158.500	      0.296961	       0.29869	
159.000	      0.297012	      0.298677	
159.500	      0.297063	      0.298663	
160.000	      0.297112	      0.298649	
160.500	      0.297112	      0.298649	
161.000	      0.297159	      0.298635	
161.500	      0.297206	      0.298621	
162.000	      0.297206	      0.298621	
162.500	      0.297252	      0.298606	
163.000	      0.297296	      0.298591	
163.500	       0.29734	      0.298575	
164.000	       0.29734	      0.298575	
164.500	      0.297382	      0.298559	
165.000	      0.297424	      0.298543	
165.500	      0.297424	      0.298543	
166.000	      0.297464	      0.298527	
166.500	      0.297504	       0.29851	
167.000	      0.297543	      0.298492	
167.500	      0.297543	      0.298492	
168.000	       0.29758	      0.298475	
168.500	      0.297617	      0.298457	
169.000	      0.297617	      0.298457	
169.500	      0.297654	      0.298438	
170.000	      0.297689	      0.298419	
170.500	      0.297689	      0.298419	
171.000	      0.297723	        0.2984	
171.500	      0.297757	      0.298381	
172.000	       0.29779	      0.298361	
172.500	       0.29779	      0.298361	
173.000	      0.297823	       0.29834	
173.500	      0.297854	      0.298319	
174.000	      0.297854	      0.298319	
174.500	      0.297885	      0.298298	
175.000	      0.297915	      0.298276	
175.500	      0.297945	      0.298254	
176.000	      0.297945	      0.298254	
176.500	      0.297974	      0.298231	
177.000	      0.298002	      0.298207	
177.500	      0.298002	      0.298207	
178.000	       0.29803	      0.298184	
178.500	      0.298057	      0.298159	
179.000	      0.298083	      0.298135	
179.500	      0.298083	      0.298135	
180.000	      0.298109	      0.298109	
