
TracePro Release: 3 2 0 
Polar Candela Distribution Data for 
Data covers +/- 180.000 degrees from Normal
Data for Missed Rays
Data generated at 09:36:15 June 25, 2025

	   0.0	 180.0
0.000	      0.268934	      0.268934	
0.500	      0.268898	      0.268969	
1.000	      0.268898	      0.268969	
1.500	      0.268862	      0.269004	
2.000	      0.268824	      0.269037	
2.500	      0.268785	       0.26907	
3.000	      0.268785	       0.26907	
3.500	      0.268746	      0.269102	
4.000	      0.268706	      0.269133	
4.500	      0.268706	      0.269133	
5.000	      0.268664	      0.269164	
5.500	      0.268622	      0.269194	
6.000	      0.268579	      0.269223	
6.500	      0.268579	      0.269223	
7.000	      0.268534	      0.269252	
7.500	      0.268488	       0.26928	
8.000	      0.268488	       0.26928	
8.500	      0.268442	      0.269307	
9.000	      0.268394	      0.269334	
9.500	      0.268345	       0.26936	
10.000	      0.268345	       0.26936	
10.500	      0.268294	      0.269386	
11.000	      0.268243	      0.269411	
11.500	      0.268243	      0.269411	
12.000	       0.26819	      0.269435	
12.500	      0.268136	      0.269459	
13.000	      0.268136	      0.269459	
13.500	       0.26808	      0.269483	
14.000	      0.268023	      0.269506	
14.500	      0.267964	      0.269528	
15.000	      0.267964	      0.269528	
15.500	      0.267904	       0.26955	
16.000	      0.267842	      0.269572	
16.500	      0.267842	      0.269572	
17.000	      0.267778	      0.269593	
17.500	      0.267713	      0.269614	
18.000	      0.267646	      0.269634	
18.500	      0.267646	      0.269634	
19.000	      0.267577	      0.269654	
19.500	      0.267506	      0.269673	
20.000	      0.267506	      0.269673	
20.500	      0.267433	      0.269692	
21.000	      0.267358	      0.269711	
21.500	      0.267281	      0.269729	
22.000	      0.267281	      0.269729	
22.500	      0.267201	      0.269747	
23.000	       0.26712	      0.269764	
23.500	       0.26712	      0.269764	
24.000	      0.267036	      0.269781	
24.500	      0.266949	      0.269798	
25.000	       0.26686	      0.269814	
25.500	       0.26686	      0.269814	
26.000	      0.266768	       0.26983	
26.500	      0.266673	      0.269846	
27.000	      0.266673	      0.269846	
27.500	      0.266576	      0.269861	
28.000	      0.266475	      0.269876	
28.500	      0.266372	      0.269891	
29.000	      0.266372	      0.269891	
29.500	      0.266265	      0.269905	
30.000	      0.266154	      0.269919	
30.500	      0.266154	      0.269919	
31.000	       0.26604	      0.269933	
31.500	      0.265922	      0.269947	
32.000	      0.265801	       0.26996	
32.500	      0.265801	       0.26996	
33.000	      0.265675	      0.269973	
33.500	      0.265545	      0.269985	
34.000	      0.265545	      0.269985	
34.500	      0.265411	      0.269998	
35.000	      0.265272	       0.27001	
35.500	      0.265272	       0.27001	
36.000	      0.265128	      0.270022	
36.500	      0.264979	      0.270033	
37.000	      0.264825	      0.270044	
37.500	      0.264825	      0.270044	
38.000	      0.264665	      0.270056	
38.500	      0.264499	      0.270066	
39.000	      0.264499	      0.270066	
39.500	      0.264327	      0.270077	
40.000	      0.264149	      0.270087	
40.500	      0.263964	      0.270097	
41.000	      0.263964	      0.270097	
41.500	      0.263772	      0.270107	
42.000	      0.263573	      0.270117	
42.500	      0.263573	      0.270117	
43.000	      0.263366	      0.270126	
43.500	       0.26315	      0.270135	
44.000	      0.262926	      0.270144	
44.500	      0.262926	      0.270144	
45.000	      0.262692	      0.270153	
45.500	      0.262449	      0.270162	
46.000	      0.262449	      0.270162	
46.500	      0.262196	       0.27017	
47.000	      0.261931	      0.270178	
47.500	      0.261656	      0.270186	
48.000	      0.261656	      0.270186	
48.500	      0.261368	      0.270194	
49.000	      0.261067	      0.270201	
49.500	      0.261067	      0.270201	
50.000	      0.260753	      0.270209	
50.500	      0.260424	      0.270216	
51.000	      0.260079	      0.270223	
51.500	      0.260079	      0.270223	
52.000	      0.259719	       0.27023	
52.500	      0.259341	      0.270236	
53.000	      0.259341	      0.270236	
53.500	      0.258944	      0.270243	
54.000	      0.258527	      0.270249	
54.500	      0.258089	      0.270255	
55.000	      0.258089	      0.270255	
55.500	      0.257628	      0.270261	
56.000	      0.257143	      0.270266	
56.500	      0.257143	      0.270266	
57.000	      0.256631	      0.270272	
57.500	      0.256091	      0.270277	
58.000	      0.256091	      0.270277	
58.500	       0.25552	      0.270282	
59.000	      0.254917	      0.270287	
59.500	      0.254278	      0.270292	
60.000	      0.254278	      0.270292	
60.500	        0.2536	      0.270297	
61.000	      0.252879	      0.270302	
61.500	      0.252879	      0.270302	
62.000	      0.252113	      0.270306	
62.500	      0.251297	       0.27031	
63.000	      0.250425	      0.270314	
63.500	      0.250425	      0.270314	
64.000	      0.249492	      0.270318	
64.500	      0.248492	      0.270322	
65.000	      0.248492	      0.270322	
65.500	      0.247416	      0.270325	
66.000	      0.246255	      0.270329	
66.500	      0.244999	      0.270332	
67.000	      0.244999	      0.270332	
67.500	      0.243634	      0.270335	
68.000	      0.242142	      0.270338	
68.500	      0.242142	      0.270338	
69.000	      0.240501	      0.270341	
69.500	      0.238684	      0.270344	
70.000	      0.236649	      0.270346	
70.500	      0.236649	      0.270346	
71.000	      0.234341	      0.270348	
71.500	      0.231673	      0.270351	
72.000	      0.231673	      0.270351	
72.500	       0.22851	      0.270353	
73.000	      0.224618	      0.270355	
73.500	      0.219562	      0.270356	
74.000	      0.219562	      0.270356	
74.500	      0.212431	      0.270358	
75.000	      0.201013	       0.27036	
75.500	      0.201013	       0.27036	
76.000	      0.178581	      0.270361	
76.500	      0.115194	      0.270362	
77.000	      0.370356	      0.270363	
77.500	      0.370356	      0.270363	
78.000	       7.23743	      0.270364	
78.500	       6.97982	      0.270365	
79.000	       6.97982	      0.270365	
79.500	       10.3428	      0.270366	
80.000	       8.63193	      0.270366	
80.500	       8.63193	      0.270366	
81.000	       8.98123	      0.270367	
81.500	       10.0528	      0.270367	
82.000	       8.25679	      0.270367	
82.500	       8.25679	      0.270367	
83.000	       9.03628	      0.270367	
83.500	        6.1383	      0.270367	
84.000	        6.1383	      0.270367	
84.500	        4.7947	      0.270366	
85.000	       5.56501	      0.270366	
85.500	       2.13024	      0.270365	
86.000	       2.13024	      0.270365	
86.500	       3.03613	      0.270364	
87.000	       4.40004	      0.270363	
87.500	       4.40004	      0.270363	
88.000	       2.36899	      0.270362	
88.500	        4.5785	      0.270361	
89.000	       4.73873	       0.27036	
89.500	       4.73873	       0.27036	
90.000	       3.81596	      0.270358	
90.500	        0.9443	      0.270357	
91.000	        0.9443	      0.270357	
91.500	       1.25842	      0.270355	
92.000	      0.474344	      0.270353	
92.500	       1.71399	      0.270351	
93.000	       1.71399	      0.270351	
93.500	      0.974518	      0.270349	
94.000	       6.07434	      0.270346	
94.500	       6.07434	      0.270346	
95.000	      0.640425	      0.270344	
95.500	       7.91109	      0.270341	
96.000	       12.4737	      0.270339	
96.500	       12.4737	      0.270339	
97.000	       70.4769	      0.270336	
97.500	       698.501	      0.270333	
98.000	       698.501	      0.270333	
98.500	       68.0418	      0.270329	
99.000	       12.9192	      0.270326	
99.500	       5.41062	      0.270322	
100.000	       5.41062	      0.270322	
100.500	       2.88992	      0.270319	
101.000	        1.7412	      0.270315	
101.500	        1.7412	      0.270315	
102.000	         1.122	      0.270311	
102.500	      0.750301	      0.270307	
103.000	      0.750301	      0.270307	
103.500	      0.509749	      0.270302	
104.000	      0.345157	      0.270298	
104.500	      0.227597	      0.270293	
105.000	      0.227597	      0.270293	
105.500	      0.140713	      0.270288	
106.000	     0.0746884	      0.270283	
106.500	     0.0746884	      0.270283	
107.000	     0.0233426	      0.270278	
107.500	     0.0173745	      0.270273	
108.000	     0.0502066	      0.270267	
108.500	     0.0502066	      0.270267	
109.000	     0.0770658	      0.270262	
109.500	     0.0993177	      0.270256	
110.000	     0.0993177	      0.270256	
110.500	      0.117959	       0.27025	
111.000	      0.133731	      0.270244	
111.500	      0.147193	      0.270237	
112.000	      0.147193	      0.270237	
112.500	      0.158775	      0.270231	
113.000	      0.168812	      0.270224	
113.500	      0.168812	      0.270224	
114.000	      0.177567	      0.270217	
114.500	      0.185249	       0.27021	
115.000	      0.192027	      0.270203	
115.500	      0.192027	      0.270203	
116.000	      0.198037	      0.270195	
116.500	      0.203391	      0.270187	
117.000	      0.203391	      0.270187	
117.500	      0.208181	      0.270179	
118.000	      0.212483	      0.270171	
118.500	      0.216362	      0.270163	
119.000	      0.216362	      0.270163	
119.500	      0.219871	      0.270155	
120.000	      0.223057	      0.270146	
120.500	      0.223057	      0.270146	
121.000	      0.225956	      0.270137	
121.500	      0.228604	      0.270128	
122.000	      0.231027	      0.270118	
122.500	      0.231027	      0.270118	
123.000	      0.233252	      0.270109	
123.500	      0.235298	      0.270099	
124.000	      0.235298	      0.270099	
124.500	      0.237185	      0.270089	
125.000	      0.238928	      0.270079	
125.500	      0.238928	      0.270079	
126.000	      0.240542	      0.270068	
126.500	      0.242039	      0.270057	
127.000	       0.24343	      0.270046	
127.500	       0.24343	      0.270046	
128.000	      0.244726	      0.270035	
128.500	      0.245934	      0.270024	
129.000	      0.245934	      0.270024	
129.500	      0.247062	      0.270012	
130.000	      0.248118	          0.27	
130.500	      0.249106	      0.269987	
131.000	      0.249106	      0.269987	
131.500	      0.250034	      0.269975	
132.000	      0.250905	      0.269962	
132.500	      0.250905	      0.269962	
133.000	      0.251725	      0.269949	
133.500	      0.252496	      0.269935	
134.000	      0.253224	      0.269922	
134.500	      0.253224	      0.269922	
135.000	       0.25391	      0.269908	
135.500	      0.254559	      0.269893	
136.000	      0.254559	      0.269893	
136.500	      0.255173	      0.269879	
137.000	      0.255754	      0.269864	
137.500	      0.256305	      0.269848	
138.000	      0.256305	      0.269848	
138.500	      0.256827	      0.269833	
139.000	      0.257323	      0.269817	
139.500	      0.257323	      0.269817	
140.000	      0.257794	      0.269801	
140.500	      0.258243	      0.269784	
141.000	      0.258669	      0.269767	
141.500	      0.258669	      0.269767	
142.000	      0.259076	       0.26975	
142.500	      0.259464	      0.269732	
143.000	      0.259464	      0.269732	
143.500	      0.259833	      0.269714	
144.000	      0.260187	      0.269695	
144.500	      0.260524	      0.269676	
145.000	      0.260524	      0.269676	
145.500	      0.260846	      0.269657	
146.000	      0.261155	      0.269637	
146.500	      0.261155	      0.269637	
147.000	       0.26145	      0.269617	
147.500	      0.261733	      0.269597	
148.000	      0.261733	      0.269597	
148.500	      0.262005	      0.269576	
149.000	      0.262265	      0.269554	
149.500	      0.262514	      0.269532	
150.000	      0.262514	      0.269532	
150.500	      0.262754	       0.26951	
151.000	      0.262984	      0.269487	
151.500	      0.262984	      0.269487	
152.000	      0.263205	      0.269463	
152.500	      0.263418	      0.269439	
153.000	      0.263623	      0.269415	
153.500	      0.263623	      0.269415	
154.000	       0.26382	       0.26939	
154.500	      0.264009	      0.269365	
155.000	      0.264009	      0.269365	
155.500	      0.264192	      0.269338	
156.000	      0.264368	      0.269312	
156.500	      0.264538	      0.269284	
157.000	      0.264538	      0.269284	
157.500	      0.264702	      0.269257	
158.000	       0.26486	      0.269228	
158.500	       0.26486	      0.269228	
159.000	      0.265013	      0.269199	
159.500	       0.26516	      0.269169	
160.000	      0.265303	      0.269139	
160.500	      0.265303	      0.269139	
161.000	       0.26544	      0.269107	
161.500	      0.265574	      0.269076	
162.000	      0.265574	      0.269076	
162.500	      0.265702	      0.269043	
163.000	      0.265827	       0.26901	
163.500	      0.265948	      0.268975	
164.000	      0.265948	      0.268975	
164.500	      0.266064	      0.268941	
165.000	      0.266177	      0.268905	
165.500	      0.266177	      0.268905	
166.000	      0.266287	      0.268868	
166.500	      0.266393	      0.268831	
167.000	      0.266496	      0.268792	
167.500	      0.266496	      0.268792	
168.000	      0.266596	      0.268753	
168.500	      0.266693	      0.268713	
169.000	      0.266693	      0.268713	
169.500	      0.266787	      0.268672	
170.000	      0.266878	       0.26863	
170.500	      0.266878	       0.26863	
171.000	      0.266967	      0.268586	
171.500	      0.267052	      0.268542	
172.000	      0.267136	      0.268497	
172.500	      0.267136	      0.268497	
173.000	      0.267217	       0.26845	
173.500	      0.267296	      0.268403	
174.000	      0.267296	      0.268403	
174.500	      0.267373	      0.268354	
175.000	      0.267447	      0.268304	
175.500	       0.26752	      0.268252	
176.000	       0.26752	      0.268252	
176.500	       0.26759	        0.2682	
177.000	      0.267659	      0.268146	
177.500	      0.267659	      0.268146	
178.000	      0.267725	       0.26809	
178.500	       0.26779	      0.268033	
179.000	      0.267853	      0.267975	
179.500	      0.267853	      0.267975	
180.000	      0.267915	      0.267915	
