
TracePro Release: 3 2 0 
Polar Candela Distribution Data for 
Data covers +/- 180.000 degrees from Normal
Data for Missed Rays
Data generated at 09:46:44 June 25, 2025

	   0.0	 180.0
0.000	      0.304564	      0.304564	
0.500	      0.304382	      0.304857	
1.000	      0.304382	      0.304857	
1.500	      0.304252	      0.305441	
2.000	       0.30415	      0.307077	
2.500	      0.304063	      0.318728	
3.000	      0.304063	      0.318728	
3.500	      0.303985	      0.157703	
4.000	      0.303913	      0.318866	
4.500	      0.303913	      0.318866	
5.000	      0.303844	      0.307366	
5.500	      0.303777	      0.305916	
6.000	      0.303711	      0.305596	
6.500	      0.303711	      0.305596	
7.000	      0.303646	      0.305779	
7.500	      0.303581	      0.306856	
8.000	      0.303581	      0.306856	
8.500	      0.303515	      0.315494	
9.000	      0.303448	      0.194538	
9.500	      0.303381	      0.315401	
10.000	      0.303381	      0.315401	
10.500	      0.303312	      0.306629	
11.000	      0.303242	      0.305312	
11.500	      0.303242	      0.305312	
12.000	      0.303171	      0.304612	
12.500	      0.303098	      0.303497	
13.000	      0.303098	      0.303497	
13.500	      0.303023	      0.296419	
14.000	      0.302947	      0.393715	
14.500	      0.302869	      0.296376	
15.000	      0.302869	      0.296376	
15.500	      0.302788	      0.303384	
16.000	      0.302706	      0.304352	
16.500	      0.302706	      0.304352	
17.000	      0.302622	      0.304694	
17.500	      0.302535	      0.304868	
18.000	      0.302446	      0.304983	
18.500	      0.302446	      0.304983	
19.000	      0.302354	      0.305081	
19.500	       0.30226	      0.305183	
20.000	       0.30226	      0.305183	
20.500	      0.302163	      0.305323	
21.000	      0.302063	      0.305574	
21.500	      0.301961	      0.306249	
22.000	      0.301961	      0.306249	
22.500	      0.301855	      0.310984	
23.000	      0.301746	      0.245663	
23.500	      0.301746	      0.245663	
24.000	      0.301634	      0.311047	
24.500	      0.301518	      0.306377	
25.000	      0.301398	      0.305773	
25.500	      0.301398	      0.305773	
26.000	      0.301275	      0.305603	
26.500	      0.301147	      0.305565	
27.000	      0.301147	      0.305565	
27.500	      0.301016	      0.305607	
28.000	       0.30088	      0.305758	
28.500	       0.30074	      0.306243	
29.000	       0.30074	      0.306243	
29.500	      0.300595	      0.309816	
30.000	      0.300444	      0.260236	
30.500	      0.300444	      0.260236	
31.000	      0.300289	      0.309833	
31.500	      0.300128	      0.306276	
32.000	      0.299961	      0.305802	
32.500	      0.299961	      0.305802	
33.000	      0.299789	      0.305651	
33.500	      0.299609	       0.30559	
34.000	      0.299609	       0.30559	
34.500	      0.299424	      0.305563	
35.000	      0.299231	      0.305552	
35.500	      0.299231	      0.305552	
36.000	       0.29903	       0.30555	
36.500	      0.298822	      0.305552	
37.000	      0.298605	      0.305558	
37.500	      0.298605	      0.305558	
38.000	       0.29838	      0.305565	
38.500	      0.298145	      0.305573	
39.000	      0.298145	      0.305573	
39.500	        0.2979	      0.305583	
40.000	      0.297644	      0.305592	
40.500	      0.297377	      0.305602	
41.000	      0.297377	      0.305602	
41.500	      0.297098	      0.305613	
42.000	      0.296806	      0.305623	
42.500	      0.296806	      0.305623	
43.000	      0.296499	      0.305633	
43.500	      0.296177	      0.305643	
44.000	      0.295838	      0.305654	
44.500	      0.295838	      0.305654	
45.000	       0.29548	      0.305664	
45.500	      0.295102	      0.305674	
46.000	      0.295102	      0.305674	
46.500	        0.2947	      0.305683	
47.000	      0.294272	      0.305693	
47.500	      0.293813	      0.305702	
48.000	      0.293813	      0.305702	
48.500	      0.293317	      0.305712	
49.000	      0.292775	      0.305721	
49.500	      0.292775	      0.305721	
50.000	      0.292175	       0.30573	
50.500	      0.291497	      0.305739	
51.000	      0.290707	      0.305747	
51.500	      0.290707	      0.305747	
52.000	      0.289744	      0.305755	
52.500	      0.288481	      0.305764	
53.000	      0.288481	      0.305764	
53.500	      0.286623	      0.305772	
54.000	      0.283305	      0.305779	
54.500	      0.274884	      0.305787	
55.000	      0.274884	      0.305787	
55.500	      0.218952	      0.305794	
56.000	      0.977436	      0.305802	
56.500	      0.977436	      0.305802	
57.000	      0.214093	      0.305809	
57.500	      0.260671	      0.305816	
58.000	      0.260671	      0.305816	
58.500	      0.210736	      0.305822	
59.000	       1.01486	      0.305829	
59.500	      0.222652	      0.305835	
60.000	      0.222652	      0.305835	
60.500	      0.338515	      0.305841	
61.000	      0.478734	      0.305847	
61.500	      0.478734	      0.305847	
62.000	      0.344851	      0.305853	
62.500	      0.282441	      0.305858	
63.000	      0.264723	      0.305864	
63.500	      0.264723	      0.305864	
64.000	      0.198418	      0.305869	
64.500	       1.04922	      0.305874	
65.000	       1.04922	      0.305874	
65.500	      0.188069	      0.305879	
66.000	      0.237213	      0.305883	
66.500	      0.177028	      0.305888	
67.000	      0.177028	      0.305888	
67.500	       1.03794	      0.305892	
68.000	     0.0982497	      0.305896	
68.500	     0.0982497	      0.305896	
69.000	       1.02489	        0.3059	
69.500	     0.0317713	      0.305904	
70.000	       1.92853	      0.305908	
70.500	       1.92853	      0.305908	
71.000	      0.724663	      0.305911	
71.500	      0.278598	      0.305914	
72.000	      0.278598	      0.305914	
72.500	      0.119495	      0.305917	
73.000	       2.03079	       0.30592	
73.500	       1.54981	      0.305923	
74.000	       1.54981	      0.305923	
74.500	      0.365743	      0.305926	
75.000	      0.255563	      0.305928	
75.500	      0.255563	      0.305928	
76.000	      0.294275	      0.305931	
76.500	      0.679336	      0.305933	
77.000	       1.11197	      0.305935	
77.500	       1.11197	      0.305935	
78.000	      0.137369	      0.305937	
78.500	      0.180361	      0.305938	
79.000	      0.180361	      0.305938	
79.500	      0.127424	       0.30594	
80.000	       1.14788	      0.305941	
80.500	       1.14788	      0.305941	
81.000	       1.57698	      0.305942	
81.500	      0.270172	      0.305943	
82.000	      0.069851	      0.305944	
82.500	      0.069851	      0.305944	
83.000	      0.988729	      0.305945	
83.500	      0.963015	      0.305945	
84.000	      0.963015	      0.305945	
84.500	       1.91104	      0.305946	
85.000	       1.79092	      0.305946	
85.500	      0.206852	      0.305946	
86.000	      0.206852	      0.305946	
86.500	        1.8859	      0.305946	
87.000	        1.8757	      0.305946	
87.500	        1.8757	      0.305946	
88.000	       3.86674	      0.305945	
88.500	      0.695854	      0.305945	
89.000	       2.65579	      0.305944	
89.500	       2.65579	      0.305944	
90.000	      0.645179	      0.305943	
90.500	       2.87909	      0.305942	
91.000	       2.87909	      0.305942	
91.500	       3.02613	      0.305941	
92.000	       7.71483	      0.305939	
92.500	       14.2084	      0.305938	
93.000	       14.2084	      0.305938	
93.500	       79.3254	      0.305936	
94.000	       788.625	      0.305934	
94.500	       788.625	      0.305934	
95.000	       76.8339	      0.305932	
95.500	       14.5917	       0.30593	
96.000	       6.11197	      0.305928	
96.500	       6.11197	      0.305928	
97.000	       3.26486	      0.305925	
97.500	       1.96722	      0.305923	
98.000	       1.96722	      0.305923	
98.500	       1.26765	       0.30592	
99.000	      0.847677	      0.305917	
99.500	      0.575857	      0.305914	
100.000	      0.575857	      0.305914	
100.500	      0.389854	       0.30591	
101.000	      0.256993	      0.305907	
101.500	      0.256993	      0.305907	
102.000	      0.158794	      0.305903	
102.500	     0.0841668	      0.305899	
103.000	     0.0841668	      0.305899	
103.500	     0.0261282	      0.305895	
104.000	     0.0198984	      0.305891	
104.500	     0.0570133	      0.305887	
105.000	     0.0570133	      0.305887	
105.500	     0.0873772	      0.305882	
106.000	      0.112533	      0.305877	
106.500	      0.112533	      0.305877	
107.000	      0.133608	      0.305872	
107.500	       0.15144	      0.305867	
108.000	       0.16666	      0.305862	
108.500	       0.16666	      0.305862	
109.000	      0.179755	      0.305857	
109.500	      0.191104	      0.305851	
110.000	      0.191104	      0.305851	
110.500	      0.201003	      0.305845	
111.000	      0.209689	      0.305839	
111.500	      0.217353	      0.305833	
112.000	      0.217353	      0.305833	
112.500	      0.224149	      0.305826	
113.000	      0.230202	       0.30582	
113.500	      0.230202	       0.30582	
114.000	      0.235619	      0.305813	
114.500	      0.240484	      0.305806	
115.000	       0.24487	      0.305799	
115.500	       0.24487	      0.305799	
116.000	      0.248839	      0.305791	
116.500	      0.252441	      0.305784	
117.000	      0.252441	      0.305784	
117.500	       0.25572	      0.305776	
118.000	      0.258714	      0.305768	
118.500	      0.261454	       0.30576	
119.000	      0.261454	       0.30576	
119.500	       0.26397	      0.305751	
120.000	      0.266284	      0.305742	
120.500	      0.266284	      0.305742	
121.000	      0.268417	      0.305733	
121.500	      0.270388	      0.305724	
122.000	      0.272214	      0.305715	
122.500	      0.272214	      0.305715	
123.000	      0.273907	      0.305705	
123.500	       0.27548	      0.305695	
124.000	       0.27548	      0.305695	
124.500	      0.276945	      0.305685	
125.000	      0.278312	      0.305675	
125.500	      0.278312	      0.305675	
126.000	      0.279588	      0.305664	
126.500	      0.280781	      0.305653	
127.000	      0.281899	      0.305642	
127.500	      0.281899	      0.305642	
128.000	      0.282948	      0.305631	
128.500	      0.283934	      0.305619	
129.000	      0.283934	      0.305619	
129.500	       0.28486	      0.305607	
130.000	      0.285733	      0.305595	
130.500	      0.286556	      0.305583	
131.000	      0.286556	      0.305583	
131.500	      0.287332	       0.30557	
132.000	      0.288066	      0.305557	
132.500	      0.288066	      0.305557	
133.000	       0.28876	      0.305544	
133.500	      0.289417	       0.30553	
134.000	       0.29004	      0.305516	
134.500	       0.29004	      0.305516	
135.000	      0.290631	      0.305502	
135.500	      0.291192	      0.305487	
136.000	      0.291192	      0.305487	
136.500	      0.291725	      0.305472	
137.000	      0.292232	      0.305457	
137.500	      0.292715	      0.305442	
138.000	      0.292715	      0.305442	
138.500	      0.293175	      0.305426	
139.000	      0.293613	       0.30541	
139.500	      0.293613	       0.30541	
140.000	      0.294031	      0.305393	
140.500	      0.294431	      0.305376	
141.000	      0.294812	      0.305359	
141.500	      0.294812	      0.305359	
142.000	      0.295177	      0.305341	
142.500	      0.295526	      0.305323	
143.000	      0.295526	      0.305323	
143.500	       0.29586	      0.305305	
144.000	       0.29618	      0.305286	
144.500	      0.296487	      0.305267	
145.000	      0.296487	      0.305267	
145.500	      0.296781	      0.305247	
146.000	      0.297063	      0.305227	
146.500	      0.297063	      0.305227	
147.000	      0.297334	      0.305207	
147.500	      0.297595	      0.305186	
148.000	      0.297595	      0.305186	
148.500	      0.297845	      0.305164	
149.000	      0.298086	      0.305142	
149.500	      0.298317	       0.30512	
150.000	      0.298317	       0.30512	
150.500	       0.29854	      0.305097	
151.000	      0.298754	      0.305074	
151.500	      0.298754	      0.305074	
152.000	      0.298961	       0.30505	
152.500	       0.29916	      0.305026	
153.000	      0.299352	      0.305001	
153.500	      0.299352	      0.305001	
154.000	      0.299538	      0.304976	
154.500	      0.299717	       0.30495	
155.000	      0.299717	       0.30495	
155.500	      0.299889	      0.304923	
156.000	      0.300056	      0.304896	
156.500	      0.300217	      0.304869	
157.000	      0.300217	      0.304869	
157.500	      0.300373	       0.30484	
158.000	      0.300524	      0.304811	
158.500	      0.300524	      0.304811	
159.000	      0.300669	      0.304782	
159.500	       0.30081	      0.304752	
160.000	      0.300947	      0.304721	
160.500	      0.300947	      0.304721	
161.000	      0.301079	      0.304689	
161.500	      0.301207	      0.304657	
162.000	      0.301207	      0.304657	
162.500	       0.30133	      0.304624	
163.000	      0.301451	       0.30459	
163.500	      0.301567	      0.304556	
164.000	      0.301567	      0.304556	
164.500	       0.30168	      0.304521	
165.000	      0.301789	      0.304485	
165.500	      0.301789	      0.304485	
166.000	      0.301896	      0.304448	
166.500	      0.301999	       0.30441	
167.000	      0.302099	      0.304371	
167.500	      0.302099	      0.304371	
168.000	      0.302196	      0.304332	
168.500	      0.302291	      0.304291	
169.000	      0.302291	      0.304291	
169.500	      0.302382	       0.30425	
170.000	      0.302472	      0.304208	
170.500	      0.302472	      0.304208	
171.000	      0.302558	      0.304164	
171.500	      0.302643	       0.30412	
172.000	      0.302724	      0.304074	
172.500	      0.302724	      0.304074	
173.000	      0.302804	      0.304028	
173.500	      0.302882	       0.30398	
174.000	      0.302882	       0.30398	
174.500	      0.302957	      0.303931	
175.000	      0.303031	      0.303881	
175.500	      0.303102	       0.30383	
176.000	      0.303102	       0.30383	
176.500	      0.303172	      0.303777	
177.000	       0.30324	      0.303723	
177.500	       0.30324	      0.303723	
178.000	      0.303306	      0.303668	
178.500	       0.30337	      0.303612	
179.000	      0.303433	      0.303553	
179.500	      0.303433	      0.303553	
180.000	      0.303494	      0.303494	
