
TracePro Release: 3 2 0 
Polar Candela Distribution Data for 
Data covers +/- 180.000 degrees from Normal
Data for Missed Rays
Data generated at 09:46:43 June 25, 2025

	   0.0	 180.0
0.000	      0.166139	      0.166139	
0.500	      0.156668	      0.172642	
1.000	      0.156668	      0.172642	
1.500	      0.137561	      0.164997	
2.000	      0.250222	      0.393954	
2.500	     0.0828102	      0.183838	
3.000	     0.0828102	      0.183838	
3.500	      0.554686	      0.220993	
4.000	      0.240298	     0.0978456	
4.500	      0.240298	     0.0978456	
5.000	      0.105176	       0.27034	
5.500	     0.0127262	      0.330671	
6.000	       0.03372	       1.26248	
6.500	       0.03372	       1.26248	
7.000	     0.0048588	       7.96487	
7.500	     0.0490828	      0.998582	
8.000	     0.0490828	      0.998582	
8.500	       0.10557	      0.346707	
9.000	      0.180697	      0.444357	
9.500	      0.292898	      0.232882	
10.000	      0.292898	      0.232882	
10.500	      0.254166	      0.229275	
11.000	      0.648635	      0.180701	
11.500	      0.648635	      0.180701	
12.000	      0.729985	      0.850836	
12.500	       1.62257	      0.020085	
13.000	       1.62257	      0.020085	
13.500	       2.20845	      0.335308	
14.000	       4.54729	      0.228423	
14.500	        10.561	      0.246975	
15.000	        10.561	      0.246975	
15.500	       56.8731	     0.0800625	
16.000	       582.213	      0.469041	
16.500	       582.213	      0.469041	
17.000	       57.1629	    0.00200652	
17.500	        10.447	      0.831428	
18.000	       4.77359	     0.0533416	
18.500	       4.77359	     0.0533416	
19.000	       2.38206	      0.839291	
19.500	       1.55179	    0.00241845	
20.000	       1.55179	    0.00241845	
20.500	      0.712784	      0.927566	
21.000	      0.669362	      0.230493	
21.500	     0.0485098	      0.762079	
22.000	     0.0485098	      0.762079	
22.500	      0.416466	      0.989097	
23.000	      0.184574	       4.20649	
23.500	      0.184574	       4.20649	
24.000	       0.15074	       40.3749	
24.500	      0.417129	       4.20846	
25.000	      0.224575	       1.00058	
25.500	      0.224575	       1.00058	
26.000	      0.284137	      0.563772	
26.500	        0.1732	      0.417469	
27.000	        0.1732	      0.417469	
27.500	       0.17942	      0.351123	
28.000	     0.0789016	      0.315663	
28.500	      0.228772	      0.294661	
29.000	      0.228772	      0.294661	
29.500	      0.168062	      0.281343	
30.000	      0.581139	        0.2725	
30.500	      0.581139	        0.2725	
31.000	     0.0115774	      0.266453	
31.500	      0.200864	      0.262253	
32.000	      0.358808	      0.259304	
32.500	      0.358808	      0.259304	
33.000	      0.404862	      0.257017	
33.500	     0.0873626	      0.251017	
34.000	     0.0873626	      0.251017	
34.500	      0.314333	       0.34727	
35.000	      0.158201	      0.124876	
35.500	      0.158201	      0.124876	
36.000	      0.304166	      0.272597	
36.500	     0.0470147	      0.189574	
37.000	      0.502579	      0.358432	
37.500	      0.502579	      0.358432	
38.000	    0.00898999	      0.105775	
38.500	      0.300107	      0.277313	
39.000	      0.300107	      0.277313	
39.500	      0.139706	      0.265206	
40.000	      0.778361	      0.349522	
40.500	      0.138845	      0.279441	
41.000	      0.138845	      0.279441	
41.500	      0.408088	      0.298675	
42.000	     0.0369074	      0.317486	
42.500	     0.0369074	      0.317486	
43.000	      0.238299	      0.412763	
43.500	      0.015631	       0.42446	
44.000	      0.302513	      0.581023	
44.500	      0.302513	      0.581023	
45.000	      0.203851	       1.03544	
45.500	      0.293518	       4.36482	
46.000	      0.293518	       4.36482	
46.500	      0.199267	       41.8946	
47.000	      0.561629	       4.36483	
47.500	      0.614792	       1.03555	
48.000	      0.614792	       1.03555	
48.500	      0.370337	      0.581599	
49.000	      0.590291	      0.429088	
49.500	      0.590291	      0.429088	
50.000	      0.301711	      0.359541	
50.500	      0.234731	      0.322032	
51.000	      0.224548	      0.299507	
51.500	      0.224548	      0.299507	
52.000	      0.216126	      0.284927	
52.500	      0.288377	       0.27495	
53.000	      0.288377	       0.27495	
53.500	      0.207999	      0.267826	
54.000	      0.348771	      0.262564	
54.500	     0.0356137	      0.258569	
55.000	     0.0356137	      0.258569	
55.500	      0.417993	      0.255466	
56.000	      0.762379	      0.253009	
56.500	      0.762379	      0.253009	
57.000	      0.540337	      0.251032	
57.500	     0.0511518	      0.249419	
58.000	     0.0511518	      0.249419	
58.500	      0.229472	      0.248087	
59.000	      0.202929	      0.246975	
59.500	      0.355359	      0.246038	
60.000	      0.355359	      0.246038	
60.500	      0.184729	      0.245242	
61.000	      0.353616	      0.244561	
61.500	      0.353616	      0.244561	
62.000	     0.0519426	      0.243974	
62.500	      0.337085	      0.243465	
63.000	      0.171493	      0.243022	
63.500	      0.171493	      0.243022	
64.000	      0.315929	      0.242634	
64.500	    0.00896038	      0.242293	
65.000	    0.00896038	      0.242293	
65.500	        1.0813	      0.241992	
66.000	    0.00780548	      0.241725	
66.500	      0.148124	      0.241488	
67.000	      0.148124	      0.241488	
67.500	     0.0673267	      0.241276	
68.000	       1.04189	      0.241087	
68.500	       1.04189	      0.241087	
69.000	     0.0297559	      0.240917	
69.500	      0.133829	      0.240765	
70.000	     0.0379611	      0.240628	
70.500	     0.0379611	      0.240628	
71.000	     0.0270225	      0.240504	
71.500	      0.197387	      0.240392	
72.000	      0.197387	      0.240392	
72.500	      0.507604	      0.240291	
73.000	       1.08421	      0.240199	
73.500	      0.133785	      0.240116	
74.000	      0.133785	      0.240116	
74.500	       12.2208	       0.24004	
75.000	       117.201	      0.239971	
75.500	       117.201	      0.239971	
76.000	       11.2206	      0.239908	
76.500	       1.98314	      0.239851	
77.000	      0.723021	      0.239799	
77.500	      0.723021	      0.239799	
78.000	      0.299381	      0.239752	
78.500	      0.106271	      0.239708	
79.000	      0.106271	      0.239708	
79.500	    0.00291788	      0.239668	
80.000	     0.0516743	      0.239632	
80.500	     0.0516743	      0.239632	
81.000	      0.206189	      0.239599	
81.500	       0.11996	      0.239569	
82.000	      0.147304	      0.239541	
82.500	      0.147304	      0.239541	
83.000	      0.157098	      0.239515	
83.500	      0.253198	      0.239492	
84.000	      0.253198	      0.239492	
84.500	      0.177336	      0.239471	
85.000	      0.189643	      0.239452	
85.500	      0.189696	      0.239434	
86.000	      0.189696	      0.239434	
86.500	      0.285153	      0.239418	
87.000	      0.198712	      0.239403	
87.500	      0.198712	      0.239403	
88.000	      0.208581	       0.23939	
88.500	      0.212309	      0.239378	
89.000	      0.215041	      0.239367	
89.500	      0.215041	      0.239367	
90.000	      0.217289	      0.239357	
90.500	      0.219218	      0.239347	
91.000	      0.219218	      0.239347	
91.500	      0.220918	      0.239339	
92.000	      0.222462	      0.239332	
92.500	      0.223937	      0.239325	
93.000	      0.223937	      0.239325	
93.500	      0.225513	      0.239319	
94.000	      0.227811	      0.239314	
94.500	      0.227811	      0.239314	
95.000	      0.237634	      0.239309	
95.500	      0.118959	      0.239304	
96.000	      0.246251	      0.239301	
96.500	      0.246251	      0.239301	
97.000	      0.149791	      0.239297	
97.500	      0.236631	      0.239294	
98.000	      0.236631	      0.239294	
98.500	      0.223877	      0.239292	
99.000	      0.325275	       0.23929	
99.500	     0.0971803	      0.239288	
100.000	     0.0971803	      0.239288	
100.500	      0.665391	      0.239286	
101.000	      0.184334	      0.239285	
101.500	      0.184334	      0.239285	
102.000	      0.293613	      0.239284	
102.500	      0.110396	      0.239283	
103.000	      0.110396	      0.239283	
103.500	      0.375305	      0.239283	
104.000	      0.229276	      0.239282	
104.500	      0.234162	      0.239282	
105.000	      0.234162	      0.239282	
105.500	      0.234212	      0.239282	
106.000	      0.234204	      0.239282	
106.500	      0.234204	      0.239282	
107.000	       0.23426	      0.239282	
107.500	      0.234358	      0.239283	
108.000	       0.23448	      0.239283	
108.500	       0.23448	      0.239283	
109.000	      0.234614	      0.239284	
109.500	      0.234753	      0.239284	
110.000	      0.234753	      0.239284	
110.500	      0.234893	      0.239285	
111.000	      0.235031	      0.239286	
111.500	      0.235167	      0.239287	
112.000	      0.235167	      0.239287	
112.500	      0.235299	      0.239287	
113.000	      0.235426	      0.239288	
113.500	      0.235426	      0.239288	
114.000	       0.23555	      0.239289	
114.500	      0.235669	       0.23929	
115.000	      0.235783	      0.239291	
115.500	      0.235783	      0.239291	
116.000	      0.235894	      0.239292	
116.500	         0.236	      0.239293	
117.000	         0.236	      0.239293	
117.500	      0.236102	      0.239294	
118.000	        0.2362	      0.239295	
118.500	      0.236294	      0.239296	
119.000	      0.236294	      0.239296	
119.500	      0.236385	      0.239297	
120.000	      0.236473	      0.239298	
120.500	      0.236473	      0.239298	
121.000	      0.236557	      0.239299	
121.500	      0.236638	        0.2393	
122.000	      0.236716	        0.2393	
122.500	      0.236716	        0.2393	
123.000	      0.236792	      0.239301	
123.500	      0.236865	      0.239302	
124.000	      0.236865	      0.239302	
124.500	      0.236935	      0.239303	
125.000	      0.237002	      0.239303	
125.500	      0.237002	      0.239303	
126.000	      0.237068	      0.239304	
126.500	      0.237131	      0.239304	
127.000	      0.237192	      0.239305	
127.500	      0.237192	      0.239305	
128.000	      0.237251	      0.239305	
128.500	      0.237308	      0.239306	
129.000	      0.237308	      0.239306	
129.500	      0.237363	      0.239306	
130.000	      0.237417	      0.239306	
130.500	      0.237469	      0.239307	
131.000	      0.237469	      0.239307	
131.500	      0.237519	      0.239307	
132.000	      0.237567	      0.239307	
132.500	      0.237567	      0.239307	
133.000	      0.237615	      0.239307	
133.500	       0.23766	      0.239307	
134.000	      0.237705	      0.239307	
134.500	      0.237705	      0.239307	
135.000	      0.237748	      0.239306	
135.500	      0.237789	      0.239306	
136.000	      0.237789	      0.239306	
136.500	       0.23783	      0.239306	
137.000	      0.237869	      0.239305	
137.500	      0.237907	      0.239305	
138.000	      0.237907	      0.239305	
138.500	      0.237945	      0.239304	
139.000	      0.237981	      0.239303	
139.500	      0.237981	      0.239303	
140.000	      0.238016	      0.239303	
140.500	       0.23805	      0.239302	
141.000	      0.238083	      0.239301	
141.500	      0.238083	      0.239301	
142.000	      0.238116	        0.2393	
142.500	      0.238147	      0.239299	
143.000	      0.238147	      0.239299	
143.500	      0.238178	      0.239297	
144.000	      0.238207	      0.239296	
144.500	      0.238236	      0.239294	
145.000	      0.238236	      0.239294	
145.500	      0.238265	      0.239293	
146.000	      0.238292	      0.239291	
146.500	      0.238292	      0.239291	
147.000	      0.238319	       0.23929	
147.500	      0.238345	      0.239288	
148.000	      0.238345	      0.239288	
148.500	      0.238371	      0.239286	
149.000	      0.238396	      0.239284	
149.500	       0.23842	      0.239281	
150.000	       0.23842	      0.239281	
150.500	      0.238444	      0.239279	
151.000	      0.238467	      0.239277	
151.500	      0.238467	      0.239277	
152.000	      0.238489	      0.239274	
152.500	      0.238511	      0.239272	
153.000	      0.238532	      0.239269	
153.500	      0.238532	      0.239269	
154.000	      0.238553	      0.239266	
154.500	      0.238574	      0.239263	
155.000	      0.238574	      0.239263	
155.500	      0.238594	       0.23926	
156.000	      0.238613	      0.239257	
156.500	      0.238632	      0.239254	
157.000	      0.238632	      0.239254	
157.500	       0.23865	       0.23925	
158.000	      0.238669	      0.239247	
158.500	      0.238669	      0.239247	
159.000	      0.238686	      0.239243	
159.500	      0.238703	      0.239239	
160.000	       0.23872	      0.239235	
160.500	       0.23872	      0.239235	
161.000	      0.238737	      0.239231	
161.500	      0.238753	      0.239227	
162.000	      0.238753	      0.239227	
162.500	      0.238768	      0.239222	
163.000	      0.238784	      0.239218	
163.500	      0.238799	      0.239213	
164.000	      0.238799	      0.239213	
164.500	      0.238813	      0.239208	
165.000	      0.238828	      0.239204	
165.500	      0.238828	      0.239204	
166.000	      0.238842	      0.239198	
166.500	      0.238855	      0.239193	
167.000	      0.238869	      0.239188	
167.500	      0.238869	      0.239188	
168.000	      0.238882	      0.239182	
168.500	      0.238894	      0.239177	
169.000	      0.238894	      0.239177	
169.500	      0.238907	      0.239171	
170.000	      0.238919	      0.239165	
170.500	      0.238919	      0.239165	
171.000	      0.238931	      0.239159	
171.500	      0.238943	      0.239152	
172.000	      0.238954	      0.239146	
172.500	      0.238954	      0.239146	
173.000	      0.238965	      0.239139	
173.500	      0.238976	      0.239132	
174.000	      0.238976	      0.239132	
174.500	      0.238986	      0.239125	
175.000	      0.238997	      0.239118	
175.500	      0.239007	      0.239111	
176.000	      0.239007	      0.239111	
176.500	      0.239017	      0.239103	
177.000	      0.239026	      0.239096	
177.500	      0.239026	      0.239096	
178.000	      0.239036	      0.239088	
178.500	      0.239045	      0.239079	
179.000	      0.239054	      0.239071	
179.500	      0.239054	      0.239071	
180.000	      0.239063	      0.239063	
