
TracePro Release: 3 2 0 
Polar Candela Distribution Data for 
Data covers +/- 180.000 degrees from Normal
Data for Missed Rays
Data generated at 09:46:29 June 30, 2025

	   0.0	 180.0
0.000	     0.0655787	     0.0655787	
0.500	     0.0929367	     0.0304638	
1.000	     0.0929367	     0.0304638	
1.500	      0.114674	     0.0156673	
2.000	      0.132238	     0.0779887	
2.500	      0.146639	      0.165119	
3.000	      0.146639	      0.165119	
3.500	      0.158597	      0.292296	
4.000	       0.16864	      0.488577	
4.500	       0.16864	      0.488577	
5.000	      0.177158	      0.815216	
5.500	      0.184448	       1.42059	
6.000	      0.190737	       2.74779	
6.500	      0.190737	       2.74779	
7.000	      0.196202	       6.69767	
7.500	      0.200984	       35.6645	
8.000	      0.200984	       35.6645	
8.500	      0.205192	       366.817	
9.000	      0.208916	       35.6655	
9.500	      0.212228	       6.69967	
10.000	      0.212228	       6.69967	
10.500	      0.215188	       2.75081	
11.000	      0.217846	       1.42465	
11.500	      0.217846	       1.42465	
12.000	       0.22024	       0.82034	
12.500	      0.222407	      0.494795	
13.000	      0.222407	      0.494795	
13.500	      0.224373	      0.299648	
14.000	      0.226164	      0.173654	
14.500	      0.227801	     0.0877629	
15.000	      0.227801	     0.0877629	
15.500	        0.2293	     0.0267484	
16.000	      0.230678	     0.0179973	
16.500	      0.230678	     0.0179973	
17.000	      0.231946	     0.0516353	
17.500	      0.233118	     0.0774102	
18.000	      0.234202	     0.0974413	
18.500	      0.234202	     0.0974413	
19.000	      0.235208	      0.113157	
19.500	      0.236142	      0.125542	
20.000	      0.236142	      0.125542	
20.500	      0.237013	      0.135293	
21.000	      0.237825	      0.142902	
21.500	      0.238583	      0.148722	
22.000	      0.238583	      0.148722	
22.500	      0.239294	      0.153004	
23.000	       0.23996	      0.155917	
23.500	       0.23996	      0.155917	
24.000	      0.240586	      0.157568	
24.500	      0.241175	       0.15801	
25.000	      0.241729	      0.157243	
25.500	      0.241729	      0.157243	
26.000	      0.242252	       0.15522	
26.500	      0.242746	      0.151834	
27.000	      0.242746	      0.151834	
27.500	      0.243213	      0.146912	
28.000	      0.243655	      0.140197	
28.500	      0.244075	      0.131318	
29.000	      0.244075	      0.131318	
29.500	      0.244473	      0.119744	
30.000	      0.244851	      0.104714	
30.500	      0.244851	      0.104714	
31.000	      0.245211	      0.085118	
31.500	      0.245553	     0.0593053	
32.000	       0.24588	     0.0247418	
32.500	       0.24588	     0.0247418	
33.000	      0.246191	     0.0226082	
33.500	      0.246489	     0.0894792	
34.000	      0.246489	     0.0894792	
34.500	      0.246773	       0.18779	
35.000	      0.247045	      0.340282	
35.500	      0.247045	      0.340282	
36.000	      0.247306	      0.594906	
36.500	      0.247556	       1.06783	
37.000	      0.247796	       2.10598	
37.500	      0.247796	       2.10598	
38.000	      0.248026	        5.1977	
38.500	      0.248247	       27.8774	
39.000	      0.248247	       27.8774	
39.500	       0.24846	       287.261	
40.000	      0.248665	       27.8763	
40.500	      0.248863	        5.1956	
41.000	      0.248863	        5.1956	
41.500	      0.249053	       2.10283	
42.000	      0.249237	       1.06359	
42.500	      0.249237	       1.06359	
43.000	      0.249415	      0.589553	
43.500	      0.249587	      0.333781	
44.000	      0.249753	      0.180097	
44.500	      0.249753	      0.180097	
45.000	      0.249914	     0.0805416	
45.500	       0.25007	     0.0123622	
46.000	       0.25007	     0.0123622	
46.500	      0.250221	     0.0363707	
47.000	      0.250368	     0.0724045	
47.500	      0.250511	     0.0997893	
48.000	      0.250511	     0.0997893	
48.500	      0.250649	      0.121075	
49.000	      0.250785	      0.137934	
49.500	      0.250785	      0.137934	
50.000	      0.250916	      0.151495	
50.500	      0.251045	      0.162548	
51.000	       0.25117	      0.171654	
51.500	       0.25117	      0.171654	
52.000	      0.251293	       0.17922	
52.500	      0.251413	      0.185549	
53.000	      0.251413	      0.185549	
53.500	       0.25153	      0.190868	
54.000	      0.251645	      0.195347	
54.500	      0.251758	      0.199118	
55.000	      0.251758	      0.199118	
55.500	      0.251869	       0.20228	
56.000	      0.251978	      0.204908	
56.500	      0.251978	      0.204908	
57.000	      0.252085	      0.207058	
57.500	      0.252191	      0.208769	
58.000	      0.252191	      0.208769	
58.500	      0.252296	      0.210064	
59.000	      0.252399	      0.210955	
59.500	      0.252501	      0.211437	
60.000	      0.252501	      0.211437	
60.500	      0.252603	      0.211492	
61.000	      0.252703	      0.211083	
61.500	      0.252703	      0.211083	
62.000	      0.252803	      0.210148	
62.500	      0.252903	        0.2086	
63.000	      0.253002	      0.206305	
63.500	      0.253002	      0.206305	
64.000	      0.253101	      0.203073	
64.500	        0.2532	      0.198621	
65.000	        0.2532	      0.198621	
65.500	      0.253299	      0.192526	
66.000	      0.253399	      0.184139	
66.500	      0.253499	      0.172421	
67.000	      0.253499	      0.172421	
67.500	        0.2536	      0.155638	
68.000	      0.253702	      0.130715	
68.500	      0.253702	      0.130715	
69.000	      0.253805	     0.0917887	
69.500	       0.25391	     0.0264874	
70.000	      0.254016	     0.0951616	
70.500	      0.254016	     0.0951616	
71.000	      0.254124	      0.362672	
71.500	      0.254234	       1.16007	
72.000	      0.254234	       1.16007	
72.500	      0.254346	       7.01167	
73.000	      0.254462	       74.3022	
73.500	       0.25458	       7.01079	
74.000	       0.25458	       7.01079	
74.500	      0.254702	        1.1583	
75.000	      0.254827	      0.360014	
75.500	      0.254827	      0.360014	
76.000	      0.254957	     0.0915986	
76.500	      0.255092	     0.0309725	
77.000	      0.255232	     0.0972175	
77.500	      0.255232	     0.0972175	
78.000	      0.255377	      0.137114	
78.500	       0.25553	      0.163038	
79.000	       0.25553	      0.163038	
79.500	      0.255689	      0.180861	
80.000	      0.255856	      0.193662	
80.500	      0.255856	      0.193662	
81.000	      0.256033	      0.203182	
81.500	      0.256219	      0.210468	
82.000	      0.256415	      0.216178	
82.500	      0.256415	      0.216178	
83.000	      0.256624	      0.220745	
83.500	      0.256847	      0.224462	
84.000	      0.256847	      0.224462	
84.500	      0.257085	      0.227532	
85.000	      0.257339	      0.230103	
85.500	      0.257613	       0.23228	
86.000	      0.257613	       0.23228	
86.500	      0.257908	      0.234143	
87.000	      0.258226	      0.235753	
87.500	      0.258226	      0.235753	
88.000	      0.258573	      0.237155	
88.500	       0.25895	      0.238386	
89.000	      0.259362	      0.239474	
89.500	      0.259362	      0.239474	
90.000	      0.259814	      0.240442	
90.500	      0.260312	      0.241307	
91.000	      0.260312	      0.241307	
91.500	      0.260864	      0.242085	
92.000	      0.261477	      0.242789	
92.500	      0.262162	      0.243427	
93.000	      0.262162	      0.243427	
93.500	      0.262931	      0.244009	
94.000	        0.2638	      0.244541	
94.500	        0.2638	      0.244541	
95.000	      0.264785	       0.24503	
95.500	      0.265912	       0.24548	
96.000	      0.267208	      0.245896	
96.500	      0.267208	      0.245896	
97.000	      0.268711	      0.246281	
97.500	      0.270468	       0.24664	
98.000	      0.270468	       0.24664	
98.500	       0.27254	      0.246973	
99.000	      0.275009	      0.247285	
99.500	      0.277985	      0.247576	
100.000	      0.277985	      0.247576	
100.500	      0.281617	       0.24785	
101.000	      0.286116	      0.248107	
101.500	      0.286116	      0.248107	
102.000	      0.291783	      0.248349	
102.500	      0.299064	      0.248577	
103.000	      0.299064	      0.248577	
103.500	      0.308637	      0.248792	
104.000	      0.321581	      0.248996	
104.500	      0.339691	      0.249189	
105.000	      0.339691	      0.249189	
105.500	      0.366142	      0.249373	
106.000	      0.406989	      0.249547	
106.500	      0.406989	      0.249547	
107.000	      0.474995	      0.249712	
107.500	      0.601082	       0.24987	
108.000	      0.877579	      0.250021	
108.500	      0.877579	      0.250021	
109.000	        1.7006	      0.250164	
109.500	       7.73675	      0.250301	
110.000	       7.73675	      0.250301	
110.500	       76.1341	      0.250433	
111.000	       7.73677	      0.250558	
111.500	       1.70065	      0.250679	
112.000	       1.70065	      0.250679	
112.500	      0.877653	      0.250794	
113.000	      0.601181	      0.250905	
113.500	      0.601181	      0.250905	
114.000	      0.475119	      0.251012	
114.500	      0.407138	      0.251114	
115.000	      0.366316	      0.251213	
115.500	      0.366316	      0.251213	
116.000	       0.33989	      0.251308	
116.500	      0.321805	      0.251399	
117.000	      0.321805	      0.251399	
117.500	      0.308887	      0.251487	
118.000	      0.299339	      0.251572	
118.500	      0.292084	      0.251654	
119.000	      0.292084	      0.251654	
119.500	      0.286442	      0.251734	
120.000	      0.281969	       0.25181	
120.500	      0.281969	       0.25181	
121.000	      0.278362	      0.251884	
121.500	      0.275413	      0.251956	
122.000	       0.27297	      0.252025	
122.500	       0.27297	      0.252025	
123.000	      0.270924	      0.252093	
123.500	      0.269194	      0.252158	
124.000	      0.269194	      0.252158	
124.500	      0.267718	      0.252221	
125.000	      0.266449	      0.252282	
125.500	      0.266449	      0.252282	
126.000	       0.26535	      0.252342	
126.500	      0.264392	        0.2524	
127.000	      0.263551	      0.252456	
127.500	      0.263551	      0.252456	
128.000	       0.26281	       0.25251	
128.500	      0.262154	      0.252563	
129.000	      0.262154	      0.252563	
129.500	      0.261569	      0.252615	
130.000	      0.261047	      0.252665	
130.500	      0.260578	      0.252713	
131.000	      0.260578	      0.252713	
131.500	      0.260155	      0.252761	
132.000	      0.259773	      0.252807	
132.500	      0.259773	      0.252807	
133.000	      0.259427	      0.252852	
133.500	      0.259112	      0.252896	
134.000	      0.258824	      0.252939	
134.500	      0.258824	      0.252939	
135.000	      0.258561	       0.25298	
135.500	       0.25832	      0.253021	
136.000	       0.25832	      0.253021	
136.500	      0.258098	      0.253061	
137.000	      0.257894	        0.2531	
137.500	      0.257705	      0.253138	
138.000	      0.257705	      0.253138	
138.500	      0.257531	      0.253175	
139.000	      0.257369	      0.253211	
139.500	      0.257369	      0.253211	
140.000	      0.257218	      0.253246	
140.500	      0.257078	      0.253281	
141.000	      0.256947	      0.253314	
141.500	      0.256947	      0.253314	
142.000	      0.256826	      0.253348	
142.500	      0.256711	       0.25338	
143.000	      0.256711	       0.25338	
143.500	      0.256604	      0.253412	
144.000	      0.256504	      0.253443	
144.500	       0.25641	      0.253473	
145.000	       0.25641	      0.253473	
145.500	      0.256321	      0.253503	
146.000	      0.256237	      0.253532	
146.500	      0.256237	      0.253532	
147.000	      0.256158	      0.253561	
147.500	      0.256084	      0.253589	
148.000	      0.256084	      0.253589	
148.500	      0.256013	      0.253616	
149.000	      0.255946	      0.253644	
149.500	      0.255883	       0.25367	
150.000	      0.255883	       0.25367	
150.500	      0.255822	      0.253696	
151.000	      0.255765	      0.253722	
151.500	      0.255765	      0.253722	
152.000	       0.25571	      0.253747	
152.500	      0.255658	      0.253772	
153.000	      0.255608	      0.253796	
153.500	      0.255608	      0.253796	
154.000	      0.255561	       0.25382	
154.500	      0.255515	      0.253844	
155.000	      0.255515	      0.253844	
155.500	      0.255472	      0.253867	
156.000	       0.25543	       0.25389	
156.500	       0.25539	      0.253913	
157.000	       0.25539	      0.253913	
157.500	      0.255352	      0.253935	
158.000	      0.255315	      0.253957	
158.500	      0.255315	      0.253957	
159.000	      0.255279	      0.253979	
159.500	      0.255244	         0.254	
160.000	      0.255211	      0.254021	
160.500	      0.255211	      0.254021	
161.000	      0.255179	      0.254042	
161.500	      0.255148	      0.254063	
162.000	      0.255148	      0.254063	
162.500	      0.255118	      0.254083	
163.000	      0.255089	      0.254103	
163.500	      0.255061	      0.254123	
164.000	      0.255061	      0.254123	
164.500	      0.255033	      0.254143	
165.000	      0.255007	      0.254162	
165.500	      0.255007	      0.254162	
166.000	      0.254981	      0.254182	
166.500	      0.254955	      0.254201	
167.000	      0.254931	       0.25422	
167.500	      0.254931	       0.25422	
168.000	      0.254906	      0.254239	
168.500	      0.254883	      0.254258	
169.000	      0.254883	      0.254258	
169.500	       0.25486	      0.254277	
170.000	      0.254837	      0.254296	
170.500	      0.254837	      0.254296	
171.000	      0.254815	      0.254314	
171.500	      0.254793	      0.254333	
172.000	      0.254772	      0.254351	
172.500	      0.254772	      0.254351	
173.000	      0.254751	       0.25437	
173.500	       0.25473	      0.254388	
174.000	       0.25473	      0.254388	
174.500	       0.25471	      0.254406	
175.000	      0.254689	      0.254425	
175.500	      0.254669	      0.254443	
176.000	      0.254669	      0.254443	
176.500	       0.25465	      0.254461	
177.000	       0.25463	       0.25448	
177.500	       0.25463	       0.25448	
178.000	      0.254611	      0.254498	
178.500	      0.254592	      0.254517	
179.000	      0.254573	      0.254535	
179.500	      0.254573	      0.254535	
180.000	      0.254554	      0.254554	
