
TracePro Release: 3 2 0 
Polar Candela Distribution Data for 
Data covers +/- 180.000 degrees from Normal
Data for Missed Rays
Data generated at 09:46:29 June 30, 2025

	   0.0	 180.0
0.000	      0.248617	      0.248617	
0.500	      0.248575	      0.248658	
1.000	      0.248575	      0.248658	
1.500	      0.248532	      0.248698	
2.000	      0.248488	      0.248737	
2.500	      0.248443	      0.248774	
3.000	      0.248443	      0.248774	
3.500	      0.248397	      0.248811	
4.000	      0.248349	      0.248847	
4.500	      0.248349	      0.248847	
5.000	        0.2483	      0.248882	
5.500	       0.24825	      0.248917	
6.000	      0.248198	       0.24895	
6.500	      0.248198	       0.24895	
7.000	      0.248145	      0.248982	
7.500	      0.248091	      0.249014	
8.000	      0.248091	      0.249014	
8.500	      0.248035	      0.249045	
9.000	      0.247977	      0.249075	
9.500	      0.247918	      0.249104	
10.000	      0.247918	      0.249104	
10.500	      0.247857	      0.249133	
11.000	      0.247795	      0.249161	
11.500	      0.247795	      0.249161	
12.000	       0.24773	      0.249188	
12.500	      0.247664	      0.249215	
13.000	      0.247664	      0.249215	
13.500	      0.247596	      0.249241	
14.000	      0.247526	      0.249266	
14.500	      0.247454	       0.24929	
15.000	      0.247454	       0.24929	
15.500	       0.24738	      0.249314	
16.000	      0.247304	      0.249338	
16.500	      0.247304	      0.249338	
17.000	      0.247225	       0.24936	
17.500	      0.247144	      0.249383	
18.000	      0.247061	      0.249404	
18.500	      0.247061	      0.249404	
19.000	      0.246975	      0.249425	
19.500	      0.246886	      0.249445	
20.000	      0.246886	      0.249445	
20.500	      0.246795	      0.249465	
21.000	      0.246701	      0.249485	
21.500	      0.246603	      0.249503	
22.000	      0.246603	      0.249503	
22.500	      0.246503	      0.249522	
23.000	      0.246399	      0.249539	
23.500	      0.246399	      0.249539	
24.000	      0.246292	      0.249556	
24.500	      0.246182	      0.249573	
25.000	      0.246067	      0.249589	
25.500	      0.246067	      0.249589	
26.000	      0.245949	      0.249605	
26.500	      0.245827	       0.24962	
27.000	      0.245827	       0.24962	
27.500	      0.245701	      0.249635	
28.000	       0.24557	      0.249649	
28.500	      0.245435	      0.249662	
29.000	      0.245435	      0.249662	
29.500	      0.245295	      0.249675	
30.000	       0.24515	      0.249688	
30.500	       0.24515	      0.249688	
31.000	         0.245	        0.2497	
31.500	      0.244844	      0.249712	
32.000	      0.244682	      0.249723	
32.500	      0.244682	      0.249723	
33.000	      0.244514	      0.249733	
33.500	       0.24434	      0.249744	
34.000	       0.24434	      0.249744	
34.500	       0.24416	      0.249753	
35.000	      0.243972	      0.249762	
35.500	      0.243972	      0.249762	
36.000	      0.243777	      0.249771	
36.500	      0.243574	      0.249779	
37.000	      0.243362	      0.249786	
37.500	      0.243362	      0.249786	
38.000	      0.243142	      0.249793	
38.500	      0.242913	      0.249799	
39.000	      0.242913	      0.249799	
39.500	      0.242675	      0.249805	
40.000	      0.242426	       0.24981	
40.500	      0.242167	      0.249814	
41.000	      0.242167	      0.249814	
41.500	      0.241896	      0.249818	
42.000	      0.241613	      0.249821	
42.500	      0.241613	      0.249821	
43.000	      0.241317	      0.249823	
43.500	      0.241008	      0.249825	
44.000	      0.240684	      0.249825	
44.500	      0.240684	      0.249825	
45.000	      0.240345	      0.249825	
45.500	       0.23999	      0.249825	
46.000	       0.23999	      0.249825	
46.500	      0.239617	      0.249823	
47.000	      0.239226	       0.24982	
47.500	      0.238816	      0.249816	
48.000	      0.238816	      0.249816	
48.500	      0.238384	      0.249811	
49.000	       0.23793	      0.249805	
49.500	       0.23793	      0.249805	
50.000	      0.237452	      0.249798	
50.500	      0.236949	      0.249789	
51.000	      0.236417	      0.249779	
51.500	      0.236417	      0.249779	
52.000	      0.235857	      0.249768	
52.500	      0.235264	      0.249754	
53.000	      0.235264	      0.249754	
53.500	      0.234637	      0.249739	
54.000	      0.233973	      0.249722	
54.500	      0.233269	      0.249702	
55.000	      0.233269	      0.249702	
55.500	      0.232521	       0.24968	
56.000	      0.231727	      0.249656	
56.500	      0.231727	      0.249656	
57.000	      0.230882	      0.249628	
57.500	      0.229982	      0.249597	
58.000	      0.229982	      0.249597	
58.500	      0.229022	      0.249562	
59.000	      0.227997	      0.249523	
59.500	      0.226899	      0.249479	
60.000	      0.226899	      0.249479	
60.500	      0.225724	      0.249429	
61.000	      0.224462	      0.249374	
61.500	      0.224462	      0.249374	
62.000	      0.223106	      0.249311	
62.500	      0.221645	       0.24924	
63.000	      0.220069	      0.249159	
63.500	      0.220069	      0.249159	
64.000	      0.218366	      0.249067	
64.500	      0.216521	      0.248963	
65.000	      0.216521	      0.248963	
65.500	      0.214519	      0.248842	
66.000	       0.21234	      0.248704	
66.500	      0.209964	      0.248543	
67.000	      0.209964	      0.248543	
67.500	      0.207365	      0.248355	
68.000	      0.204517	      0.248134	
68.500	      0.204517	      0.248134	
69.000	      0.201385	      0.247871	
69.500	      0.197932	      0.247557	
70.000	       0.19411	      0.247178	
70.500	       0.19411	      0.247178	
71.000	      0.189868	      0.246712	
71.500	       0.18514	      0.246134	
72.000	       0.18514	      0.246134	
72.500	      0.179849	      0.245405	
73.000	      0.173905	      0.244465	
73.500	      0.167193	      0.243229	
74.000	      0.167193	      0.243229	
74.500	      0.159578	      0.241554	
75.000	       0.15089	      0.239209	
75.500	       0.15089	      0.239209	
76.000	      0.140919	      0.235782	
76.500	      0.129399	      0.230487	
77.000	      0.115995	      0.221667	
77.500	      0.115995	      0.221667	
78.000	      0.100273	      0.205311	
78.500	     0.0816702	       0.16944	
79.000	     0.0816702	       0.16944	
79.500	     0.0594383	     0.0626562	
80.000	     0.0325732	      0.720536	
80.500	     0.0325732	      0.720536	
81.000	    0.00030295	       10.1618	
81.500	     0.0411193	      0.720532	
82.000	     0.0926451	     0.0626633	
82.500	     0.0926451	     0.0626633	
83.000	      0.158969	       0.16945	
83.500	      0.246332	      0.205326	
84.000	      0.246332	      0.205326	
84.500	      0.364648	      0.221685	
85.000	      0.530433	      0.230508	
85.500	      0.772901	      0.235807	
86.000	      0.772901	      0.235807	
86.500	       1.14777	      0.239238	
87.000	       1.77253	      0.241586	
87.500	       1.77253	      0.241586	
88.000	        2.9318	      0.243264	
88.500	       5.47556	      0.244505	
89.000	       13.0504	      0.245448	
89.500	       13.0504	      0.245448	
90.000	       68.6187	      0.246181	
90.500	       703.526	      0.246763	
91.000	       703.526	      0.246763	
91.500	       68.6125	      0.247231	
92.000	       13.0377	      0.247615	
92.500	       5.45555	      0.247933	
93.000	       5.45555	      0.247933	
93.500	        2.9033	      0.248199	
94.000	       1.73362	      0.248423	
94.500	       1.73362	      0.248423	
95.000	       1.09547	      0.248615	
95.500	      0.702486	       0.24878	
96.000	      0.434175	      0.248922	
96.500	      0.434175	      0.248922	
97.000	      0.229079	      0.249047	
97.500	      0.045931	      0.249155	
98.000	      0.045931	      0.249155	
98.500	      0.160963	      0.249251	
99.000	      0.488612	      0.249335	
99.500	       1.31686	       0.24941	
100.000	       1.31686	       0.24941	
100.500	       7.05114	      0.249477	
101.000	       72.0189	      0.249537	
101.500	       72.0189	      0.249537	
102.000	       7.11165	       0.24959	
102.500	       1.44119	      0.249638	
103.000	       1.44119	      0.249638	
103.500	      0.683878	      0.249681	
104.000	      0.439107	       0.24972	
104.500	      0.333858	      0.249756	
105.000	      0.333858	      0.249756	
105.500	      0.281481	      0.249788	
106.000	      0.253154	      0.249817	
106.500	      0.253154	      0.249817	
107.000	      0.237105	      0.249843	
107.500	      0.227836	      0.249867	
108.000	      0.222522	      0.249889	
108.500	      0.222522	      0.249889	
109.000	      0.219609	      0.249908	
109.500	      0.218192	      0.249926	
110.000	      0.218192	      0.249926	
110.500	      0.217725	      0.249942	
111.000	      0.217866	      0.249957	
111.500	      0.218396	      0.249971	
112.000	      0.218396	      0.249971	
112.500	       0.21917	      0.249983	
113.000	      0.220093	      0.249993	
113.500	      0.220093	      0.249993	
114.000	      0.221101	      0.250003	
114.500	      0.222151	      0.250012	
115.000	      0.223214	       0.25002	
115.500	      0.223214	       0.25002	
116.000	      0.224269	      0.250026	
116.500	      0.225304	      0.250032	
117.000	      0.225304	      0.250032	
117.500	       0.22631	      0.250038	
118.000	      0.227283	      0.250042	
118.500	      0.228217	      0.250046	
119.000	      0.228217	      0.250046	
119.500	      0.229114	      0.250049	
120.000	       0.22997	      0.250052	
120.500	       0.22997	      0.250052	
121.000	      0.230788	      0.250053	
121.500	      0.231568	      0.250055	
122.000	      0.232311	      0.250056	
122.500	      0.232311	      0.250056	
123.000	      0.233018	      0.250056	
123.500	      0.233692	      0.250055	
124.000	      0.233692	      0.250055	
124.500	      0.234332	      0.250055	
125.000	      0.234942	      0.250054	
125.500	      0.234942	      0.250054	
126.000	      0.235523	      0.250052	
126.500	      0.236075	       0.25005	
127.000	      0.236602	      0.250047	
127.500	      0.236602	      0.250047	
128.000	      0.237103	      0.250044	
128.500	      0.237581	      0.250041	
129.000	      0.237581	      0.250041	
129.500	      0.238036	      0.250037	
130.000	      0.238471	      0.250033	
130.500	      0.238886	      0.250029	
131.000	      0.238886	      0.250029	
131.500	      0.239282	      0.250024	
132.000	       0.23966	      0.250018	
132.500	       0.23966	      0.250018	
133.000	      0.240022	      0.250013	
133.500	      0.240367	      0.250007	
134.000	      0.240698	      0.250001	
134.500	      0.240698	      0.250001	
135.000	      0.241015	      0.249994	
135.500	      0.241318	      0.249987	
136.000	      0.241318	      0.249987	
136.500	      0.241608	       0.24998	
137.000	      0.241887	      0.249972	
137.500	      0.242154	      0.249964	
138.000	      0.242154	      0.249964	
138.500	       0.24241	      0.249955	
139.000	      0.242656	      0.249947	
139.500	      0.242656	      0.249947	
140.000	      0.242892	      0.249938	
140.500	      0.243119	      0.249928	
141.000	      0.243338	      0.249919	
141.500	      0.243338	      0.249919	
142.000	      0.243547	      0.249909	
142.500	      0.243749	      0.249898	
143.000	      0.243749	      0.249898	
143.500	      0.243944	      0.249887	
144.000	      0.244131	      0.249876	
144.500	      0.244311	      0.249865	
145.000	      0.244311	      0.249865	
145.500	      0.244485	      0.249853	
146.000	      0.244652	      0.249841	
146.500	      0.244652	      0.249841	
147.000	      0.244814	      0.249829	
147.500	       0.24497	      0.249816	
148.000	       0.24497	      0.249816	
148.500	       0.24512	      0.249802	
149.000	      0.245266	      0.249789	
149.500	      0.245406	      0.249775	
150.000	      0.245406	      0.249775	
150.500	      0.245542	      0.249761	
151.000	      0.245673	      0.249746	
151.500	      0.245673	      0.249746	
152.000	      0.245799	      0.249731	
152.500	      0.245922	      0.249715	
153.000	      0.246041	      0.249699	
153.500	      0.246041	      0.249699	
154.000	      0.246156	      0.249683	
154.500	      0.246267	      0.249666	
155.000	      0.246267	      0.249666	
155.500	      0.246374	      0.249649	
156.000	      0.246479	      0.249632	
156.500	       0.24658	      0.249614	
157.000	       0.24658	      0.249614	
157.500	      0.246678	      0.249595	
158.000	      0.246773	      0.249576	
158.500	      0.246773	      0.249576	
159.000	      0.246865	      0.249557	
159.500	      0.246954	      0.249537	
160.000	      0.247041	      0.249517	
160.500	      0.247041	      0.249517	
161.000	      0.247125	      0.249496	
161.500	      0.247207	      0.249475	
162.000	      0.247207	      0.249475	
162.500	      0.247286	      0.249453	
163.000	      0.247363	       0.24943	
163.500	      0.247438	      0.249407	
164.000	      0.247438	      0.249407	
164.500	      0.247511	      0.249384	
165.000	      0.247581	       0.24936	
165.500	      0.247581	       0.24936	
166.000	       0.24765	      0.249336	
166.500	      0.247717	       0.24931	
167.000	      0.247782	      0.249285	
167.500	      0.247782	      0.249285	
168.000	      0.247845	      0.249258	
168.500	      0.247907	      0.249231	
169.000	      0.247907	      0.249231	
169.500	      0.247967	      0.249204	
170.000	      0.248025	      0.249175	
170.500	      0.248025	      0.249175	
171.000	      0.248082	      0.249146	
171.500	      0.248137	      0.249117	
172.000	      0.248191	      0.249086	
172.500	      0.248191	      0.249086	
173.000	      0.248243	      0.249055	
173.500	      0.248294	      0.249024	
174.000	      0.248294	      0.249024	
174.500	      0.248344	      0.248991	
175.000	      0.248392	      0.248957	
175.500	       0.24844	      0.248923	
176.000	       0.24844	      0.248923	
176.500	      0.248486	      0.248888	
177.000	      0.248531	      0.248852	
177.500	      0.248531	      0.248852	
178.000	      0.248574	      0.248815	
178.500	      0.248617	      0.248778	
179.000	      0.248659	      0.248739	
179.500	      0.248659	      0.248739	
180.000	      0.248699	      0.248699	
