
TracePro Release: 3 2 0 
Polar Candela Distribution Data for 
Data covers +/- 180.000 degrees from Normal
Data for Missed Rays
Data generated at 09:46:53 June 25, 2025

	   0.0	 180.0
0.000	      0.329571	      0.329571	
0.500	      0.329489	      0.329651	
1.000	      0.329489	      0.329651	
1.500	      0.329404	      0.329729	
2.000	      0.329318	      0.329805	
2.500	      0.329228	      0.329879	
3.000	      0.329228	      0.329879	
3.500	      0.329136	      0.329951	
4.000	      0.329042	      0.330021	
4.500	      0.329042	      0.330021	
5.000	      0.328945	      0.330089	
5.500	      0.328845	      0.330156	
6.000	      0.328742	       0.33022	
6.500	      0.328742	       0.33022	
7.000	      0.328636	      0.330284	
7.500	      0.328527	      0.330345	
8.000	      0.328527	      0.330345	
8.500	      0.328415	      0.330406	
9.000	      0.328299	      0.330464	
9.500	       0.32818	      0.330522	
10.000	       0.32818	      0.330522	
10.500	      0.328057	      0.330577	
11.000	       0.32793	      0.330632	
11.500	       0.32793	      0.330632	
12.000	      0.327799	      0.330685	
12.500	      0.327664	      0.330737	
13.000	      0.327664	      0.330737	
13.500	      0.327525	      0.330788	
14.000	      0.327381	      0.330837	
14.500	      0.327232	      0.330886	
15.000	      0.327232	      0.330886	
15.500	      0.327079	      0.330933	
16.000	       0.32692	      0.330979	
16.500	       0.32692	      0.330979	
17.000	      0.326756	      0.331024	
17.500	      0.326587	      0.331068	
18.000	      0.326411	      0.331111	
18.500	      0.326411	      0.331111	
19.000	      0.326229	      0.331153	
19.500	      0.326041	      0.331194	
20.000	      0.326041	      0.331194	
20.500	      0.325847	      0.331235	
21.000	      0.325645	      0.331274	
21.500	      0.325435	      0.331312	
22.000	      0.325435	      0.331312	
22.500	      0.325218	       0.33135	
23.000	      0.324993	      0.331387	
23.500	      0.324993	      0.331387	
24.000	       0.32476	      0.331423	
24.500	      0.324517	      0.331458	
25.000	      0.324265	      0.331492	
25.500	      0.324265	      0.331492	
26.000	      0.324003	      0.331526	
26.500	       0.32373	      0.331558	
27.000	       0.32373	      0.331558	
27.500	      0.323447	      0.331591	
28.000	      0.323151	      0.331622	
28.500	      0.322844	      0.331653	
29.000	      0.322844	      0.331653	
29.500	      0.322523	      0.331683	
30.000	      0.322189	      0.331712	
30.500	      0.322189	      0.331712	
31.000	      0.321841	      0.331741	
31.500	      0.321477	       0.33177	
32.000	      0.321097	      0.331797	
32.500	      0.321097	      0.331797	
33.000	      0.320699	      0.331824	
33.500	      0.320284	      0.331851	
34.000	      0.320284	      0.331851	
34.500	      0.319849	      0.331877	
35.000	      0.319393	      0.331902	
35.500	      0.319393	      0.331902	
36.000	      0.318916	      0.331927	
36.500	      0.318415	      0.331951	
37.000	       0.31789	      0.331975	
37.500	       0.31789	      0.331975	
38.000	      0.317337	      0.331998	
38.500	      0.316757	      0.332021	
39.000	      0.316757	      0.332021	
39.500	      0.316146	      0.332043	
40.000	      0.315502	      0.332065	
40.500	      0.314824	      0.332087	
41.000	      0.314824	      0.332087	
41.500	      0.314108	      0.332107	
42.000	      0.313353	      0.332128	
42.500	      0.313353	      0.332128	
43.000	      0.312553	      0.332148	
43.500	      0.311708	      0.332168	
44.000	      0.310812	      0.332187	
44.500	      0.310812	      0.332187	
45.000	      0.309862	      0.332206	
45.500	      0.308852	      0.332224	
46.000	      0.308852	      0.332224	
46.500	      0.307779	      0.332242	
47.000	      0.306637	       0.33226	
47.500	       0.30542	      0.332277	
48.000	       0.30542	      0.332277	
48.500	       0.30412	      0.332294	
49.000	      0.302731	      0.332311	
49.500	      0.302731	      0.332311	
50.000	      0.301243	      0.332327	
50.500	      0.299648	      0.332343	
51.000	      0.297935	      0.332358	
51.500	      0.297935	      0.332358	
52.000	      0.296092	      0.332373	
52.500	      0.294105	      0.332388	
53.000	      0.294105	      0.332388	
53.500	      0.291958	      0.332403	
54.000	      0.289636	      0.332417	
54.500	      0.287117	      0.332431	
55.000	      0.287117	      0.332431	
55.500	      0.284379	      0.332444	
56.000	      0.281396	      0.332458	
56.500	      0.281396	      0.332458	
57.000	      0.278138	      0.332471	
57.500	      0.274569	      0.332483	
58.000	      0.274569	      0.332483	
58.500	      0.270649	      0.332496	
59.000	       0.26633	      0.332508	
59.500	      0.261557	       0.33252	
60.000	      0.261557	       0.33252	
60.500	      0.256263	      0.332531	
61.000	       0.25037	      0.332542	
61.500	       0.25037	      0.332542	
62.000	      0.243783	      0.332553	
62.500	       0.23639	      0.332564	
63.000	      0.228053	      0.332575	
63.500	      0.228053	      0.332575	
64.000	      0.218605	      0.332585	
64.500	      0.207838	      0.332595	
65.000	      0.207838	      0.332595	
65.500	      0.195496	      0.332605	
66.000	      0.181256	      0.332614	
66.500	      0.164706	      0.332623	
67.000	      0.164706	      0.332623	
67.500	       0.14532	      0.332632	
68.000	       0.12241	      0.332641	
68.500	       0.12241	      0.332641	
69.000	     0.0950673	       0.33265	
69.500	     0.0620684	      0.332658	
70.000	     0.0217386	      0.332666	
70.500	     0.0217386	      0.332666	
71.000	     0.0282669	      0.332674	
71.500	     0.0913119	      0.332682	
72.000	     0.0913119	      0.332682	
72.500	      0.172361	      0.332689	
73.000	      0.278989	      0.332696	
73.500	      0.423223	      0.332703	
74.000	      0.423223	      0.332703	
74.500	      0.625097	       0.33271	
75.000	      0.920034	      0.332716	
75.500	      0.920034	      0.332716	
76.000	       1.37559	      0.332723	
76.500	       2.13416	      0.332729	
77.000	        3.5407	      0.332735	
77.500	        3.5407	      0.332735	
78.000	       6.62533	      0.332741	
78.500	       15.8073	      0.332746	
79.000	       15.8073	      0.332746	
79.500	       83.1502	      0.332752	
80.000	       852.565	      0.332757	
80.500	       852.565	      0.332757	
81.000	       83.1502	      0.332762	
81.500	       15.8073	      0.332766	
82.000	       6.62533	      0.332771	
82.500	       6.62533	      0.332771	
83.000	        3.5407	      0.332775	
83.500	       2.13416	       0.33278	
84.000	       2.13416	       0.33278	
84.500	       1.37559	      0.332784	
85.000	      0.920034	      0.332787	
85.500	      0.625097	      0.332791	
86.000	      0.625097	      0.332791	
86.500	      0.423223	      0.332794	
87.000	      0.278989	      0.332798	
87.500	      0.278989	      0.332798	
88.000	      0.172361	      0.332801	
88.500	     0.0913119	      0.332804	
89.000	     0.0282669	      0.332806	
89.500	     0.0282669	      0.332806	
90.000	     0.0217386	      0.332809	
90.500	     0.0620684	      0.332811	
91.000	     0.0620684	      0.332811	
91.500	     0.0950673	      0.332814	
92.000	       0.12241	      0.332816	
92.500	       0.14532	      0.332817	
93.000	       0.14532	      0.332817	
93.500	      0.164706	      0.332819	
94.000	      0.181256	      0.332821	
94.500	      0.181256	      0.332821	
95.000	      0.195496	      0.332822	
95.500	      0.207838	      0.332823	
96.000	      0.218605	      0.332824	
96.500	      0.218605	      0.332824	
97.000	      0.228053	      0.332825	
97.500	       0.23639	      0.332825	
98.000	       0.23639	      0.332825	
98.500	      0.243783	      0.332826	
99.000	       0.25037	      0.332826	
99.500	      0.256263	      0.332826	
100.000	      0.256263	      0.332826	
100.500	      0.261557	      0.332826	
101.000	       0.26633	      0.332826	
101.500	       0.26633	      0.332826	
102.000	      0.270649	      0.332825	
102.500	      0.274569	      0.332825	
103.000	      0.274569	      0.332825	
103.500	      0.278138	      0.332824	
104.000	      0.281396	      0.332823	
104.500	      0.284379	      0.332822	
105.000	      0.284379	      0.332822	
105.500	      0.287117	      0.332821	
106.000	      0.289636	      0.332819	
106.500	      0.289636	      0.332819	
107.000	      0.291958	      0.332817	
107.500	      0.294105	      0.332816	
108.000	      0.296092	      0.332814	
108.500	      0.296092	      0.332814	
109.000	      0.297935	      0.332811	
109.500	      0.299648	      0.332809	
110.000	      0.299648	      0.332809	
110.500	      0.301243	      0.332806	
111.000	      0.302731	      0.332804	
111.500	       0.30412	      0.332801	
112.000	       0.30412	      0.332801	
112.500	       0.30542	      0.332798	
113.000	      0.306637	      0.332794	
113.500	      0.306637	      0.332794	
114.000	      0.307779	      0.332791	
114.500	      0.308852	      0.332787	
115.000	      0.309862	      0.332784	
115.500	      0.309862	      0.332784	
116.000	      0.310812	       0.33278	
116.500	      0.311708	      0.332775	
117.000	      0.311708	      0.332775	
117.500	      0.312553	      0.332771	
118.000	      0.313353	      0.332766	
118.500	      0.314108	      0.332762	
119.000	      0.314108	      0.332762	
119.500	      0.314824	      0.332757	
120.000	      0.315502	      0.332752	
120.500	      0.315502	      0.332752	
121.000	      0.316146	      0.332746	
121.500	      0.316757	      0.332741	
122.000	      0.317337	      0.332735	
122.500	      0.317337	      0.332735	
123.000	       0.31789	      0.332729	
123.500	      0.318415	      0.332723	
124.000	      0.318415	      0.332723	
124.500	      0.318916	      0.332716	
125.000	      0.319393	       0.33271	
125.500	      0.319393	       0.33271	
126.000	      0.319849	      0.332703	
126.500	      0.320284	      0.332696	
127.000	      0.320699	      0.332689	
127.500	      0.320699	      0.332689	
128.000	      0.321097	      0.332682	
128.500	      0.321477	      0.332674	
129.000	      0.321477	      0.332674	
129.500	      0.321841	      0.332666	
130.000	      0.322189	      0.332658	
130.500	      0.322523	       0.33265	
131.000	      0.322523	       0.33265	
131.500	      0.322844	      0.332641	
132.000	      0.323151	      0.332632	
132.500	      0.323151	      0.332632	
133.000	      0.323447	      0.332623	
133.500	       0.32373	      0.332614	
134.000	      0.324003	      0.332605	
134.500	      0.324003	      0.332605	
135.000	      0.324265	      0.332595	
135.500	      0.324517	      0.332585	
136.000	      0.324517	      0.332585	
136.500	       0.32476	      0.332575	
137.000	      0.324993	      0.332564	
137.500	      0.325218	      0.332553	
138.000	      0.325218	      0.332553	
138.500	      0.325435	      0.332542	
139.000	      0.325645	      0.332531	
139.500	      0.325645	      0.332531	
140.000	      0.325847	       0.33252	
140.500	      0.326041	      0.332508	
141.000	      0.326229	      0.332496	
141.500	      0.326229	      0.332496	
142.000	      0.326411	      0.332483	
142.500	      0.326587	      0.332471	
143.000	      0.326587	      0.332471	
143.500	      0.326756	      0.332458	
144.000	       0.32692	      0.332444	
144.500	      0.327079	      0.332431	
145.000	      0.327079	      0.332431	
145.500	      0.327232	      0.332417	
146.000	      0.327381	      0.332403	
146.500	      0.327381	      0.332403	
147.000	      0.327525	      0.332388	
147.500	      0.327664	      0.332373	
148.000	      0.327664	      0.332373	
148.500	      0.327799	      0.332358	
149.000	       0.32793	      0.332343	
149.500	      0.328057	      0.332327	
150.000	      0.328057	      0.332327	
150.500	       0.32818	      0.332311	
151.000	      0.328299	      0.332294	
151.500	      0.328299	      0.332294	
152.000	      0.328415	      0.332277	
152.500	      0.328527	       0.33226	
153.000	      0.328636	      0.332242	
153.500	      0.328636	      0.332242	
154.000	      0.328742	      0.332224	
154.500	      0.328845	      0.332206	
155.000	      0.328845	      0.332206	
155.500	      0.328945	      0.332187	
156.000	      0.329042	      0.332168	
156.500	      0.329136	      0.332148	
157.000	      0.329136	      0.332148	
157.500	      0.329228	      0.332128	
158.000	      0.329318	      0.332107	
158.500	      0.329318	      0.332107	
159.000	      0.329404	      0.332087	
159.500	      0.329489	      0.332065	
160.000	      0.329571	      0.332043	
160.500	      0.329571	      0.332043	
161.000	      0.329651	      0.332021	
161.500	      0.329729	      0.331998	
162.000	      0.329729	      0.331998	
162.500	      0.329805	      0.331975	
163.000	      0.329879	      0.331951	
163.500	      0.329951	      0.331927	
164.000	      0.329951	      0.331927	
164.500	      0.330021	      0.331902	
165.000	      0.330089	      0.331877	
165.500	      0.330089	      0.331877	
166.000	      0.330156	      0.331851	
166.500	       0.33022	      0.331824	
167.000	      0.330284	      0.331797	
167.500	      0.330284	      0.331797	
168.000	      0.330345	       0.33177	
168.500	      0.330406	      0.331741	
169.000	      0.330406	      0.331741	
169.500	      0.330464	      0.331712	
170.000	      0.330522	      0.331683	
170.500	      0.330522	      0.331683	
171.000	      0.330577	      0.331653	
171.500	      0.330632	      0.331622	
172.000	      0.330685	      0.331591	
172.500	      0.330685	      0.331591	
173.000	      0.330737	      0.331558	
173.500	      0.330788	      0.331526	
174.000	      0.330788	      0.331526	
174.500	      0.330837	      0.331492	
175.000	      0.330886	      0.331458	
175.500	      0.330933	      0.331423	
176.000	      0.330933	      0.331423	
176.500	      0.330979	      0.331387	
177.000	      0.331024	       0.33135	
177.500	      0.331024	       0.33135	
178.000	      0.331068	      0.331312	
178.500	      0.331111	      0.331274	
179.000	      0.331153	      0.331235	
179.500	      0.331153	      0.331235	
180.000	      0.331194	      0.331194	
