
TracePro Release: 3 2 0 
Polar Candela Distribution Data for 
Data covers +/- 180.000 degrees from Normal
Data for Missed Rays
Data generated at 09:46:29 June 30, 2025

	   0.0	 180.0
0.000	      0.320044	      0.320044	
0.500	      0.320005	      0.320082	
1.000	      0.320005	      0.320082	
1.500	      0.319965	      0.320119	
2.000	      0.319925	      0.320155	
2.500	      0.319883	      0.320191	
3.000	      0.319883	      0.320191	
3.500	       0.31984	      0.320225	
4.000	      0.319797	      0.320259	
4.500	      0.319797	      0.320259	
5.000	      0.319752	      0.320292	
5.500	      0.319707	      0.320325	
6.000	       0.31966	      0.320357	
6.500	       0.31966	      0.320357	
7.000	      0.319612	      0.320388	
7.500	      0.319563	      0.320418	
8.000	      0.319563	      0.320418	
8.500	      0.319513	      0.320448	
9.000	      0.319461	      0.320477	
9.500	      0.319409	      0.320505	
10.000	      0.319409	      0.320505	
10.500	      0.319355	      0.320533	
11.000	      0.319299	      0.320561	
11.500	      0.319299	      0.320561	
12.000	      0.319243	      0.320587	
12.500	      0.319185	      0.320613	
13.000	      0.319185	      0.320613	
13.500	      0.319125	      0.320639	
14.000	      0.319064	      0.320664	
14.500	      0.319001	      0.320689	
15.000	      0.319001	      0.320689	
15.500	      0.318937	      0.320713	
16.000	      0.318871	      0.320736	
16.500	      0.318871	      0.320736	
17.000	      0.318803	      0.320759	
17.500	      0.318734	      0.320781	
18.000	      0.318662	      0.320804	
18.500	      0.318662	      0.320804	
19.000	      0.318589	      0.320825	
19.500	      0.318514	      0.320846	
20.000	      0.318514	      0.320846	
20.500	      0.318436	      0.320867	
21.000	      0.318357	      0.320887	
21.500	      0.318275	      0.320907	
22.000	      0.318275	      0.320907	
22.500	      0.318191	      0.320926	
23.000	      0.318105	      0.320945	
23.500	      0.318105	      0.320945	
24.000	      0.318016	      0.320964	
24.500	      0.317925	      0.320982	
25.000	      0.317831	         0.321	
25.500	      0.317831	         0.321	
26.000	      0.317735	      0.321017	
26.500	      0.317635	      0.321034	
27.000	      0.317635	      0.321034	
27.500	      0.317533	      0.321051	
28.000	      0.317428	      0.321067	
28.500	      0.317319	      0.321083	
29.000	      0.317319	      0.321083	
29.500	      0.317207	      0.321099	
30.000	      0.317092	      0.321114	
30.500	      0.317092	      0.321114	
31.000	      0.316973	      0.321129	
31.500	      0.316851	      0.321144	
32.000	      0.316724	      0.321158	
32.500	      0.316724	      0.321158	
33.000	      0.316594	      0.321172	
33.500	      0.316459	      0.321186	
34.000	      0.316459	      0.321186	
34.500	       0.31632	      0.321199	
35.000	      0.316177	      0.321213	
35.500	      0.316177	      0.321213	
36.000	      0.316028	      0.321225	
36.500	      0.315875	      0.321238	
37.000	      0.315717	       0.32125	
37.500	      0.315717	       0.32125	
38.000	      0.315553	      0.321262	
38.500	      0.315383	      0.321274	
39.000	      0.315383	      0.321274	
39.500	      0.315208	      0.321285	
40.000	      0.315026	      0.321296	
40.500	      0.314838	      0.321307	
41.000	      0.314838	      0.321307	
41.500	      0.314643	      0.321318	
42.000	       0.31444	      0.321328	
42.500	       0.31444	      0.321328	
43.000	      0.314231	      0.321338	
43.500	      0.314013	      0.321348	
44.000	      0.313787	      0.321358	
44.500	      0.313787	      0.321358	
45.000	      0.313553	      0.321367	
45.500	      0.313309	      0.321377	
46.000	      0.313309	      0.321377	
46.500	      0.313056	      0.321385	
47.000	      0.312793	      0.321394	
47.500	      0.312519	      0.321403	
48.000	      0.312519	      0.321403	
48.500	      0.312234	      0.321411	
49.000	      0.311936	      0.321419	
49.500	      0.311936	      0.321419	
50.000	      0.311627	      0.321427	
50.500	      0.311304	      0.321434	
51.000	      0.310967	      0.321442	
51.500	      0.310967	      0.321442	
52.000	      0.310616	      0.321449	
52.500	      0.310248	      0.321456	
53.000	      0.310248	      0.321456	
53.500	      0.309865	      0.321463	
54.000	      0.309463	      0.321469	
54.500	      0.309043	      0.321476	
55.000	      0.309043	      0.321476	
55.500	      0.308603	      0.321482	
56.000	      0.308141	      0.321488	
56.500	      0.308141	      0.321488	
57.000	      0.307657	      0.321493	
57.500	      0.307149	      0.321499	
58.000	      0.307149	      0.321499	
58.500	      0.306616	      0.321504	
59.000	      0.306055	      0.321509	
59.500	      0.305465	      0.321514	
60.000	      0.305465	      0.321514	
60.500	      0.304843	      0.321519	
61.000	      0.304188	      0.321524	
61.500	      0.304188	      0.321524	
62.000	      0.303496	      0.321528	
62.500	      0.302766	      0.321532	
63.000	      0.301994	      0.321537	
63.500	      0.301994	      0.321537	
64.000	      0.301177	       0.32154	
64.500	      0.300311	      0.321544	
65.000	      0.300311	      0.321544	
65.500	      0.299393	      0.321548	
66.000	      0.298418	      0.321551	
66.500	      0.297381	      0.321554	
67.000	      0.297381	      0.321554	
67.500	      0.296277	      0.321557	
68.000	      0.295101	       0.32156	
68.500	      0.295101	       0.32156	
69.000	      0.293845	      0.321562	
69.500	      0.292503	      0.321565	
70.000	      0.291066	      0.321567	
70.500	      0.291066	      0.321567	
71.000	      0.289525	      0.321569	
71.500	      0.287869	      0.321571	
72.000	      0.287869	      0.321571	
72.500	      0.286088	      0.321573	
73.000	      0.284168	      0.321575	
73.500	      0.282095	      0.321576	
74.000	      0.282095	      0.321576	
74.500	       0.27985	      0.321577	
75.000	      0.277417	      0.321578	
75.500	      0.277417	      0.321578	
76.000	      0.274771	      0.321579	
76.500	      0.271889	       0.32158	
77.000	      0.268741	      0.321581	
77.500	      0.268741	      0.321581	
78.000	      0.265292	      0.321581	
78.500	      0.261505	      0.321581	
79.000	      0.261505	      0.321581	
79.500	      0.257332	      0.321581	
80.000	       0.25272	      0.321581	
80.500	       0.25272	      0.321581	
81.000	      0.247605	      0.321581	
81.500	      0.241911	      0.321581	
82.000	      0.235547	       0.32158	
82.500	      0.235547	       0.32158	
83.000	      0.228403	      0.321579	
83.500	      0.220348	      0.321578	
84.000	      0.220348	      0.321578	
84.500	      0.211219	      0.321577	
85.000	      0.200816	      0.321576	
85.500	      0.188891	      0.321575	
86.000	      0.188891	      0.321575	
86.500	      0.175132	      0.321573	
87.000	      0.159142	      0.321571	
87.500	      0.159142	      0.321571	
88.000	      0.140411	      0.321569	
88.500	      0.118275	      0.321567	
89.000	     0.0918554	      0.321565	
89.500	     0.0918554	      0.321565	
90.000	     0.0599714	      0.321562	
90.500	     0.0210041	       0.32156	
91.000	     0.0210041	       0.32156	
91.500	     0.0273119	      0.321557	
92.000	     0.0882269	      0.321554	
92.500	      0.166538	      0.321551	
93.000	      0.166538	      0.321551	
93.500	      0.269563	      0.321548	
94.000	      0.408924	      0.321544	
94.500	      0.408924	      0.321544	
95.000	      0.603978	       0.32154	
95.500	       0.88895	      0.321537	
96.000	       1.32911	      0.321532	
96.500	       1.32911	      0.321532	
97.000	       2.06205	      0.321528	
97.500	       3.42107	      0.321524	
98.000	       3.42107	      0.321524	
98.500	       6.40149	      0.321519	
99.000	       15.2732	      0.321514	
99.500	       80.3409	      0.321509	
100.000	       80.3409	      0.321509	
100.500	       823.761	      0.321504	
101.000	       80.3409	      0.321499	
101.500	       80.3409	      0.321499	
102.000	       15.2732	      0.321493	
102.500	       6.40149	      0.321488	
103.000	       6.40149	      0.321488	
103.500	       3.42107	      0.321482	
104.000	       2.06205	      0.321476	
104.500	       1.32911	      0.321469	
105.000	       1.32911	      0.321469	
105.500	       0.88895	      0.321463	
106.000	      0.603978	      0.321456	
106.500	      0.603978	      0.321456	
107.000	      0.408924	      0.321449	
107.500	      0.269563	      0.321442	
108.000	      0.166538	      0.321434	
108.500	      0.166538	      0.321434	
109.000	     0.0882269	      0.321427	
109.500	     0.0273119	      0.321419	
110.000	     0.0273119	      0.321419	
110.500	     0.0210041	      0.321411	
111.000	     0.0599714	      0.321403	
111.500	     0.0918554	      0.321394	
112.000	     0.0918554	      0.321394	
112.500	      0.118275	      0.321385	
113.000	      0.140411	      0.321377	
113.500	      0.140411	      0.321377	
114.000	      0.159142	      0.321367	
114.500	      0.175132	      0.321358	
115.000	      0.188891	      0.321348	
115.500	      0.188891	      0.321348	
116.000	      0.200816	      0.321338	
116.500	      0.211219	      0.321328	
117.000	      0.211219	      0.321328	
117.500	      0.220348	      0.321318	
118.000	      0.228403	      0.321307	
118.500	      0.235547	      0.321296	
119.000	      0.235547	      0.321296	
119.500	      0.241911	      0.321285	
120.000	      0.247605	      0.321274	
120.500	      0.247605	      0.321274	
121.000	       0.25272	      0.321262	
121.500	      0.257332	       0.32125	
122.000	      0.261505	      0.321238	
122.500	      0.261505	      0.321238	
123.000	      0.265292	      0.321225	
123.500	      0.268741	      0.321213	
124.000	      0.268741	      0.321213	
124.500	      0.271889	      0.321199	
125.000	      0.274771	      0.321186	
125.500	      0.274771	      0.321186	
126.000	      0.277417	      0.321172	
126.500	       0.27985	      0.321158	
127.000	      0.282095	      0.321144	
127.500	      0.282095	      0.321144	
128.000	      0.284168	      0.321129	
128.500	      0.286088	      0.321114	
129.000	      0.286088	      0.321114	
129.500	      0.287869	      0.321099	
130.000	      0.289525	      0.321083	
130.500	      0.291066	      0.321067	
131.000	      0.291066	      0.321067	
131.500	      0.292503	      0.321051	
132.000	      0.293845	      0.321034	
132.500	      0.293845	      0.321034	
133.000	      0.295101	      0.321017	
133.500	      0.296277	         0.321	
134.000	      0.297381	      0.320982	
134.500	      0.297381	      0.320982	
135.000	      0.298418	      0.320964	
135.500	      0.299393	      0.320945	
136.000	      0.299393	      0.320945	
136.500	      0.300311	      0.320926	
137.000	      0.301177	      0.320907	
137.500	      0.301994	      0.320887	
138.000	      0.301994	      0.320887	
138.500	      0.302766	      0.320867	
139.000	      0.303496	      0.320846	
139.500	      0.303496	      0.320846	
140.000	      0.304188	      0.320825	
140.500	      0.304843	      0.320804	
141.000	      0.305465	      0.320781	
141.500	      0.305465	      0.320781	
142.000	      0.306055	      0.320759	
142.500	      0.306616	      0.320736	
143.000	      0.306616	      0.320736	
143.500	      0.307149	      0.320713	
144.000	      0.307657	      0.320689	
144.500	      0.308141	      0.320664	
145.000	      0.308141	      0.320664	
145.500	      0.308603	      0.320639	
146.000	      0.309043	      0.320613	
146.500	      0.309043	      0.320613	
147.000	      0.309463	      0.320587	
147.500	      0.309865	      0.320561	
148.000	      0.309865	      0.320561	
148.500	      0.310248	      0.320533	
149.000	      0.310616	      0.320505	
149.500	      0.310967	      0.320477	
150.000	      0.310967	      0.320477	
150.500	      0.311304	      0.320448	
151.000	      0.311627	      0.320418	
151.500	      0.311627	      0.320418	
152.000	      0.311936	      0.320388	
152.500	      0.312234	      0.320357	
153.000	      0.312519	      0.320325	
153.500	      0.312519	      0.320325	
154.000	      0.312793	      0.320292	
154.500	      0.313056	      0.320259	
155.000	      0.313056	      0.320259	
155.500	      0.313309	      0.320225	
156.000	      0.313553	      0.320191	
156.500	      0.313787	      0.320155	
157.000	      0.313787	      0.320155	
157.500	      0.314013	      0.320119	
158.000	      0.314231	      0.320082	
158.500	      0.314231	      0.320082	
159.000	       0.31444	      0.320044	
159.500	      0.314643	      0.320005	
160.000	      0.314838	      0.319965	
160.500	      0.314838	      0.319965	
161.000	      0.315026	      0.319925	
161.500	      0.315208	      0.319883	
162.000	      0.315208	      0.319883	
162.500	      0.315383	       0.31984	
163.000	      0.315553	      0.319797	
163.500	      0.315717	      0.319752	
164.000	      0.315717	      0.319752	
164.500	      0.315875	      0.319707	
165.000	      0.316028	       0.31966	
165.500	      0.316028	       0.31966	
166.000	      0.316177	      0.319612	
166.500	       0.31632	      0.319563	
167.000	      0.316459	      0.319513	
167.500	      0.316459	      0.319513	
168.000	      0.316594	      0.319461	
168.500	      0.316724	      0.319409	
169.000	      0.316724	      0.319409	
169.500	      0.316851	      0.319355	
170.000	      0.316973	      0.319299	
170.500	      0.316973	      0.319299	
171.000	      0.317092	      0.319243	
171.500	      0.317207	      0.319185	
172.000	      0.317319	      0.319125	
172.500	      0.317319	      0.319125	
173.000	      0.317428	      0.319064	
173.500	      0.317533	      0.319001	
174.000	      0.317533	      0.319001	
174.500	      0.317635	      0.318937	
175.000	      0.317735	      0.318871	
175.500	      0.317831	      0.318803	
176.000	      0.317831	      0.318803	
176.500	      0.317925	      0.318734	
177.000	      0.318016	      0.318662	
177.500	      0.318016	      0.318662	
178.000	      0.318105	      0.318589	
178.500	      0.318191	      0.318514	
179.000	      0.318275	      0.318436	
179.500	      0.318275	      0.318436	
180.000	      0.318357	      0.318357	
