
TracePro Release: 3 2 0 
Polar Candela Distribution Data for 
Data covers +/- 180.000 degrees from Normal
Data for Missed Rays
Data generated at 09:46:55 June 25, 2025

	   0.0	 180.0
0.000	      0.315502	      0.315502	
0.500	      0.314824	      0.316146	
1.000	      0.314824	      0.316146	
1.500	      0.314108	      0.316757	
2.000	      0.313353	      0.317337	
2.500	      0.312553	       0.31789	
3.000	      0.312553	       0.31789	
3.500	      0.311708	      0.318415	
4.000	      0.310812	      0.318916	
4.500	      0.310812	      0.318916	
5.000	      0.309862	      0.319393	
5.500	      0.308852	      0.319849	
6.000	      0.307779	      0.320284	
6.500	      0.307779	      0.320284	
7.000	      0.306637	      0.320699	
7.500	       0.30542	      0.321097	
8.000	       0.30542	      0.321097	
8.500	       0.30412	      0.321477	
9.000	      0.302731	      0.321841	
9.500	      0.301243	      0.322189	
10.000	      0.301243	      0.322189	
10.500	      0.299648	      0.322523	
11.000	      0.297935	      0.322844	
11.500	      0.297935	      0.322844	
12.000	      0.296092	      0.323151	
12.500	      0.294105	      0.323447	
13.000	      0.294105	      0.323447	
13.500	      0.291958	       0.32373	
14.000	      0.289636	      0.324003	
14.500	      0.287117	      0.324265	
15.000	      0.287117	      0.324265	
15.500	      0.284379	      0.324517	
16.000	      0.281396	       0.32476	
16.500	      0.281396	       0.32476	
17.000	      0.278138	      0.324993	
17.500	      0.274569	      0.325218	
18.000	      0.270649	      0.325435	
18.500	      0.270649	      0.325435	
19.000	       0.26633	      0.325645	
19.500	      0.261557	      0.325847	
20.000	      0.261557	      0.325847	
20.500	      0.256263	      0.326041	
21.000	       0.25037	      0.326229	
21.500	      0.243783	      0.326411	
22.000	      0.243783	      0.326411	
22.500	       0.23639	      0.326587	
23.000	      0.228053	      0.326756	
23.500	      0.228053	      0.326756	
24.000	      0.218605	       0.32692	
24.500	      0.207838	      0.327079	
25.000	      0.195496	      0.327232	
25.500	      0.195496	      0.327232	
26.000	      0.181256	      0.327381	
26.500	      0.164706	      0.327525	
27.000	      0.164706	      0.327525	
27.500	       0.14532	      0.327664	
28.000	       0.12241	      0.327799	
28.500	     0.0950673	       0.32793	
29.000	     0.0950673	       0.32793	
29.500	     0.0620684	      0.328057	
30.000	     0.0217386	       0.32818	
30.500	     0.0217386	       0.32818	
31.000	     0.0282669	      0.328299	
31.500	     0.0913119	      0.328415	
32.000	      0.172361	      0.328527	
32.500	      0.172361	      0.328527	
33.000	      0.278989	      0.328636	
33.500	      0.423223	      0.328742	
34.000	      0.423223	      0.328742	
34.500	      0.625097	      0.328845	
35.000	      0.920034	      0.328945	
35.500	      0.920034	      0.328945	
36.000	       1.37559	      0.329042	
36.500	       2.13416	      0.329136	
37.000	        3.5407	      0.329228	
37.500	        3.5407	      0.329228	
38.000	       6.62533	      0.329318	
38.500	       15.8073	      0.329404	
39.000	       15.8073	      0.329404	
39.500	       83.1502	      0.329489	
40.000	       852.565	      0.329571	
40.500	       83.1502	      0.329651	
41.000	       83.1502	      0.329651	
41.500	       15.8073	      0.329729	
42.000	       6.62533	      0.329805	
42.500	       6.62533	      0.329805	
43.000	        3.5407	      0.329879	
43.500	       2.13416	      0.329951	
44.000	       1.37559	      0.330021	
44.500	       1.37559	      0.330021	
45.000	      0.920034	      0.330089	
45.500	      0.625097	      0.330156	
46.000	      0.625097	      0.330156	
46.500	      0.423223	       0.33022	
47.000	      0.278989	      0.330284	
47.500	      0.172361	      0.330345	
48.000	      0.172361	      0.330345	
48.500	     0.0913119	      0.330406	
49.000	     0.0282669	      0.330464	
49.500	     0.0282669	      0.330464	
50.000	     0.0217386	      0.330522	
50.500	     0.0620684	      0.330577	
51.000	     0.0950673	      0.330632	
51.500	     0.0950673	      0.330632	
52.000	       0.12241	      0.330685	
52.500	       0.14532	      0.330737	
53.000	       0.14532	      0.330737	
53.500	      0.164706	      0.330788	
54.000	      0.181256	      0.330837	
54.500	      0.195496	      0.330886	
55.000	      0.195496	      0.330886	
55.500	      0.207838	      0.330933	
56.000	      0.218605	      0.330979	
56.500	      0.218605	      0.330979	
57.000	      0.228053	      0.331024	
57.500	       0.23639	      0.331068	
58.000	       0.23639	      0.331068	
58.500	      0.243783	      0.331111	
59.000	       0.25037	      0.331153	
59.500	      0.256263	      0.331194	
60.000	      0.256263	      0.331194	
60.500	      0.261557	      0.331235	
61.000	       0.26633	      0.331274	
61.500	       0.26633	      0.331274	
62.000	      0.270649	      0.331312	
62.500	      0.274569	       0.33135	
63.000	      0.278138	      0.331387	
63.500	      0.278138	      0.331387	
64.000	      0.281396	      0.331423	
64.500	      0.284379	      0.331458	
65.000	      0.284379	      0.331458	
65.500	      0.287117	      0.331492	
66.000	      0.289636	      0.331526	
66.500	      0.291958	      0.331558	
67.000	      0.291958	      0.331558	
67.500	      0.294105	      0.331591	
68.000	      0.296092	      0.331622	
68.500	      0.296092	      0.331622	
69.000	      0.297935	      0.331653	
69.500	      0.299648	      0.331683	
70.000	      0.301243	      0.331712	
70.500	      0.301243	      0.331712	
71.000	      0.302731	      0.331741	
71.500	       0.30412	       0.33177	
72.000	       0.30412	       0.33177	
72.500	       0.30542	      0.331797	
73.000	      0.306637	      0.331824	
73.500	      0.307779	      0.331851	
74.000	      0.307779	      0.331851	
74.500	      0.308852	      0.331877	
75.000	      0.309862	      0.331902	
75.500	      0.309862	      0.331902	
76.000	      0.310812	      0.331927	
76.500	      0.311708	      0.331951	
77.000	      0.312553	      0.331975	
77.500	      0.312553	      0.331975	
78.000	      0.313353	      0.331998	
78.500	      0.314108	      0.332021	
79.000	      0.314108	      0.332021	
79.500	      0.314824	      0.332043	
80.000	      0.315502	      0.332065	
80.500	      0.315502	      0.332065	
81.000	      0.316146	      0.332087	
81.500	      0.316757	      0.332107	
82.000	      0.317337	      0.332128	
82.500	      0.317337	      0.332128	
83.000	       0.31789	      0.332148	
83.500	      0.318415	      0.332168	
84.000	      0.318415	      0.332168	
84.500	      0.318916	      0.332187	
85.000	      0.319393	      0.332206	
85.500	      0.319849	      0.332224	
86.000	      0.319849	      0.332224	
86.500	      0.320284	      0.332242	
87.000	      0.320699	       0.33226	
87.500	      0.320699	       0.33226	
88.000	      0.321097	      0.332277	
88.500	      0.321477	      0.332294	
89.000	      0.321841	      0.332311	
89.500	      0.321841	      0.332311	
90.000	      0.322189	      0.332327	
90.500	      0.322523	      0.332343	
91.000	      0.322523	      0.332343	
91.500	      0.322844	      0.332358	
92.000	      0.323151	      0.332373	
92.500	      0.323447	      0.332388	
93.000	      0.323447	      0.332388	
93.500	       0.32373	      0.332403	
94.000	      0.324003	      0.332417	
94.500	      0.324003	      0.332417	
95.000	      0.324265	      0.332431	
95.500	      0.324517	      0.332444	
96.000	       0.32476	      0.332458	
96.500	       0.32476	      0.332458	
97.000	      0.324993	      0.332471	
97.500	      0.325218	      0.332483	
98.000	      0.325218	      0.332483	
98.500	      0.325435	      0.332496	
99.000	      0.325645	      0.332508	
99.500	      0.325847	       0.33252	
100.000	      0.325847	       0.33252	
100.500	      0.326041	      0.332531	
101.000	      0.326229	      0.332542	
101.500	      0.326229	      0.332542	
102.000	      0.326411	      0.332553	
102.500	      0.326587	      0.332564	
103.000	      0.326587	      0.332564	
103.500	      0.326756	      0.332575	
104.000	       0.32692	      0.332585	
104.500	      0.327079	      0.332595	
105.000	      0.327079	      0.332595	
105.500	      0.327232	      0.332605	
106.000	      0.327381	      0.332614	
106.500	      0.327381	      0.332614	
107.000	      0.327525	      0.332623	
107.500	      0.327664	      0.332632	
108.000	      0.327799	      0.332641	
108.500	      0.327799	      0.332641	
109.000	       0.32793	       0.33265	
109.500	      0.328057	      0.332658	
110.000	      0.328057	      0.332658	
110.500	       0.32818	      0.332666	
111.000	      0.328299	      0.332674	
111.500	      0.328415	      0.332682	
112.000	      0.328415	      0.332682	
112.500	      0.328527	      0.332689	
113.000	      0.328636	      0.332696	
113.500	      0.328636	      0.332696	
114.000	      0.328742	      0.332703	
114.500	      0.328845	       0.33271	
115.000	      0.328945	      0.332716	
115.500	      0.328945	      0.332716	
116.000	      0.329042	      0.332723	
116.500	      0.329136	      0.332729	
117.000	      0.329136	      0.332729	
117.500	      0.329228	      0.332735	
118.000	      0.329318	      0.332741	
118.500	      0.329404	      0.332746	
119.000	      0.329404	      0.332746	
119.500	      0.329489	      0.332752	
120.000	      0.329571	      0.332757	
120.500	      0.329571	      0.332757	
121.000	      0.329651	      0.332762	
121.500	      0.329729	      0.332766	
122.000	      0.329805	      0.332771	
122.500	      0.329805	      0.332771	
123.000	      0.329879	      0.332775	
123.500	      0.329951	       0.33278	
124.000	      0.329951	       0.33278	
124.500	      0.330021	      0.332784	
125.000	      0.330089	      0.332787	
125.500	      0.330089	      0.332787	
126.000	      0.330156	      0.332791	
126.500	       0.33022	      0.332794	
127.000	      0.330284	      0.332798	
127.500	      0.330284	      0.332798	
128.000	      0.330345	      0.332801	
128.500	      0.330406	      0.332804	
129.000	      0.330406	      0.332804	
129.500	      0.330464	      0.332806	
130.000	      0.330522	      0.332809	
130.500	      0.330577	      0.332811	
131.000	      0.330577	      0.332811	
131.500	      0.330632	      0.332814	
132.000	      0.330685	      0.332816	
132.500	      0.330685	      0.332816	
133.000	      0.330737	      0.332817	
133.500	      0.330788	      0.332819	
134.000	      0.330837	      0.332821	
134.500	      0.330837	      0.332821	
135.000	      0.330886	      0.332822	
135.500	      0.330933	      0.332823	
136.000	      0.330933	      0.332823	
136.500	      0.330979	      0.332824	
137.000	      0.331024	      0.332825	
137.500	      0.331068	      0.332825	
138.000	      0.331068	      0.332825	
138.500	      0.331111	      0.332826	
139.000	      0.331153	      0.332826	
139.500	      0.331153	      0.332826	
140.000	      0.331194	      0.332826	
140.500	      0.331235	      0.332826	
141.000	      0.331274	      0.332826	
141.500	      0.331274	      0.332826	
142.000	      0.331312	      0.332825	
142.500	       0.33135	      0.332825	
143.000	       0.33135	      0.332825	
143.500	      0.331387	      0.332824	
144.000	      0.331423	      0.332823	
144.500	      0.331458	      0.332822	
145.000	      0.331458	      0.332822	
145.500	      0.331492	      0.332821	
146.000	      0.331526	      0.332819	
146.500	      0.331526	      0.332819	
147.000	      0.331558	      0.332817	
147.500	      0.331591	      0.332816	
148.000	      0.331591	      0.332816	
148.500	      0.331622	      0.332814	
149.000	      0.331653	      0.332811	
149.500	      0.331683	      0.332809	
150.000	      0.331683	      0.332809	
150.500	      0.331712	      0.332806	
151.000	      0.331741	      0.332804	
151.500	      0.331741	      0.332804	
152.000	       0.33177	      0.332801	
152.500	      0.331797	      0.332798	
153.000	      0.331824	      0.332794	
153.500	      0.331824	      0.332794	
154.000	      0.331851	      0.332791	
154.500	      0.331877	      0.332787	
155.000	      0.331877	      0.332787	
155.500	      0.331902	      0.332784	
156.000	      0.331927	       0.33278	
156.500	      0.331951	      0.332775	
157.000	      0.331951	      0.332775	
157.500	      0.331975	      0.332771	
158.000	      0.331998	      0.332766	
158.500	      0.331998	      0.332766	
159.000	      0.332021	      0.332762	
159.500	      0.332043	      0.332757	
160.000	      0.332065	      0.332752	
160.500	      0.332065	      0.332752	
161.000	      0.332087	      0.332746	
161.500	      0.332107	      0.332741	
162.000	      0.332107	      0.332741	
162.500	      0.332128	      0.332735	
163.000	      0.332148	      0.332729	
163.500	      0.332168	      0.332723	
164.000	      0.332168	      0.332723	
164.500	      0.332187	      0.332716	
165.000	      0.332206	       0.33271	
165.500	      0.332206	       0.33271	
166.000	      0.332224	      0.332703	
166.500	      0.332242	      0.332696	
167.000	       0.33226	      0.332689	
167.500	       0.33226	      0.332689	
168.000	      0.332277	      0.332682	
168.500	      0.332294	      0.332674	
169.000	      0.332294	      0.332674	
169.500	      0.332311	      0.332666	
170.000	      0.332327	      0.332658	
170.500	      0.332327	      0.332658	
171.000	      0.332343	       0.33265	
171.500	      0.332358	      0.332641	
172.000	      0.332373	      0.332632	
172.500	      0.332373	      0.332632	
173.000	      0.332388	      0.332623	
173.500	      0.332403	      0.332614	
174.000	      0.332403	      0.332614	
174.500	      0.332417	      0.332605	
175.000	      0.332431	      0.332595	
175.500	      0.332444	      0.332585	
176.000	      0.332444	      0.332585	
176.500	      0.332458	      0.332575	
177.000	      0.332471	      0.332564	
177.500	      0.332471	      0.332564	
178.000	      0.332483	      0.332553	
178.500	      0.332496	      0.332542	
179.000	      0.332508	      0.332531	
179.500	      0.332508	      0.332531	
180.000	       0.33252	       0.33252	
