
TracePro Release: 3 2 0 
Polar Candela Distribution Data for 
Data covers +/- 180.000 degrees from Normal
Data for Missed Rays
Data generated at 09:41:37 June 25, 2025

	   0.0	 180.0
0.000	    0.00856107	    0.00856107	
0.500	    0.00747505	     0.0148074	
1.000	    0.00747505	     0.0148074	
1.500	        0.0956	     0.0230231	
2.000	      0.185521	     0.0343102	
2.500	     0.0237349	     0.0531512	
3.000	     0.0237349	     0.0531512	
3.500	     0.0124319	      0.127384	
4.000	     0.0122801	      0.700974	
4.500	     0.0122801	      0.700974	
5.000	     0.0120073	      0.169103	
5.500	    0.00839541	      0.147205	
6.000	     0.0260526	      0.271581	
6.500	     0.0260526	      0.271581	
7.000	      0.462174	       1.17683	
7.500	       0.12507	       1.64521	
8.000	       0.12507	       1.64521	
8.500	      0.539107	       2.02889	
9.000	      0.479933	         3.728	
9.500	      0.991271	       3.30731	
10.000	      0.991271	       3.30731	
10.500	      0.459927	       4.30008	
11.000	      0.146543	       3.82703	
11.500	      0.146543	       3.82703	
12.000	      0.495839	       20.8058	
12.500	       1.45896	         213.1	
13.000	       1.45896	         213.1	
13.500	       1.23729	       20.8208	
14.000	      0.446953	       3.98597	
14.500	       3.63952	       1.68992	
15.000	       3.63952	       1.68992	
15.500	       1.67447	      0.917652	
16.000	      0.126644	      0.564384	
16.500	      0.126644	      0.564384	
17.000	       1.32205	      0.372283	
17.500	       1.21518	      0.255444	
18.000	       1.47213	     0.0908036	
18.500	       1.47213	     0.0908036	
19.000	       1.44763	      0.615242	
19.500	      0.272521	     0.0459563	
20.000	      0.272521	     0.0459563	
20.500	      0.658059	     0.0497717	
21.000	      0.731617	   0.000616575	
21.500	      0.655098	       0.41644	
22.000	      0.655098	       0.41644	
22.500	       0.82035	     0.0626598	
23.000	       2.12691	      0.305205	
23.500	       2.12691	      0.305205	
24.000	       1.37329	     0.0882044	
24.500	       1.65817	      0.380305	
25.000	      0.241484	     0.0777144	
25.500	      0.241484	     0.0777144	
26.000	      0.494875	     0.0521072	
26.500	       0.58349	     0.0500093	
27.000	       0.58349	     0.0500093	
27.500	     0.0424436	    0.00436551	
28.000	      0.214014	      0.900704	
28.500	       1.84644	     0.0403421	
29.000	       1.84644	     0.0403421	
29.500	      0.707973	       0.96714	
30.000	     0.0523425	     0.0977064	
30.500	     0.0523425	     0.0977064	
31.000	      0.228825	      0.274514	
31.500	       1.78663	      0.326403	
32.000	      0.767077	      0.525796	
32.500	      0.767077	      0.525796	
33.000	       0.97571	     0.0576948	
33.500	      0.403151	       2.23456	
34.000	      0.403151	       2.23456	
34.500	      0.493477	       2.70525	
35.000	       1.15556	       17.4183	
35.500	       1.15556	       17.4183	
36.000	       1.84041	       168.571	
36.500	       2.05802	       26.5108	
37.000	      0.963357	       5.48799	
37.500	      0.963357	       5.48799	
38.000	      0.844834	       11.6206	
38.500	       2.92203	       10.1495	
39.000	       2.92203	       10.1495	
39.500	       1.73409	       16.8302	
40.000	       1.59749	       3.68233	
40.500	       2.62691	       2.05366	
41.000	       2.62691	       2.05366	
41.500	      0.532148	      0.105572	
42.000	       3.04502	       1.02673	
42.500	       3.04502	       1.02673	
43.000	       1.53612	      0.753233	
43.500	       1.80686	      0.689157	
44.000	       1.46637	      0.343992	
44.500	       1.46637	      0.343992	
45.000	      0.984692	      0.447461	
45.500	      0.616312	     0.0335338	
46.000	      0.616312	     0.0335338	
46.500	      0.449916	       0.23886	
47.000	     0.0571309	      0.140902	
47.500	     0.0737657	      0.294384	
48.000	     0.0737657	      0.294384	
48.500	       1.59757	     0.0036405	
49.000	       5.14551	     0.0587714	
49.500	       5.14551	     0.0587714	
50.000	       3.13751	     0.0550467	
50.500	       3.85692	     0.0533311	
51.000	       4.32861	     0.0518241	
51.500	       4.32861	     0.0518241	
52.000	       1.92211	      0.050482	
52.500	      0.666685	     0.0493002	
53.000	      0.666685	     0.0493002	
53.500	       3.06612	     0.0482787	
54.000	       0.83768	      0.047435	
54.500	       1.37054	     0.0468503	
55.000	       1.37054	     0.0468503	
55.500	       2.75796	     0.0469198	
56.000	       2.86914	     0.0524366	
56.500	       2.86914	     0.0524366	
57.000	       1.95686	     0.0345311	
57.500	       2.22096	     0.0512463	
58.000	       2.22096	     0.0512463	
58.500	      0.995385	     0.0445234	
59.000	      0.497103	     0.0432161	
59.500	        4.1197	     0.0425148	
60.000	        4.1197	     0.0425148	
60.500	       2.19759	     0.0420069	
61.000	     0.0513033	     0.0415935	
61.500	     0.0513033	     0.0415935	
62.000	      0.345523	     0.0412392	
62.500	       2.51776	     0.0409278	
63.000	       3.79241	     0.0406505	
63.500	       3.79241	     0.0406505	
64.000	       1.11206	     0.0404017	
64.500	       4.02948	      0.040177	
65.000	       4.02948	      0.040177	
65.500	       39.4543	     0.0399718	
66.000	       3.92066	      0.039777	
66.500	      0.605081	     0.0395614	
67.000	      0.605081	     0.0395614	
67.500	      0.688377	     0.0391559	
68.000	      0.188188	     0.0359966	
68.500	      0.188188	     0.0359966	
69.000	      0.145842	     0.0912354	
69.500	      0.105511	     0.0114988	
70.000	      0.344523	      0.052654	
70.500	      0.344523	      0.052654	
71.000	      0.668544	     0.0644369	
71.500	      0.168487	     0.0482498	
72.000	      0.168487	     0.0482498	
72.500	    0.00114692	     0.0361976	
73.000	      0.797885	     0.0882646	
73.500	    0.00208842	     0.0354132	
74.000	    0.00208842	     0.0354132	
74.500	      0.108335	     0.0429745	
75.000	      0.643868	     0.0056131	
75.500	      0.643868	     0.0056131	
76.000	       0.16626	      0.053157	
76.500	      0.668194	      0.070013	
77.000	      0.894965	     0.0490157	
77.500	      0.894965	     0.0490157	
78.000	       0.74733	     0.0402211	
78.500	      0.231058	     0.0389644	
79.000	      0.231058	     0.0389644	
79.500	     0.0266518	     0.0385609	
80.000	      0.325113	     0.0384894	
80.500	      0.325113	     0.0384894	
81.000	      0.706351	     0.0388723	
81.500	     0.0978733	     0.0427411	
82.000	     0.0369115	     0.0126888	
82.500	     0.0369115	     0.0126888	
83.000	     0.0890804	     0.0425811	
83.500	     0.0190517	     0.0385371	
84.000	     0.0190517	     0.0385371	
84.500	     0.0663743	     0.0379408	
85.000	      0.014363	      0.037711	
85.500	      0.500511	      0.037585	
86.000	      0.500511	      0.037585	
86.500	      0.750867	     0.0375011	
87.000	       2.01192	     0.0374382	
87.500	       2.01192	     0.0374382	
88.000	       3.20757	     0.0373875	
88.500	       2.38262	     0.0373445	
89.000	       2.13905	      0.037307	
89.500	       2.13905	      0.037307	
90.000	       1.00288	     0.0372735	
90.500	       2.94091	     0.0372432	
91.000	       2.94091	     0.0372432	
91.500	        1.2692	     0.0372153	
92.000	      0.638415	     0.0371896	
92.500	       7.17608	     0.0371656	
93.000	       7.17608	     0.0371656	
93.500	        9.7851	     0.0371432	
94.000	       5.88318	     0.0371222	
94.500	       5.88318	     0.0371222	
95.000	       4.38069	     0.0371024	
95.500	       3.97977	     0.0370837	
96.000	       10.5237	      0.037066	
96.500	       10.5237	      0.037066	
97.000	       72.4884	     0.0370492	
97.500	       7.22834	     0.0370332	
98.000	       7.22834	     0.0370332	
98.500	      0.747708	      0.037018	
99.000	       1.17512	     0.0370036	
99.500	      0.198129	     0.0369898	
100.000	      0.198129	     0.0369898	
100.500	      0.843026	     0.0369766	
101.000	      0.216917	      0.036964	
101.500	      0.216917	      0.036964	
102.000	      0.363934	      0.036952	
102.500	      0.296316	     0.0369404	
103.000	      0.296316	     0.0369404	
103.500	      0.215856	     0.0369294	
104.000	     0.0933209	     0.0369187	
104.500	     0.0554453	     0.0369086	
105.000	     0.0554453	     0.0369086	
105.500	    0.00479976	     0.0368988	
106.000	    0.00734757	     0.0368894	
106.500	    0.00734757	     0.0368894	
107.000	     0.0112577	     0.0368803	
107.500	     0.0145466	     0.0368716	
108.000	     0.0172644	     0.0368632	
108.500	     0.0172644	     0.0368632	
109.000	     0.0195234	     0.0368551	
109.500	     0.0214177	     0.0368473	
110.000	     0.0214177	     0.0368473	
110.500	     0.0230206	     0.0368398	
111.000	     0.0243881	     0.0368325	
111.500	     0.0255638	     0.0368255	
112.000	     0.0255638	     0.0368255	
112.500	     0.0265817	     0.0368187	
113.000	     0.0274686	     0.0368121	
113.500	     0.0274686	     0.0368121	
114.000	     0.0282459	     0.0368057	
114.500	     0.0289308	     0.0367995	
115.000	     0.0295372	     0.0367935	
115.500	     0.0295372	     0.0367935	
116.000	     0.0300767	     0.0367877	
116.500	     0.0305587	     0.0367821	
117.000	     0.0305587	     0.0367821	
117.500	     0.0309909	     0.0367766	
118.000	       0.03138	     0.0367713	
118.500	     0.0317315	     0.0367661	
119.000	     0.0317315	     0.0367661	
119.500	       0.03205	     0.0367611	
120.000	     0.0323395	     0.0367562	
120.500	     0.0323395	     0.0367562	
121.000	     0.0326034	     0.0367514	
121.500	     0.0328445	     0.0367467	
122.000	     0.0330655	     0.0367422	
122.500	     0.0330655	     0.0367422	
123.000	     0.0332684	     0.0367377	
123.500	     0.0334552	     0.0367334	
124.000	     0.0334552	     0.0367334	
124.500	     0.0336276	     0.0367292	
125.000	     0.0337869	      0.036725	
125.500	     0.0337869	      0.036725	
126.000	     0.0339344	     0.0367209	
126.500	     0.0340713	     0.0367169	
127.000	     0.0341985	      0.036713	
127.500	     0.0341985	      0.036713	
128.000	      0.034317	     0.0367092	
128.500	     0.0344275	     0.0367054	
129.000	     0.0344275	     0.0367054	
129.500	     0.0345307	     0.0367017	
130.000	     0.0346272	     0.0366981	
130.500	     0.0347176	     0.0366945	
131.000	     0.0347176	     0.0366945	
131.500	     0.0348024	      0.036691	
132.000	      0.034882	     0.0366875	
132.500	      0.034882	     0.0366875	
133.000	     0.0349569	     0.0366841	
133.500	     0.0350274	     0.0366807	
134.000	     0.0350939	     0.0366774	
134.500	     0.0350939	     0.0366774	
135.000	     0.0351566	     0.0366741	
135.500	     0.0352158	     0.0366708	
136.000	     0.0352158	     0.0366708	
136.500	     0.0352718	     0.0366676	
137.000	     0.0353249	     0.0366644	
137.500	     0.0353751	     0.0366612	
138.000	     0.0353751	     0.0366612	
138.500	     0.0354227	      0.036658	
139.000	      0.035468	     0.0366549	
139.500	      0.035468	     0.0366549	
140.000	     0.0355109	     0.0366518	
140.500	     0.0355518	     0.0366487	
141.000	     0.0355907	     0.0366456	
141.500	     0.0355907	     0.0366456	
142.000	     0.0356277	     0.0366425	
142.500	      0.035663	     0.0366395	
143.000	      0.035663	     0.0366395	
143.500	     0.0356967	     0.0366364	
144.000	     0.0357288	     0.0366334	
144.500	     0.0357595	     0.0366304	
145.000	     0.0357595	     0.0366304	
145.500	     0.0357889	     0.0366273	
146.000	     0.0358169	     0.0366243	
146.500	     0.0358169	     0.0366243	
147.000	     0.0358438	     0.0366213	
147.500	     0.0358695	     0.0366182	
148.000	     0.0358695	     0.0366182	
148.500	     0.0358942	     0.0366152	
149.000	     0.0359179	     0.0366121	
149.500	     0.0359406	      0.036609	
150.000	     0.0359406	      0.036609	
150.500	     0.0359623	      0.036606	
151.000	     0.0359833	     0.0366029	
151.500	     0.0359833	     0.0366029	
152.000	     0.0360034	     0.0365998	
152.500	     0.0360227	     0.0365966	
153.000	     0.0360414	     0.0365935	
153.500	     0.0360414	     0.0365935	
154.000	     0.0360593	     0.0365903	
154.500	     0.0360766	     0.0365871	
155.000	     0.0360766	     0.0365871	
155.500	     0.0360932	     0.0365839	
156.000	     0.0361092	     0.0365806	
156.500	     0.0361247	     0.0365774	
157.000	     0.0361247	     0.0365774	
157.500	     0.0361396	     0.0365741	
158.000	      0.036154	     0.0365707	
158.500	      0.036154	     0.0365707	
159.000	      0.036168	     0.0365673	
159.500	     0.0361814	     0.0365639	
160.000	     0.0361944	     0.0365604	
160.500	     0.0361944	     0.0365604	
161.000	      0.036207	     0.0365569	
161.500	     0.0362192	     0.0365534	
162.000	     0.0362192	     0.0365534	
162.500	     0.0362309	     0.0365498	
163.000	     0.0362423	     0.0365461	
163.500	     0.0362534	     0.0365424	
164.000	     0.0362534	     0.0365424	
164.500	     0.0362641	     0.0365387	
165.000	     0.0362745	     0.0365349	
165.500	     0.0362745	     0.0365349	
166.000	     0.0362845	      0.036531	
166.500	     0.0362943	      0.036527	
167.000	     0.0363038	      0.036523	
167.500	     0.0363038	      0.036523	
168.000	      0.036313	      0.036519	
168.500	     0.0363219	     0.0365148	
169.000	     0.0363219	     0.0365148	
169.500	     0.0363306	     0.0365106	
170.000	      0.036339	     0.0365063	
170.500	      0.036339	     0.0365063	
171.000	     0.0363472	      0.036502	
171.500	     0.0363552	     0.0364975	
172.000	      0.036363	      0.036493	
172.500	      0.036363	      0.036493	
173.000	     0.0363705	     0.0364883	
173.500	     0.0363779	     0.0364836	
174.000	     0.0363779	     0.0364836	
174.500	     0.0363851	     0.0364788	
175.000	      0.036392	     0.0364739	
175.500	     0.0363989	     0.0364689	
176.000	     0.0363989	     0.0364689	
176.500	     0.0364055	     0.0364637	
177.000	      0.036412	     0.0364585	
177.500	      0.036412	     0.0364585	
178.000	     0.0364183	     0.0364531	
178.500	     0.0364244	     0.0364477	
179.000	     0.0364304	      0.036442	
179.500	     0.0364304	      0.036442	
180.000	     0.0364363	     0.0364363	
