
TracePro Release: 3 2 0 
Polar Candela Distribution Data for 
Data covers +/- 180.000 degrees from Normal
Data for Missed Rays
Data generated at 09:44:08 June 30, 2025

	   0.0	 180.0
0.000	      0.299968	      0.299968	
0.500	      0.299928	      0.300007	
1.000	      0.299928	      0.300007	
1.500	      0.299887	      0.300045	
2.000	      0.299846	      0.300082	
2.500	      0.299803	      0.300119	
3.000	      0.299803	      0.300119	
3.500	      0.299759	      0.300154	
4.000	      0.299714	      0.300189	
4.500	      0.299714	      0.300189	
5.000	      0.299668	      0.300223	
5.500	      0.299621	      0.300257	
6.000	      0.299573	      0.300289	
6.500	      0.299573	      0.300289	
7.000	      0.299523	      0.300321	
7.500	      0.299473	      0.300352	
8.000	      0.299473	      0.300352	
8.500	      0.299421	      0.300383	
9.000	      0.299368	      0.300412	
9.500	      0.299313	      0.300441	
10.000	      0.299313	      0.300441	
10.500	      0.299257	       0.30047	
11.000	        0.2992	      0.300498	
11.500	        0.2992	      0.300498	
12.000	      0.299141	      0.300525	
12.500	      0.299081	      0.300552	
13.000	      0.299081	      0.300552	
13.500	      0.299019	      0.300578	
14.000	      0.298955	      0.300604	
14.500	       0.29889	      0.300629	
15.000	       0.29889	      0.300629	
15.500	      0.298823	      0.300653	
16.000	      0.298755	      0.300677	
16.500	      0.298755	      0.300677	
17.000	      0.298684	      0.300701	
17.500	      0.298612	      0.300724	
18.000	      0.298537	      0.300746	
18.500	      0.298537	      0.300746	
19.000	      0.298461	      0.300768	
19.500	      0.298382	       0.30079	
20.000	      0.298382	       0.30079	
20.500	      0.298301	      0.300811	
21.000	      0.298218	      0.300831	
21.500	      0.298132	      0.300852	
22.000	      0.298132	      0.300852	
22.500	      0.298044	      0.300871	
23.000	      0.297954	      0.300891	
23.500	      0.297954	      0.300891	
24.000	      0.297861	       0.30091	
24.500	      0.297765	      0.300928	
25.000	      0.297666	      0.300946	
25.500	      0.297666	      0.300946	
26.000	      0.297564	      0.300964	
26.500	      0.297459	      0.300982	
27.000	      0.297459	      0.300982	
27.500	      0.297351	      0.300999	
28.000	       0.29724	      0.301015	
28.500	      0.297125	      0.301032	
29.000	      0.297125	      0.301032	
29.500	      0.297006	      0.301048	
30.000	      0.296884	      0.301063	
30.500	      0.296884	      0.301063	
31.000	      0.296758	      0.301079	
31.500	      0.296627	      0.301094	
32.000	      0.296493	      0.301108	
32.500	      0.296493	      0.301108	
33.000	      0.296353	      0.301123	
33.500	       0.29621	      0.301137	
34.000	       0.29621	      0.301137	
34.500	      0.296061	      0.301151	
35.000	      0.295907	      0.301164	
35.500	      0.295907	      0.301164	
36.000	      0.295748	      0.301177	
36.500	      0.295584	       0.30119	
37.000	      0.295413	      0.301203	
37.500	      0.295413	      0.301203	
38.000	      0.295237	      0.301215	
38.500	      0.295054	      0.301227	
39.000	      0.295054	      0.301227	
39.500	      0.294864	      0.301239	
40.000	      0.294668	       0.30125	
40.500	      0.294464	      0.301261	
41.000	      0.294464	      0.301261	
41.500	      0.294252	      0.301272	
42.000	      0.294032	      0.301283	
42.500	      0.294032	      0.301283	
43.000	      0.293804	      0.301294	
43.500	      0.293566	      0.301304	
44.000	      0.293319	      0.301314	
44.500	      0.293319	      0.301314	
45.000	      0.293062	      0.301323	
45.500	      0.292795	      0.301333	
46.000	      0.292795	      0.301333	
46.500	      0.292516	      0.301342	
47.000	      0.292226	      0.301351	
47.500	      0.291923	       0.30136	
48.000	      0.291923	       0.30136	
48.500	      0.291607	      0.301369	
49.000	      0.291278	      0.301377	
49.500	      0.291278	      0.301377	
50.000	      0.290933	      0.301385	
50.500	      0.290573	      0.301393	
51.000	      0.290197	      0.301401	
51.500	      0.290197	      0.301401	
52.000	      0.289803	      0.301408	
52.500	       0.28939	      0.301416	
53.000	       0.28939	      0.301416	
53.500	      0.288957	      0.301423	
54.000	      0.288504	       0.30143	
54.500	      0.288027	      0.301437	
55.000	      0.288027	      0.301437	
55.500	      0.287527	      0.301443	
56.000	      0.287001	      0.301449	
56.500	      0.287001	      0.301449	
57.000	      0.286447	      0.301456	
57.500	      0.285864	      0.301461	
58.000	      0.285864	      0.301461	
58.500	       0.28525	      0.301467	
59.000	      0.284601	      0.301473	
59.500	      0.283917	      0.301478	
60.000	      0.283917	      0.301478	
60.500	      0.283193	      0.301483	
61.000	      0.282426	      0.301488	
61.500	      0.282426	      0.301488	
62.000	      0.281615	      0.301493	
62.500	      0.280754	      0.301498	
63.000	      0.279839	      0.301502	
63.500	      0.279839	      0.301502	
64.000	      0.278867	      0.301507	
64.500	      0.277832	      0.301511	
65.000	      0.277832	      0.301511	
65.500	      0.276729	      0.301515	
66.000	      0.275551	      0.301519	
66.500	      0.274293	      0.301522	
67.000	      0.274293	      0.301522	
67.500	      0.272945	      0.301526	
68.000	        0.2715	      0.301529	
68.500	        0.2715	      0.301529	
69.000	      0.269947	      0.301532	
69.500	      0.268277	      0.301535	
70.000	      0.266477	      0.301538	
70.500	      0.266477	      0.301538	
71.000	      0.264532	      0.301541	
71.500	      0.262428	      0.301543	
72.000	      0.262428	      0.301543	
72.500	      0.260146	      0.301545	
73.000	      0.257665	      0.301547	
73.500	      0.254962	      0.301549	
74.000	      0.254962	      0.301549	
74.500	       0.25201	      0.301551	
75.000	      0.248776	      0.301553	
75.500	      0.248776	      0.301553	
76.000	      0.245224	      0.301554	
76.500	      0.241311	      0.301556	
77.000	      0.236987	      0.301557	
77.500	      0.236987	      0.301557	
78.000	       0.23219	      0.301558	
78.500	       0.22685	      0.301559	
79.000	       0.22685	      0.301559	
79.500	      0.220882	       0.30156	
80.000	      0.214184	       0.30156	
80.500	      0.214184	       0.30156	
81.000	       0.20663	      0.301561	
81.500	      0.198069	      0.301561	
82.000	      0.188314	      0.301561	
82.500	      0.188314	      0.301561	
83.000	      0.177132	      0.301561	
83.500	      0.164229	      0.301561	
84.000	      0.164229	      0.301561	
84.500	      0.149234	       0.30156	
85.000	      0.131669	       0.30156	
85.500	      0.110911	      0.301559	
86.000	      0.110911	      0.301559	
86.500	     0.0861368	      0.301558	
87.000	     0.0562378	      0.301557	
87.500	     0.0562378	      0.301557	
88.000	     0.0196965	      0.301556	
88.500	     0.0256116	      0.301554	
89.000	     0.0827342	      0.301553	
89.500	     0.0827342	      0.301553	
90.000	       0.15617	      0.301551	
90.500	      0.252781	      0.301549	
91.000	      0.252781	      0.301549	
91.500	      0.383466	      0.301547	
92.000	      0.566377	      0.301545	
92.500	      0.833607	      0.301543	
93.000	      0.833607	      0.301543	
93.500	       1.24637	      0.301541	
94.000	       1.93368	      0.301538	
94.500	       1.93368	      0.301538	
95.000	       3.20809	      0.301535	
95.500	       6.00295	      0.301532	
96.000	       14.3224	      0.301529	
96.500	       14.3224	      0.301529	
97.000	       75.3391	      0.301526	
97.500	       772.476	      0.301522	
98.000	       772.476	      0.301522	
98.500	       75.3391	      0.301519	
99.000	       14.3224	      0.301515	
99.500	       6.00295	      0.301511	
100.000	       6.00295	      0.301511	
100.500	       3.20809	      0.301507	
101.000	       1.93368	      0.301502	
101.500	       1.93368	      0.301502	
102.000	       1.24637	      0.301498	
102.500	      0.833607	      0.301493	
103.000	      0.833607	      0.301493	
103.500	      0.566377	      0.301488	
104.000	      0.383466	      0.301483	
104.500	      0.252781	      0.301478	
105.000	      0.252781	      0.301478	
105.500	       0.15617	      0.301473	
106.000	     0.0827342	      0.301467	
106.500	     0.0827342	      0.301467	
107.000	     0.0256116	      0.301461	
107.500	     0.0196965	      0.301456	
108.000	     0.0562378	      0.301449	
108.500	     0.0562378	      0.301449	
109.000	     0.0861368	      0.301443	
109.500	      0.110911	      0.301437	
110.000	      0.110911	      0.301437	
110.500	      0.131669	       0.30143	
111.000	      0.149234	      0.301423	
111.500	      0.164229	      0.301416	
112.000	      0.164229	      0.301416	
112.500	      0.177132	      0.301408	
113.000	      0.188314	      0.301401	
113.500	      0.188314	      0.301401	
114.000	      0.198069	      0.301393	
114.500	       0.20663	      0.301385	
115.000	      0.214184	      0.301377	
115.500	      0.214184	      0.301377	
116.000	      0.220882	      0.301369	
116.500	       0.22685	       0.30136	
117.000	       0.22685	       0.30136	
117.500	       0.23219	      0.301351	
118.000	      0.236987	      0.301342	
118.500	      0.241311	      0.301333	
119.000	      0.241311	      0.301333	
119.500	      0.245224	      0.301323	
120.000	      0.248776	      0.301314	
120.500	      0.248776	      0.301314	
121.000	       0.25201	      0.301304	
121.500	      0.254962	      0.301294	
122.000	      0.257665	      0.301283	
122.500	      0.257665	      0.301283	
123.000	      0.260146	      0.301272	
123.500	      0.262428	      0.301261	
124.000	      0.262428	      0.301261	
124.500	      0.264532	       0.30125	
125.000	      0.266477	      0.301239	
125.500	      0.266477	      0.301239	
126.000	      0.268277	      0.301227	
126.500	      0.269947	      0.301215	
127.000	        0.2715	      0.301203	
127.500	        0.2715	      0.301203	
128.000	      0.272945	       0.30119	
128.500	      0.274293	      0.301177	
129.000	      0.274293	      0.301177	
129.500	      0.275551	      0.301164	
130.000	      0.276729	      0.301151	
130.500	      0.277832	      0.301137	
131.000	      0.277832	      0.301137	
131.500	      0.278867	      0.301123	
132.000	      0.279839	      0.301108	
132.500	      0.279839	      0.301108	
133.000	      0.280754	      0.301094	
133.500	      0.281615	      0.301079	
134.000	      0.282426	      0.301063	
134.500	      0.282426	      0.301063	
135.000	      0.283193	      0.301048	
135.500	      0.283917	      0.301032	
136.000	      0.283917	      0.301032	
136.500	      0.284601	      0.301015	
137.000	       0.28525	      0.300999	
137.500	      0.285864	      0.300982	
138.000	      0.285864	      0.300982	
138.500	      0.286447	      0.300964	
139.000	      0.287001	      0.300946	
139.500	      0.287001	      0.300946	
140.000	      0.287527	      0.300928	
140.500	      0.288027	       0.30091	
141.000	      0.288504	      0.300891	
141.500	      0.288504	      0.300891	
142.000	      0.288957	      0.300871	
142.500	       0.28939	      0.300852	
143.000	       0.28939	      0.300852	
143.500	      0.289803	      0.300831	
144.000	      0.290197	      0.300811	
144.500	      0.290573	       0.30079	
145.000	      0.290573	       0.30079	
145.500	      0.290933	      0.300768	
146.000	      0.291278	      0.300746	
146.500	      0.291278	      0.300746	
147.000	      0.291607	      0.300724	
147.500	      0.291923	      0.300701	
148.000	      0.291923	      0.300701	
148.500	      0.292226	      0.300677	
149.000	      0.292516	      0.300653	
149.500	      0.292795	      0.300629	
150.000	      0.292795	      0.300629	
150.500	      0.293062	      0.300604	
151.000	      0.293319	      0.300578	
151.500	      0.293319	      0.300578	
152.000	      0.293566	      0.300552	
152.500	      0.293804	      0.300525	
153.000	      0.294032	      0.300498	
153.500	      0.294032	      0.300498	
154.000	      0.294252	       0.30047	
154.500	      0.294464	      0.300441	
155.000	      0.294464	      0.300441	
155.500	      0.294668	      0.300412	
156.000	      0.294864	      0.300383	
156.500	      0.295054	      0.300352	
157.000	      0.295054	      0.300352	
157.500	      0.295237	      0.300321	
158.000	      0.295413	      0.300289	
158.500	      0.295413	      0.300289	
159.000	      0.295584	      0.300257	
159.500	      0.295748	      0.300223	
160.000	      0.295907	      0.300189	
160.500	      0.295907	      0.300189	
161.000	      0.296061	      0.300154	
161.500	       0.29621	      0.300119	
162.000	       0.29621	      0.300119	
162.500	      0.296353	      0.300082	
163.000	      0.296493	      0.300045	
163.500	      0.296627	      0.300007	
164.000	      0.296627	      0.300007	
164.500	      0.296758	      0.299968	
165.000	      0.296884	      0.299928	
165.500	      0.296884	      0.299928	
166.000	      0.297006	      0.299887	
166.500	      0.297125	      0.299846	
167.000	       0.29724	      0.299803	
167.500	       0.29724	      0.299803	
168.000	      0.297351	      0.299759	
168.500	      0.297459	      0.299714	
169.000	      0.297459	      0.299714	
169.500	      0.297564	      0.299668	
170.000	      0.297666	      0.299621	
170.500	      0.297666	      0.299621	
171.000	      0.297765	      0.299573	
171.500	      0.297861	      0.299523	
172.000	      0.297954	      0.299473	
172.500	      0.297954	      0.299473	
173.000	      0.298044	      0.299421	
173.500	      0.298132	      0.299368	
174.000	      0.298132	      0.299368	
174.500	      0.298218	      0.299313	
175.000	      0.298301	      0.299257	
175.500	      0.298382	        0.2992	
176.000	      0.298382	        0.2992	
176.500	      0.298461	      0.299141	
177.000	      0.298537	      0.299081	
177.500	      0.298537	      0.299081	
178.000	      0.298612	      0.299019	
178.500	      0.298684	      0.298955	
179.000	      0.298755	       0.29889	
179.500	      0.298755	       0.29889	
180.000	      0.298823	      0.298823	
