
TracePro Release: 3 2 0 
Polar Candela Distribution Data for 
Data covers +/- 180.000 degrees from Normal
Data for Missed Rays
Data generated at 09:44:07 June 30, 2025

	   0.0	 180.0
0.000	      0.101759	      0.101759	
0.500	     0.0952707	      0.107431	
1.000	     0.0952707	      0.107431	
1.500	     0.0878092	      0.112413	
2.000	     0.0791772	      0.116805	
2.500	     0.0691238	      0.120692	
3.000	     0.0691238	      0.120692	
3.500	     0.0573261	       0.12414	
4.000	     0.0433631	      0.127206	
4.500	     0.0433631	      0.127206	
5.000	     0.0266777	      0.129935	
5.500	     0.0065209	      0.132365	
6.000	      0.018134	      0.134527	
6.500	      0.018134	      0.134527	
7.000	     0.0487243	      0.136446	
7.500	     0.0873121	      0.138141	
8.000	     0.0873121	      0.138141	
8.500	      0.136941	      0.139627	
9.000	      0.202254	      0.140915	
9.500	      0.290626	      0.142009	
10.000	      0.290626	      0.142009	
10.500	       0.41434	      0.142909	
11.000	       0.59511	      0.143608	
11.500	       0.59511	      0.143608	
12.000	      0.874356	       0.14409	
12.500	       1.33938	      0.144327	
13.000	       1.33938	      0.144327	
13.500	       2.20168	      0.144276	
14.000	        4.0928	      0.143866	
14.500	       9.72216	      0.142985	
15.000	       9.72216	      0.142985	
15.500	       51.0097	      0.141453	
16.000	       522.673	      0.138964	
16.500	       522.673	      0.138964	
17.000	       51.0096	      0.134974	
17.500	       9.72199	      0.128439	
18.000	       4.09255	      0.117159	
18.500	       4.09255	      0.117159	
19.000	       2.20134	     0.0957968	
19.500	       1.33895	     0.0484112	
20.000	       1.33895	     0.0484112	
20.500	      0.873841	      0.093391	
21.000	      0.594506	       1.13538	
21.500	      0.413646	       13.3465	
22.000	      0.413646	       13.3465	
22.500	      0.289841	       1.13503	
23.000	      0.201376	     0.0926899	
23.500	      0.201376	     0.0926899	
24.000	      0.135967	     0.0494589	
24.500	     0.0862414	     0.0971857	
25.000	     0.0475539	      0.118882	
25.500	     0.0475539	      0.118882	
26.000	     0.0168611	      0.130486	
26.500	    0.00789942	      0.137332	
27.000	    0.00789942	      0.137332	
27.500	     0.0281653	      0.141617	
28.000	     0.0449635	      0.144378	
28.500	     0.0590437	      0.146155	
29.000	     0.0590437	      0.146155	
29.500	     0.0709633	      0.147245	
30.000	     0.0811439	       0.14782	
30.500	     0.0811439	       0.14782	
31.000	     0.0899089	      0.147979	
31.500	       0.09751	      0.147775	
32.000	      0.104145	      0.147233	
32.500	      0.104145	      0.147233	
33.000	      0.109973	      0.146353	
33.500	      0.115119	      0.145114	
34.000	      0.115119	      0.145114	
34.500	      0.119687	      0.143478	
35.000	       0.12376	      0.141379	
35.500	       0.12376	      0.141379	
36.000	      0.127409	      0.138727	
36.500	      0.130691	      0.135392	
37.000	      0.133654	      0.131191	
37.500	      0.133654	      0.131191	
38.000	      0.136339	      0.125863	
38.500	       0.13878	      0.119034	
39.000	       0.13878	      0.119034	
39.500	      0.141006	      0.110143	
40.000	      0.143042	     0.0983377	
40.500	      0.144911	     0.0822586	
41.000	      0.144911	     0.0822586	
41.500	      0.146629	     0.0596405	
42.000	      0.148214	     0.0264767	
42.500	      0.148214	     0.0264767	
43.000	       0.14968	     0.0248764	
43.500	      0.151038	      0.110532	
44.000	      0.152299	      0.269528	
44.500	      0.152299	      0.269528	
45.000	      0.153474	      0.618436	
45.500	      0.154569	       1.65737	
46.000	      0.154569	       1.65737	
46.500	      0.155594	        9.2782	
47.000	      0.156553	       96.6139	
47.500	      0.157453	       9.27792	
48.000	      0.157453	       9.27792	
48.500	        0.1583	        1.6568	
49.000	      0.159098	      0.617583	
49.500	      0.159098	      0.617583	
50.000	      0.159851	      0.268385	
50.500	      0.160563	      0.109095	
51.000	      0.161238	     0.0231396	
51.500	      0.161238	     0.0231396	
52.000	      0.161878	     0.0285202	
52.500	      0.162487	     0.0619994	
53.000	      0.162487	     0.0619994	
53.500	      0.163067	     0.0849431	
54.000	       0.16362	       0.10136	
54.500	      0.164149	      0.113518	
55.000	      0.164149	      0.113518	
55.500	      0.164656	      0.122778	
56.000	      0.165142	      0.129997	
56.500	      0.165142	      0.129997	
57.000	      0.165609	      0.135738	
57.500	      0.166059	       0.14038	
58.000	      0.166059	       0.14038	
58.500	      0.166494	      0.144191	
59.000	      0.166914	      0.147359	
59.500	      0.167321	      0.150023	
60.000	      0.167321	      0.150023	
60.500	      0.167716	      0.152286	
61.000	      0.168101	      0.154225	
61.500	      0.168101	      0.154225	
62.000	      0.168476	      0.155901	
62.500	      0.168842	      0.157361	
63.000	      0.169202	       0.15864	
63.500	      0.169202	       0.15864	
64.000	      0.169554	      0.159768	
64.500	      0.169901	      0.160769	
65.000	      0.169901	      0.160769	
65.500	      0.170244	      0.161661	
66.000	      0.170583	       0.16246	
66.500	      0.170919	       0.16318	
67.000	      0.170919	       0.16318	
67.500	      0.171253	       0.16383	
68.000	      0.171587	      0.164419	
68.500	      0.171587	      0.164419	
69.000	       0.17192	      0.164956	
69.500	      0.172254	      0.165446	
70.000	      0.172591	      0.165896	
70.500	      0.172591	      0.165896	
71.000	       0.17293	      0.166309	
71.500	      0.173274	       0.16669	
72.000	      0.173274	       0.16669	
72.500	      0.173622	      0.167042	
73.000	      0.173977	      0.167368	
73.500	       0.17434	      0.167671	
74.000	       0.17434	      0.167671	
74.500	      0.174711	      0.167952	
75.000	      0.175093	      0.168215	
75.500	      0.175093	      0.168215	
76.000	      0.175487	      0.168461	
76.500	      0.175894	      0.168691	
77.000	      0.176317	      0.168907	
77.500	      0.176317	      0.168907	
78.000	      0.176758	       0.16911	
78.500	      0.177218	        0.1693	
79.000	      0.177218	        0.1693	
79.500	      0.177701	       0.16948	
80.000	      0.178208	       0.16965	
80.500	      0.178208	       0.16965	
81.000	      0.178744	      0.169811	
81.500	      0.179311	      0.169963	
82.000	      0.179914	      0.170107	
82.500	      0.179914	      0.170107	
83.000	      0.180557	      0.170244	
83.500	      0.181246	      0.170374	
84.000	      0.181246	      0.170374	
84.500	      0.181985	      0.170498	
85.000	      0.182782	      0.170616	
85.500	      0.183645	      0.170728	
86.000	      0.183645	      0.170728	
86.500	      0.184583	      0.170835	
87.000	      0.185605	      0.170938	
87.500	      0.185605	      0.170938	
88.000	      0.186725	      0.171036	
88.500	      0.187958	       0.17113	
89.000	      0.189319	      0.171219	
89.500	      0.189319	      0.171219	
90.000	      0.190831	      0.171306	
90.500	      0.192518	      0.171388	
91.000	      0.192518	      0.171388	
91.500	       0.19441	      0.171468	
92.000	      0.196544	      0.171544	
92.500	      0.198965	      0.171618	
93.000	      0.198965	      0.171618	
93.500	       0.20173	      0.171688	
94.000	      0.204911	      0.171756	
94.500	      0.204911	      0.171756	
95.000	      0.208596	      0.171822	
95.500	      0.212902	      0.171885	
96.000	       0.21798	      0.171946	
96.500	       0.21798	      0.171946	
97.000	      0.224029	      0.172005	
97.500	      0.231317	      0.172062	
98.000	      0.231317	      0.172062	
98.500	      0.240212	      0.172118	
99.000	      0.251228	      0.172171	
99.500	      0.265104	      0.172223	
100.000	      0.265104	      0.172223	
100.500	      0.282928	      0.172273	
101.000	      0.306362	      0.172321	
101.500	      0.306362	      0.172321	
102.000	      0.338045	      0.172368	
102.500	      0.382371	      0.172414	
103.000	      0.382371	      0.172414	
103.500	      0.447111	      0.172458	
104.000	      0.547084	      0.172501	
104.500	      0.713529	      0.172543	
105.000	      0.713529	      0.172543	
105.500	       1.02212	      0.172583	
106.000	       1.69883	      0.172622	
106.500	       1.69883	      0.172622	
107.000	        3.7131	      0.172661	
107.500	       18.4861	      0.172698	
108.000	       186.781	      0.172734	
108.500	       186.781	      0.172734	
109.000	       18.4862	       0.17277	
109.500	       3.71323	      0.172804	
110.000	       3.71323	      0.172804	
110.500	       1.69903	      0.172838	
111.000	       1.02238	      0.172871	
111.500	      0.713862	      0.172903	
112.000	      0.713862	      0.172903	
112.500	      0.547485	      0.172934	
113.000	      0.447579	      0.172964	
113.500	      0.447579	      0.172964	
114.000	      0.382906	      0.172994	
114.500	      0.338648	      0.173023	
115.000	      0.307034	      0.173052	
115.500	      0.307034	      0.173052	
116.000	      0.283669	      0.173079	
116.500	      0.265915	      0.173106	
117.000	      0.265915	      0.173106	
117.500	      0.252109	      0.173133	
118.000	      0.241164	      0.173159	
118.500	       0.23234	      0.173185	
119.000	       0.23234	      0.173185	
119.500	      0.225125	       0.17321	
120.000	      0.219149	      0.173234	
120.500	      0.219149	      0.173234	
121.000	      0.214145	      0.173258	
121.500	      0.209914	      0.173282	
122.000	      0.206305	      0.173305	
122.500	      0.206305	      0.173305	
123.000	      0.203201	      0.173327	
123.500	      0.200514	      0.173349	
124.000	      0.200514	      0.173349	
124.500	      0.198172	      0.173371	
125.000	      0.196118	      0.173393	
125.500	      0.196118	      0.173393	
126.000	      0.194308	      0.173414	
126.500	      0.192705	      0.173435	
127.000	      0.191278	      0.173455	
127.500	      0.191278	      0.173455	
128.000	      0.190003	      0.173475	
128.500	      0.188859	      0.173495	
129.000	      0.188859	      0.173495	
129.500	      0.187828	      0.173514	
130.000	      0.186897	      0.173533	
130.500	      0.186054	      0.173552	
131.000	      0.186054	      0.173552	
131.500	      0.185286	      0.173571	
132.000	      0.184587	      0.173589	
132.500	      0.184587	      0.173589	
133.000	      0.183948	      0.173607	
133.500	      0.183362	      0.173625	
134.000	      0.182823	      0.173643	
134.500	      0.182823	      0.173643	
135.000	      0.182328	       0.17366	
135.500	      0.181871	      0.173678	
136.000	      0.181871	      0.173678	
136.500	      0.181448	      0.173695	
137.000	      0.181057	      0.173711	
137.500	      0.180694	      0.173728	
138.000	      0.180694	      0.173728	
138.500	      0.180357	      0.173745	
139.000	      0.180042	      0.173761	
139.500	      0.180042	      0.173761	
140.000	       0.17975	      0.173777	
140.500	      0.179476	      0.173793	
141.000	       0.17922	      0.173809	
141.500	       0.17922	      0.173809	
142.000	      0.178981	      0.173825	
142.500	      0.178757	      0.173841	
143.000	      0.178757	      0.173841	
143.500	      0.178546	      0.173856	
144.000	      0.178348	      0.173872	
144.500	      0.178161	      0.173887	
145.000	      0.178161	      0.173887	
145.500	      0.177985	      0.173902	
146.000	       0.17782	      0.173918	
146.500	       0.17782	      0.173918	
147.000	      0.177663	      0.173933	
147.500	      0.177516	      0.173948	
148.000	      0.177516	      0.173948	
148.500	      0.177376	      0.173963	
149.000	      0.177243	      0.173978	
149.500	      0.177118	      0.173993	
150.000	      0.177118	      0.173993	
150.500	      0.176998	      0.174008	
151.000	      0.176885	      0.174023	
151.500	      0.176885	      0.174023	
152.000	      0.176778	      0.174038	
152.500	      0.176676	      0.174053	
153.000	      0.176578	      0.174068	
153.500	      0.176578	      0.174068	
154.000	      0.176485	      0.174083	
154.500	      0.176397	      0.174098	
155.000	      0.176397	      0.174098	
155.500	      0.176313	      0.174113	
156.000	      0.176232	      0.174128	
156.500	      0.176155	      0.174143	
157.000	      0.176155	      0.174143	
157.500	      0.176081	      0.174158	
158.000	      0.176011	      0.174173	
158.500	      0.176011	      0.174173	
159.000	      0.175944	      0.174189	
159.500	      0.175879	      0.174204	
160.000	      0.175817	       0.17422	
160.500	      0.175817	       0.17422	
161.000	      0.175757	      0.174235	
161.500	        0.1757	      0.174251	
162.000	        0.1757	      0.174251	
162.500	      0.175645	      0.174267	
163.000	      0.175593	      0.174283	
163.500	      0.175542	      0.174299	
164.000	      0.175542	      0.174299	
164.500	      0.175493	      0.174315	
165.000	      0.175446	      0.174332	
165.500	      0.175446	      0.174332	
166.000	      0.175401	      0.174349	
166.500	      0.175357	      0.174365	
167.000	      0.175315	      0.174383	
167.500	      0.175315	      0.174383	
168.000	      0.175274	        0.1744	
168.500	      0.175235	      0.174418	
169.000	      0.175235	      0.174418	
169.500	      0.175197	      0.174435	
170.000	       0.17516	      0.174454	
170.500	       0.17516	      0.174454	
171.000	      0.175124	      0.174472	
171.500	       0.17509	      0.174491	
172.000	      0.175056	       0.17451	
172.500	      0.175056	       0.17451	
173.000	      0.175024	      0.174529	
173.500	      0.174992	      0.174549	
174.000	      0.174992	      0.174549	
174.500	      0.174962	      0.174569	
175.000	      0.174932	       0.17459	
175.500	      0.174904	       0.17461	
176.000	      0.174904	       0.17461	
176.500	      0.174876	      0.174632	
177.000	      0.174848	      0.174654	
177.500	      0.174848	      0.174654	
178.000	      0.174822	      0.174676	
178.500	      0.174796	      0.174699	
179.000	      0.174771	      0.174722	
179.500	      0.174771	      0.174722	
180.000	      0.174746	      0.174746	
