
TracePro Release: 3 2 0 
Polar Candela Distribution Data for 
Data covers +/- 180.000 degrees from Normal
Data for Missed Rays
Data generated at 09:41:37 June 25, 2025

	   0.0	 180.0
0.000	      0.289985	      0.289985	
0.500	      0.290265	      0.289499	
1.000	      0.290265	      0.289499	
1.500	      0.290425	      0.288626	
2.000	      0.290511	      0.286927	
2.500	      0.290548	      0.283085	
3.000	      0.290548	      0.283085	
3.500	       0.29055	      0.271456	
4.000	      0.290527	      0.185518	
4.500	      0.290527	      0.185518	
5.000	      0.290485	       1.38119	
5.500	      0.290428	      0.185753	
6.000	       0.29036	      0.271931	
6.500	       0.29036	      0.271931	
7.000	      0.290281	      0.283817	
7.500	      0.290194	       0.28794	
8.000	      0.290194	       0.28794	
8.500	        0.2901	      0.289962	
9.000	      0.289998	      0.291225	
9.500	       0.28989	      0.292217	
10.000	       0.28989	      0.292217	
10.500	      0.289775	      0.293216	
11.000	      0.289655	      0.294535	
11.500	      0.289655	      0.294535	
12.000	      0.289529	      0.296859	
12.500	      0.289397	      0.302831	
13.000	      0.289397	      0.302831	
13.500	      0.289259	      0.341738	
14.000	      0.289116	      0.169986	
14.500	      0.288966	      0.381375	
15.000	      0.288966	      0.381375	
15.500	      0.288811	      0.138159	
16.000	      0.288649	      0.339147	
16.500	      0.288649	      0.339147	
17.000	      0.288481	      0.302558	
17.500	      0.288307	      0.296376	
18.000	      0.288125	      0.288922	
18.500	      0.288125	      0.288922	
19.000	      0.287937	      0.364746	
19.500	      0.287741	      0.287544	
20.000	      0.287741	      0.287544	
20.500	      0.287537	      0.292802	
21.000	      0.287326	      0.293416	
21.500	      0.287106	      0.293622	
22.000	      0.287106	      0.293622	
22.500	      0.286877	      0.293784	
23.000	       0.28664	      0.294051	
23.500	       0.28664	      0.294051	
24.000	      0.286393	      0.294751	
24.500	      0.286136	      0.299278	
25.000	      0.285868	      0.241129	
25.500	      0.285868	      0.241129	
26.000	       0.28559	      0.307725	
26.500	        0.2853	      0.186057	
27.000	        0.2853	      0.186057	
27.500	      0.284999	      0.353552	
28.000	      0.284685	       0.28617	
28.500	      0.284358	      0.341338	
29.000	      0.284358	      0.341338	
29.500	      0.284018	      0.289112	
30.000	      0.283664	      0.292886	
30.500	      0.283664	      0.292886	
31.000	      0.283296	      0.293395	
31.500	      0.282914	      0.293567	
32.000	      0.282517	      0.293651	
32.500	      0.282517	      0.293651	
33.000	      0.282107	      0.293702	
33.500	      0.281683	       0.29374	
34.000	      0.281683	       0.29374	
34.500	      0.281247	      0.293771	
35.000	      0.280802	      0.293798	
35.500	      0.280802	      0.293798	
36.000	      0.280352	      0.293823	
36.500	      0.279904	      0.293846	
37.000	       0.27947	      0.293869	
37.500	       0.27947	      0.293869	
38.000	      0.279071	      0.293891	
38.500	      0.278744	      0.293912	
39.000	      0.278744	      0.293912	
39.500	       0.27856	      0.293933	
40.000	      0.278663	      0.293954	
40.500	      0.279393	      0.293974	
41.000	      0.279393	      0.293974	
41.500	      0.281736	      0.293994	
42.000	      0.289771	      0.294014	
42.500	      0.289771	      0.294014	
43.000	      0.350379	      0.294033	
43.500	      0.485593	      0.294053	
44.000	      0.357015	      0.294071	
44.500	      0.357015	      0.294071	
45.000	      0.315788	       0.29409	
45.500	      0.476398	      0.294109	
46.000	      0.476398	      0.294109	
46.500	       2.22109	      0.294127	
47.000	       2.12277	      0.294145	
47.500	      0.466107	      0.294164	
48.000	      0.466107	      0.294164	
48.500	      0.295589	      0.294182	
49.000	      0.190089	        0.2942	
49.500	      0.190089	        0.2942	
50.000	        1.0607	      0.294219	
50.500	      0.179108	      0.294238	
51.000	      0.240124	      0.294257	
51.500	      0.240124	      0.294257	
52.000	      0.252307	      0.294278	
52.500	      0.334105	      0.294299	
53.000	      0.334105	      0.294299	
53.500	       1.21463	      0.294323	
54.000	       1.96752	      0.294349	
54.500	     0.0103338	       0.29438	
55.000	     0.0103338	       0.29438	
55.500	      0.998328	      0.294418	
56.000	      0.010785	      0.294467	
56.500	      0.010785	      0.294467	
57.000	       1.90016	      0.294539	
57.500	      0.852419	      0.294657	
58.000	      0.852419	      0.294657	
58.500	       1.06218	      0.294886	
59.000	     0.0492778	      0.295499	
59.500	       1.01085	      0.299519	
60.000	       1.01085	      0.299519	
60.500	       0.13166	      0.246676	
61.000	      0.368576	       0.30373	
61.500	      0.368576	       0.30373	
62.000	       2.46092	      0.248688	
62.500	       2.10371	      0.299387	
63.000	      0.811809	      0.295536	
63.500	      0.811809	      0.295536	
64.000	      0.220698	      0.294963	
64.500	      0.895329	      0.294761	
65.000	      0.895329	      0.294761	
65.500	       1.77119	      0.294668	
66.000	      0.195197	      0.294619	
66.500	      0.890851	      0.294591	
67.000	      0.890851	      0.294591	
67.500	       2.00329	      0.294576	
68.000	       1.58153	      0.294567	
68.500	       1.58153	      0.294567	
69.000	      0.627235	      0.294563	
69.500	       2.22676	      0.294562	
70.000	       3.60773	      0.294563	
70.500	       3.60773	      0.294563	
71.000	       3.02408	      0.294565	
71.500	       7.71334	      0.294568	
72.000	       7.71334	      0.294568	
72.500	       1.17869	      0.294572	
73.000	       6.65646	      0.294576	
73.500	       11.6856	       0.29458	
74.000	       11.6856	       0.29458	
74.500	       66.2011	      0.294585	
75.000	       654.347	       0.29459	
75.500	       654.347	       0.29459	
76.000	       63.7188	      0.294594	
76.500	       12.0888	      0.294599	
77.000	       5.05972	      0.294604	
77.500	       5.05972	      0.294604	
78.000	       2.70341	      0.294609	
78.500	       1.63296	      0.294614	
79.000	       1.63296	      0.294614	
79.500	       1.05898	      0.294619	
80.000	      0.714582	      0.294623	
80.500	      0.714582	      0.294623	
81.000	      0.449373	      0.294628	
81.500	       1.09082	      0.294632	
82.000	      0.249801	      0.294636	
82.500	      0.249801	      0.294636	
83.000	      0.375559	       0.29464	
83.500	       1.17205	      0.294645	
84.000	       1.17205	      0.294645	
84.500	      0.507433	      0.294648	
85.000	      0.418364	      0.294652	
85.500	        1.0527	      0.294656	
86.000	        1.0527	      0.294656	
86.500	      0.731273	      0.294659	
87.000	       9.70326	      0.294663	
87.500	       9.70326	      0.294663	
88.000	       97.8869	      0.294666	
88.500	        9.4441	      0.294669	
89.000	       1.69919	      0.294672	
89.500	       1.69919	      0.294672	
90.000	      0.660974	      0.294675	
90.500	     0.0840108	      0.294677	
91.000	     0.0840108	      0.294677	
91.500	      0.180972	       0.29468	
92.000	      0.536942	      0.294682	
92.500	      0.124343	      0.294684	
93.000	      0.124343	      0.294684	
93.500	        1.5555	      0.294686	
94.000	   0.000804296	      0.294688	
94.500	   0.000804296	      0.294688	
95.000	      0.154948	       0.29469	
95.500	     0.0534303	      0.294691	
96.000	       0.20706	      0.294693	
96.500	       0.20706	      0.294693	
97.000	      0.202885	      0.294694	
97.500	      0.210098	      0.294695	
98.000	      0.210098	      0.294695	
98.500	      0.210619	      0.294696	
99.000	      0.334367	      0.294697	
99.500	      0.135847	      0.294698	
100.000	      0.135847	      0.294698	
100.500	      0.245851	      0.294698	
101.000	      0.155409	      0.294698	
101.500	      0.155409	      0.294698	
102.000	      0.437324	      0.294699	
102.500	      0.226419	      0.294699	
103.000	      0.226419	      0.294699	
103.500	      0.297817	      0.294699	
104.000	      0.247945	      0.294698	
104.500	      0.254896	      0.294698	
105.000	      0.254896	      0.294698	
105.500	      0.257926	      0.294698	
106.000	      0.260285	      0.294697	
106.500	      0.260285	      0.294697	
107.000	      0.262319	      0.294696	
107.500	      0.264132	      0.294695	
108.000	      0.265774	      0.294694	
108.500	      0.265774	      0.294694	
109.000	      0.267276	      0.294693	
109.500	      0.268656	      0.294691	
110.000	      0.268656	      0.294691	
110.500	      0.269931	       0.29469	
111.000	      0.271112	      0.294688	
111.500	      0.272209	      0.294686	
112.000	      0.272209	      0.294686	
112.500	      0.273232	      0.294684	
113.000	      0.274187	      0.294682	
113.500	      0.274187	      0.294682	
114.000	       0.27508	      0.294679	
114.500	      0.275917	      0.294677	
115.000	      0.276703	      0.294674	
115.500	      0.276703	      0.294674	
116.000	      0.277441	      0.294671	
116.500	      0.278137	      0.294668	
117.000	      0.278137	      0.294668	
117.500	      0.278793	      0.294665	
118.000	      0.279413	      0.294662	
118.500	      0.279999	      0.294658	
119.000	      0.279999	      0.294658	
119.500	      0.280553	      0.294654	
120.000	      0.281079	       0.29465	
120.500	      0.281079	       0.29465	
121.000	      0.281577	      0.294646	
121.500	       0.28205	      0.294642	
122.000	        0.2825	      0.294638	
122.500	        0.2825	      0.294638	
123.000	      0.282928	      0.294633	
123.500	      0.283335	      0.294629	
124.000	      0.283335	      0.294629	
124.500	      0.283723	      0.294624	
125.000	      0.284094	      0.294619	
125.500	      0.284094	      0.294619	
126.000	      0.284447	      0.294614	
126.500	      0.284785	      0.294608	
127.000	      0.285108	      0.294603	
127.500	      0.285108	      0.294603	
128.000	      0.285416	      0.294597	
128.500	      0.285712	      0.294591	
129.000	      0.285712	      0.294591	
129.500	      0.285995	      0.294585	
130.000	      0.286267	      0.294578	
130.500	      0.286527	      0.294572	
131.000	      0.286527	      0.294572	
131.500	      0.286777	      0.294565	
132.000	      0.287017	      0.294558	
132.500	      0.287017	      0.294558	
133.000	      0.287247	      0.294551	
133.500	      0.287469	      0.294544	
134.000	      0.287682	      0.294536	
134.500	      0.287682	      0.294536	
135.000	      0.287887	      0.294528	
135.500	      0.288085	       0.29452	
136.000	      0.288085	       0.29452	
136.500	      0.288275	      0.294512	
137.000	      0.288458	      0.294504	
137.500	      0.288635	      0.294495	
138.000	      0.288635	      0.294495	
138.500	      0.288805	      0.294487	
139.000	       0.28897	      0.294477	
139.500	       0.28897	      0.294477	
140.000	      0.289129	      0.294468	
140.500	      0.289282	      0.294459	
141.000	       0.28943	      0.294449	
141.500	       0.28943	      0.294449	
142.000	      0.289573	      0.294439	
142.500	      0.289712	      0.294429	
143.000	      0.289712	      0.294429	
143.500	      0.289846	      0.294418	
144.000	      0.289975	      0.294408	
144.500	      0.290101	      0.294397	
145.000	      0.290101	      0.294397	
145.500	      0.290222	      0.294386	
146.000	       0.29034	      0.294374	
146.500	       0.29034	      0.294374	
147.000	      0.290454	      0.294362	
147.500	      0.290564	       0.29435	
148.000	      0.290564	       0.29435	
148.500	      0.290672	      0.294338	
149.000	      0.290775	      0.294326	
149.500	      0.290876	      0.294313	
150.000	      0.290876	      0.294313	
150.500	      0.290974	        0.2943	
151.000	      0.291069	      0.294286	
151.500	      0.291069	      0.294286	
152.000	      0.291161	      0.294273	
152.500	      0.291251	      0.294259	
153.000	      0.291337	      0.294244	
153.500	      0.291337	      0.294244	
154.000	      0.291422	       0.29423	
154.500	      0.291504	      0.294215	
155.000	      0.291504	      0.294215	
155.500	      0.291584	      0.294199	
156.000	      0.291661	      0.294184	
156.500	      0.291737	      0.294168	
157.000	      0.291737	      0.294168	
157.500	       0.29181	      0.294152	
158.000	      0.291882	      0.294135	
158.500	      0.291882	      0.294135	
159.000	      0.291951	      0.294118	
159.500	      0.292019	      0.294101	
160.000	      0.292085	      0.294083	
160.500	      0.292085	      0.294083	
161.000	      0.292149	      0.294065	
161.500	      0.292211	      0.294046	
162.000	      0.292211	      0.294046	
162.500	      0.292272	      0.294027	
163.000	      0.292332	      0.294008	
163.500	      0.292389	      0.293988	
164.000	      0.292389	      0.293988	
164.500	      0.292446	      0.293968	
165.000	      0.292501	      0.293947	
165.500	      0.292501	      0.293947	
166.000	      0.292554	      0.293926	
166.500	      0.292607	      0.293905	
167.000	      0.292658	      0.293883	
167.500	      0.292658	      0.293883	
168.000	      0.292707	       0.29386	
168.500	      0.292756	      0.293837	
169.000	      0.292756	      0.293837	
169.500	      0.292803	      0.293814	
170.000	      0.292849	       0.29379	
170.500	      0.292849	       0.29379	
171.000	      0.292894	      0.293766	
171.500	      0.292938	      0.293741	
172.000	      0.292981	      0.293715	
172.500	      0.292981	      0.293715	
173.000	      0.293023	      0.293689	
173.500	      0.293064	      0.293662	
174.000	      0.293064	      0.293662	
174.500	      0.293104	      0.293635	
175.000	      0.293144	      0.293607	
175.500	      0.293182	      0.293579	
176.000	      0.293182	      0.293579	
176.500	      0.293219	      0.293549	
177.000	      0.293256	       0.29352	
177.500	      0.293256	       0.29352	
178.000	      0.293291	      0.293489	
178.500	      0.293326	      0.293458	
179.000	       0.29336	      0.293426	
179.500	       0.29336	      0.293426	
180.000	      0.293394	      0.293394	
