
TracePro Release: 3 2 0 
Polar Candela Distribution Data for 
Data covers +/- 180.000 degrees from Normal
Data for Missed Rays
Data generated at 09:47:45 June 25, 2025

	   0.0	 180.0
0.000	      0.229403	      0.229403	
0.500	      0.268826	       0.75109	
1.000	      0.268826	       0.75109	
1.500	      0.274661	      0.190033	
2.000	      0.276728	      0.710271	
2.500	       0.27769	      0.233112	
3.000	       0.27769	      0.233112	
3.500	        0.2782	      0.269545	
4.000	      0.278489	      0.275018	
4.500	      0.278489	      0.275018	
5.000	      0.278654	      0.276924	
5.500	      0.278744	      0.277685	
6.000	      0.278786	      0.277789	
6.500	      0.278786	      0.277789	
7.000	      0.278793	       0.27709	
7.500	      0.278776	      0.274136	
8.000	      0.278776	      0.274136	
8.500	      0.278741	      0.250793	
9.000	      0.278691	      0.577456	
9.500	      0.278629	      0.250856	
10.000	      0.278629	      0.250856	
10.500	      0.278557	      0.274164	
11.000	      0.278477	      0.276734	
11.500	      0.278477	      0.276734	
12.000	      0.278388	      0.275551	
12.500	      0.278292	      0.257816	
13.000	      0.278292	      0.257816	
13.500	      0.278189	      0.518343	
14.000	      0.278079	        0.2615	
14.500	      0.277962	      0.297326	
15.000	      0.277962	      0.297326	
15.500	      0.277839	     0.0643189	
16.000	      0.277708	      0.301085	
16.500	      0.277708	      0.301085	
17.000	      0.277569	      0.284758	
17.500	      0.277422	      0.283118	
18.000	      0.277267	       0.28385	
18.500	      0.277267	       0.28385	
19.000	        0.2771	      0.295597	
19.500	      0.276922	      0.092201	
20.000	      0.276922	      0.092201	
20.500	      0.276728	      0.470056	
21.000	      0.276516	      0.270699	
21.500	      0.276279	      0.294416	
22.000	      0.276279	      0.294416	
22.500	      0.276006	      0.126554	
23.000	      0.275677	      0.295671	
23.500	      0.275677	      0.295671	
24.000	      0.275254	      0.283197	
24.500	      0.274642	      0.280256	
25.000	      0.273568	      0.269798	
25.500	      0.273568	      0.269798	
26.000	      0.270884	      0.407664	
26.500	      0.253155	      0.269423	
27.000	      0.253155	      0.269423	
27.500	      0.493752	      0.279256	
28.000	      0.252032	      0.280504	
28.500	       0.26839	      0.280817	
29.000	       0.26839	      0.280817	
29.500	      0.268927	      0.280798	
30.000	      0.265059	      0.280486	
30.500	      0.265059	      0.280486	
31.000	       0.23577	      0.279604	
31.500	       0.62127	      0.276757	
32.000	      0.200356	       0.25518	
32.500	      0.200356	       0.25518	
33.000	      0.661945	      0.557514	
33.500	      0.232356	      0.256345	
34.000	      0.232356	      0.256345	
34.500	      0.265146	      0.284539	
35.000	      0.270727	      0.196325	
35.500	      0.270727	      0.196325	
36.000	      0.274334	      0.287487	
36.500	      0.281004	        0.2755	
37.000	      0.324206	      0.357329	
37.500	      0.324206	      0.357329	
38.000	      0.264399	       0.27479	
38.500	      0.327679	      0.280747	
39.000	      0.327679	      0.280747	
39.500	      0.292222	      0.281648	
40.000	      0.335363	      0.282121	
40.500	      0.318256	      0.282816	
41.000	      0.318256	      0.282816	
41.500	      0.386135	       0.28735	
42.000	      0.345401	      0.215583	
42.500	      0.345401	      0.215583	
43.000	      0.323063	      0.354365	
43.500	      0.223723	      0.218539	
44.000	      0.988679	      0.287518	
44.500	      0.988679	      0.287518	
45.000	      0.525694	      0.283791	
45.500	       1.00641	      0.287225	
46.000	       1.00641	      0.287225	
46.500	      0.218055	      0.230022	
47.000	      0.321993	      0.285659	
47.500	      0.453273	      0.274044	
48.000	      0.453273	      0.274044	
48.500	      0.328366	      0.377873	
49.000	      0.275382	      0.273298	
49.500	      0.275382	      0.273298	
50.000	      0.311664	      0.280732	
50.500	      0.620199	      0.281719	
51.000	       1.88479	      0.282046	
51.500	       1.88479	      0.282046	
52.000	      0.698382	      0.282196	
52.500	       1.08195	       0.28228	
53.000	       1.08195	       0.28228	
53.500	      0.221636	      0.282333	
54.000	       0.45938	      0.282371	
54.500	       2.09312	      0.282401	
55.000	       2.09312	      0.282401	
55.500	      0.508228	      0.282424	
56.000	      0.671068	      0.282445	
56.500	      0.671068	      0.282445	
57.000	       1.87847	      0.282462	
57.500	      0.100865	      0.282478	
58.000	      0.100865	      0.282478	
58.500	       2.75756	      0.282493	
59.000	        1.6056	      0.282507	
59.500	      0.429561	       0.28252	
60.000	      0.429561	       0.28252	
60.500	       1.69615	      0.282532	
61.000	        3.5993	      0.282543	
61.500	        3.5993	      0.282543	
62.000	     0.0763655	      0.282554	
62.500	      0.195183	      0.282565	
63.000	      0.857279	      0.282575	
63.500	      0.857279	      0.282575	
64.000	       2.82123	      0.282585	
64.500	       1.90346	      0.282594	
65.000	       1.90346	      0.282594	
65.500	       2.85089	      0.282604	
66.000	        2.0326	      0.282612	
66.500	       4.73622	      0.282621	
67.000	       4.73622	      0.282621	
67.500	       4.48711	      0.282629	
68.000	        2.3149	      0.282637	
68.500	        2.3149	      0.282637	
69.000	       3.78535	      0.282645	
69.500	       5.32645	      0.282653	
70.000	       1.67045	       0.28266	
70.500	       1.67045	       0.28266	
71.000	       6.20595	      0.282667	
71.500	       4.70037	      0.282674	
72.000	       4.70037	      0.282674	
72.500	       1.59974	      0.282681	
73.000	       7.18105	      0.282687	
73.500	       4.56614	      0.282693	
74.000	       4.56614	      0.282693	
74.500	       1.65304	      0.282699	
75.000	       2.38603	      0.282705	
75.500	       2.38603	      0.282705	
76.000	       6.42771	      0.282711	
76.500	       4.31309	      0.282716	
77.000	       4.30376	      0.282722	
77.500	       4.30376	      0.282722	
78.000	        2.7477	      0.282727	
78.500	       10.5344	      0.282732	
79.000	       10.5344	      0.282732	
79.500	       8.54119	      0.282736	
80.000	       73.5594	      0.282741	
80.500	       73.5594	      0.282741	
81.000	        716.96	      0.282745	
81.500	       69.8653	      0.282749	
82.000	       13.2767	      0.282753	
82.500	       13.2767	      0.282753	
83.000	        5.5641	      0.282757	
83.500	       2.97348	      0.282761	
84.000	       2.97348	      0.282761	
84.500	       1.79272	      0.282764	
85.000	       1.15771	      0.282768	
85.500	      0.791697	      0.282771	
86.000	      0.791697	      0.282771	
86.500	      0.310775	      0.282774	
87.000	      0.374147	      0.282777	
87.500	      0.374147	      0.282777	
88.000	      0.236119	      0.282779	
88.500	      0.144177	      0.282782	
89.000	     0.0752508	      0.282784	
89.500	     0.0752508	      0.282784	
90.000	     0.0218747	      0.282786	
90.500	      0.020379	      0.282788	
91.000	      0.020379	      0.282788	
91.500	     0.0544228	       0.28279	
92.000	     0.0822627	      0.282792	
92.500	      0.105324	      0.282794	
93.000	      0.105324	      0.282794	
93.500	      0.124642	      0.282795	
94.000	      0.140987	      0.282796	
94.500	      0.140987	      0.282796	
95.000	      0.154939	      0.282797	
95.500	      0.166945	      0.282798	
96.000	       0.17735	      0.282799	
96.500	       0.17735	      0.282799	
97.000	      0.186427	        0.2828	
97.500	      0.194393	        0.2828	
98.000	      0.194393	        0.2828	
98.500	      0.201422	      0.282801	
99.000	      0.207655	      0.282801	
99.500	      0.213209	      0.282801	
100.000	      0.213209	      0.282801	
100.500	      0.218179	      0.282801	
101.000	      0.222643	      0.282801	
101.500	      0.222643	      0.282801	
102.000	      0.226669	        0.2828	
102.500	      0.230311	        0.2828	
103.000	      0.230311	        0.2828	
103.500	      0.233618	      0.282799	
104.000	      0.236628	      0.282798	
104.500	      0.239377	      0.282797	
105.000	      0.239377	      0.282797	
105.500	      0.241893	      0.282796	
106.000	      0.244203	      0.282795	
106.500	      0.244203	      0.282795	
107.000	      0.246328	      0.282793	
107.500	      0.248288	      0.282792	
108.000	      0.250099	       0.28279	
108.500	      0.250099	       0.28279	
109.000	      0.251776	      0.282788	
109.500	      0.253332	      0.282786	
110.000	      0.253332	      0.282786	
110.500	      0.254777	      0.282784	
111.000	      0.256124	      0.282781	
111.500	      0.257379	      0.282779	
112.000	      0.257379	      0.282779	
112.500	      0.258552	      0.282776	
113.000	      0.259649	      0.282773	
113.500	      0.259649	      0.282773	
114.000	      0.260677	       0.28277	
114.500	      0.261641	      0.282767	
115.000	      0.262547	      0.282764	
115.500	      0.262547	      0.282764	
116.000	      0.263399	       0.28276	
116.500	      0.264201	      0.282757	
117.000	      0.264201	      0.282757	
117.500	      0.264958	      0.282753	
118.000	      0.265672	      0.282749	
118.500	      0.266347	      0.282745	
119.000	      0.266347	      0.282745	
119.500	      0.266985	      0.282741	
120.000	      0.267589	      0.282736	
120.500	      0.267589	      0.282736	
121.000	      0.268162	      0.282732	
121.500	      0.268706	      0.282727	
122.000	      0.269222	      0.282722	
122.500	      0.269222	      0.282722	
123.000	      0.269712	      0.282717	
123.500	      0.270179	      0.282711	
124.000	      0.270179	      0.282711	
124.500	      0.270623	      0.282706	
125.000	      0.271046	        0.2827	
125.500	      0.271046	        0.2827	
126.000	      0.271449	      0.282694	
126.500	      0.271834	      0.282688	
127.000	      0.272202	      0.282682	
127.500	      0.272202	      0.282682	
128.000	      0.272553	      0.282676	
128.500	      0.272888	      0.282669	
129.000	      0.272888	      0.282669	
129.500	       0.27321	      0.282662	
130.000	      0.273517	      0.282655	
130.500	      0.273812	      0.282648	
131.000	      0.273812	      0.282648	
131.500	      0.274094	      0.282641	
132.000	      0.274365	      0.282633	
132.500	      0.274365	      0.282633	
133.000	      0.274625	      0.282625	
133.500	      0.274874	      0.282617	
134.000	      0.275114	      0.282609	
134.500	      0.275114	      0.282609	
135.000	      0.275344	      0.282601	
135.500	      0.275566	      0.282592	
136.000	      0.275566	      0.282592	
136.500	      0.275779	      0.282583	
137.000	      0.275984	      0.282574	
137.500	      0.276181	      0.282565	
138.000	      0.276181	      0.282565	
138.500	      0.276372	      0.282555	
139.000	      0.276555	      0.282546	
139.500	      0.276555	      0.282546	
140.000	      0.276732	      0.282536	
140.500	      0.276903	      0.282525	
141.000	      0.277067	      0.282515	
141.500	      0.277067	      0.282515	
142.000	      0.277226	      0.282504	
142.500	       0.27738	      0.282493	
143.000	       0.27738	      0.282493	
143.500	      0.277528	      0.282482	
144.000	      0.277672	      0.282471	
144.500	       0.27781	      0.282459	
145.000	       0.27781	      0.282459	
145.500	      0.277945	      0.282447	
146.000	      0.278074	      0.282435	
146.500	      0.278074	      0.282435	
147.000	        0.2782	      0.282422	
147.500	      0.278322	      0.282409	
148.000	      0.278322	      0.282409	
148.500	      0.278439	      0.282396	
149.000	      0.278554	      0.282383	
149.500	      0.278664	      0.282369	
150.000	      0.278664	      0.282369	
150.500	      0.278772	      0.282355	
151.000	      0.278876	      0.282341	
151.500	      0.278876	      0.282341	
152.000	      0.278976	      0.282326	
152.500	      0.279074	      0.282311	
153.000	      0.279169	      0.282296	
153.500	      0.279169	      0.282296	
154.000	      0.279262	      0.282281	
154.500	      0.279351	      0.282265	
155.000	      0.279351	      0.282265	
155.500	      0.279438	      0.282249	
156.000	      0.279523	      0.282232	
156.500	      0.279605	      0.282215	
157.000	      0.279605	      0.282215	
157.500	      0.279685	      0.282198	
158.000	      0.279762	       0.28218	
158.500	      0.279762	       0.28218	
159.000	      0.279838	      0.282162	
159.500	      0.279911	      0.282143	
160.000	      0.279983	      0.282125	
160.500	      0.279983	      0.282125	
161.000	      0.280052	      0.282105	
161.500	       0.28012	      0.282086	
162.000	       0.28012	      0.282086	
162.500	      0.280186	      0.282065	
163.000	       0.28025	      0.282045	
163.500	      0.280312	      0.282024	
164.000	      0.280312	      0.282024	
164.500	      0.280373	      0.282002	
165.000	      0.280432	      0.281981	
165.500	      0.280432	      0.281981	
166.000	       0.28049	      0.281958	
166.500	      0.280547	      0.281935	
167.000	      0.280601	      0.281912	
167.500	      0.280601	      0.281912	
168.000	      0.280655	      0.281888	
168.500	      0.280707	      0.281864	
169.000	      0.280707	      0.281864	
169.500	      0.280758	      0.281839	
170.000	      0.280808	      0.281813	
170.500	      0.280808	      0.281813	
171.000	      0.280856	      0.281787	
171.500	      0.280903	      0.281761	
172.000	       0.28095	      0.281733	
172.500	       0.28095	      0.281733	
173.000	      0.280995	      0.281706	
173.500	      0.281039	      0.281677	
174.000	      0.281039	      0.281677	
174.500	      0.281081	      0.281648	
175.000	      0.281123	      0.281618	
175.500	      0.281164	      0.281588	
176.000	      0.281164	      0.281588	
176.500	      0.281204	      0.281557	
177.000	      0.281243	      0.281525	
177.500	      0.281243	      0.281525	
178.000	      0.281281	      0.281493	
178.500	      0.281319	      0.281459	
179.000	      0.281355	      0.281425	
179.500	      0.281355	      0.281425	
180.000	      0.281391	      0.281391	
