
TracePro Release: 3 2 0 
Polar Candela Distribution Data for 
Data covers +/- 180.000 degrees from Normal
Data for Missed Rays
Data generated at 09:34:22 June 30, 2025

	   0.0	 180.0
0.000	      0.243949	      0.243949	
0.500	      0.243302	      0.244562	
1.000	      0.243302	      0.244562	
1.500	      0.242617	      0.245143	
2.000	      0.241892	      0.245694	
2.500	      0.241125	      0.246217	
3.000	      0.241125	      0.246217	
3.500	      0.240311	      0.246715	
4.000	      0.239446	      0.247187	
4.500	      0.239446	      0.247187	
5.000	      0.238526	      0.247638	
5.500	      0.237548	      0.248066	
6.000	      0.236504	      0.248475	
6.500	      0.236504	      0.248475	
7.000	       0.23539	      0.248865	
7.500	      0.234199	      0.249238	
8.000	      0.234199	      0.249238	
8.500	      0.232924	      0.249593	
9.000	      0.231557	      0.249933	
9.500	      0.230088	      0.250259	
10.000	      0.230088	      0.250259	
10.500	      0.228508	       0.25057	
11.000	      0.226805	      0.250869	
11.500	      0.226805	      0.250869	
12.000	      0.224965	      0.251155	
12.500	      0.222973	      0.251429	
13.000	      0.222973	      0.251429	
13.500	      0.220813	      0.251692	
14.000	      0.218466	      0.251945	
14.500	      0.215907	      0.252187	
15.000	      0.215907	      0.252187	
15.500	      0.213113	       0.25242	
16.000	      0.210052	      0.252645	
16.500	      0.210052	      0.252645	
17.000	       0.20669	       0.25286	
17.500	      0.202986	      0.253068	
18.000	      0.198892	      0.253268	
18.500	      0.198892	      0.253268	
19.000	      0.194351	      0.253461	
19.500	      0.189296	      0.253646	
20.000	      0.189296	      0.253646	
20.500	      0.183646	      0.253825	
21.000	      0.177304	      0.253998	
21.500	      0.170153	      0.254165	
22.000	      0.170153	      0.254165	
22.500	      0.162047	      0.254326	
23.000	       0.15281	      0.254481	
23.500	       0.15281	      0.254481	
24.000	      0.142222	      0.254631	
24.500	      0.130004	      0.254776	
25.000	      0.115805	      0.254917	
25.500	      0.115805	      0.254917	
26.000	     0.0991722	      0.255052	
26.500	     0.0795152	      0.255184	
27.000	     0.0795152	      0.255184	
27.500	     0.0560542	      0.255311	
28.000	     0.0277399	      0.255434	
28.500	    0.00686502	      0.255553	
29.000	    0.00686502	      0.255553	
29.500	     0.0497728	      0.255669	
30.000	       0.10387	       0.25578	
30.500	       0.10387	       0.25578	
31.000	      0.173416	      0.255889	
31.500	      0.264913	      0.255994	
32.000	      0.388679	      0.256096	
32.500	      0.388679	      0.256096	
33.000	      0.561907	      0.256195	
33.500	      0.814993	      0.256292	
34.000	      0.814993	      0.256292	
34.500	       1.20591	      0.256385	
35.000	       1.85684	      0.256476	
35.500	       1.85684	      0.256476	
36.000	       3.06381	      0.256564	
36.500	       5.71077	      0.256649	
37.000	       13.5899	      0.256732	
37.500	       13.5899	      0.256732	
38.000	       71.3778	      0.256813	
38.500	       731.573	      0.256892	
39.000	       731.573	      0.256892	
39.500	       71.3778	      0.256968	
40.000	       13.5899	      0.257043	
40.500	       5.71075	      0.257115	
41.000	       5.71075	      0.257115	
41.500	       3.06378	      0.257185	
42.000	       1.85681	      0.257254	
42.500	       1.85681	      0.257254	
43.000	       1.20586	      0.257321	
43.500	      0.814941	      0.257386	
44.000	      0.561848	      0.257449	
44.500	      0.561848	      0.257449	
45.000	      0.388612	      0.257511	
45.500	      0.264838	      0.257571	
46.000	      0.264838	      0.257571	
46.500	      0.173334	       0.25763	
47.000	       0.10378	      0.257687	
47.500	     0.0496752	      0.257742	
48.000	     0.0496752	      0.257742	
48.500	    0.00675964	      0.257797	
49.000	     0.0278532	       0.25785	
49.500	     0.0278532	       0.25785	
50.000	     0.0561754	      0.257901	
50.500	     0.0796446	      0.257952	
51.000	     0.0993097	      0.258001	
51.500	     0.0993097	      0.258001	
52.000	      0.115951	      0.258049	
52.500	      0.130158	      0.258096	
53.000	      0.130158	      0.258096	
53.500	      0.142384	      0.258142	
54.000	      0.152981	      0.258187	
54.500	      0.162227	       0.25823	
55.000	      0.162227	       0.25823	
55.500	      0.170341	      0.258273	
56.000	      0.177502	      0.258315	
56.500	      0.177502	      0.258315	
57.000	      0.183853	      0.258355	
57.500	      0.189513	      0.258395	
58.000	      0.189513	      0.258395	
58.500	      0.194577	      0.258434	
59.000	      0.199128	      0.258472	
59.500	      0.203232	      0.258509	
60.000	      0.203232	      0.258509	
60.500	      0.206946	      0.258546	
61.000	      0.210318	      0.258581	
61.500	      0.210318	      0.258581	
62.000	      0.213389	      0.258616	
62.500	      0.216194	       0.25865	
63.000	      0.218763	      0.258683	
63.500	      0.218763	      0.258683	
64.000	      0.221122	      0.258716	
64.500	      0.223293	      0.258748	
65.000	      0.223293	      0.258748	
65.500	      0.225296	      0.258779	
66.000	      0.227148	      0.258809	
66.500	      0.228864	      0.258839	
67.000	      0.228864	      0.258839	
67.500	      0.230457	      0.258869	
68.000	      0.231939	      0.258897	
68.500	      0.231939	      0.258897	
69.000	      0.233319	      0.258925	
69.500	      0.234608	      0.258953	
70.000	      0.235813	       0.25898	
70.500	      0.235813	       0.25898	
71.000	      0.236941	      0.259006	
71.500	      0.237999	      0.259032	
72.000	      0.237999	      0.259032	
72.500	      0.238993	      0.259057	
73.000	      0.239929	      0.259082	
73.500	      0.240809	      0.259106	
74.000	      0.240809	      0.259106	
74.500	       0.24164	       0.25913	
75.000	      0.242425	      0.259153	
75.500	      0.242425	      0.259153	
76.000	      0.243168	      0.259176	
76.500	      0.243871	      0.259198	
77.000	      0.244537	       0.25922	
77.500	      0.244537	       0.25922	
78.000	       0.24517	      0.259242	
78.500	      0.245772	      0.259263	
79.000	      0.245772	      0.259263	
79.500	      0.246344	      0.259283	
80.000	      0.246889	      0.259304	
80.500	      0.246889	      0.259304	
81.000	      0.247409	      0.259324	
81.500	      0.247906	      0.259343	
82.000	      0.248381	      0.259362	
82.500	      0.248381	      0.259362	
83.000	      0.248835	      0.259381	
83.500	      0.249271	      0.259399	
84.000	      0.249271	      0.259399	
84.500	      0.249688	      0.259417	
85.000	      0.250089	      0.259435	
85.500	      0.250475	      0.259453	
86.000	      0.250475	      0.259453	
86.500	      0.250847	       0.25947	
87.000	      0.251205	      0.259486	
87.500	      0.251205	      0.259486	
88.000	      0.251551	      0.259503	
88.500	      0.251885	      0.259519	
89.000	      0.252208	      0.259535	
89.500	      0.252208	      0.259535	
90.000	      0.252522	       0.25955	
90.500	      0.252826	      0.259565	
91.000	      0.252826	      0.259565	
91.500	      0.253122	       0.25958	
92.000	       0.25341	      0.259595	
92.500	      0.253691	      0.259609	
93.000	      0.253691	      0.259609	
93.500	      0.253965	      0.259623	
94.000	      0.254234	      0.259637	
94.500	      0.254234	      0.259637	
95.000	      0.254497	      0.259651	
95.500	      0.254756	      0.259664	
96.000	      0.255011	      0.259677	
96.500	      0.255011	      0.259677	
97.000	      0.255262	       0.25969	
97.500	      0.255511	      0.259703	
98.000	      0.255511	      0.259703	
98.500	      0.255757	      0.259715	
99.000	      0.256002	      0.259728	
99.500	      0.256246	       0.25974	
100.000	      0.256246	       0.25974	
100.500	       0.25649	      0.259751	
101.000	      0.256734	      0.259763	
101.500	      0.256734	      0.259763	
102.000	       0.25698	      0.259774	
102.500	      0.257227	      0.259786	
103.000	      0.257227	      0.259786	
103.500	      0.257478	      0.259796	
104.000	      0.257733	      0.259807	
104.500	      0.257992	      0.259818	
105.000	      0.257992	      0.259818	
105.500	      0.258257	      0.259828	
106.000	       0.25853	      0.259838	
106.500	       0.25853	      0.259838	
107.000	      0.258811	      0.259848	
107.500	      0.259102	      0.259858	
108.000	      0.259405	      0.259868	
108.500	      0.259405	      0.259868	
109.000	      0.259721	      0.259878	
109.500	      0.260053	      0.259887	
110.000	      0.260053	      0.259887	
110.500	      0.260403	      0.259896	
111.000	      0.260775	      0.259905	
111.500	       0.26117	      0.259914	
112.000	       0.26117	      0.259914	
112.500	      0.261593	      0.259923	
113.000	      0.262049	      0.259931	
113.500	      0.262049	      0.259931	
114.000	      0.262543	       0.25994	
114.500	       0.26308	      0.259948	
115.000	      0.263668	      0.259956	
115.500	      0.263668	      0.259956	
116.000	      0.264316	      0.259964	
116.500	      0.265034	      0.259972	
117.000	      0.265034	      0.259972	
117.500	      0.265836	       0.25998	
118.000	      0.266737	      0.259988	
118.500	      0.267758	      0.259995	
119.000	      0.267758	      0.259995	
119.500	      0.268923	      0.260003	
120.000	      0.270264	       0.26001	
120.500	      0.270264	       0.26001	
121.000	      0.271822	      0.260017	
121.500	      0.273649	      0.260024	
122.000	      0.275816	      0.260031	
122.500	      0.275816	      0.260031	
123.000	      0.278417	      0.260038	
123.500	       0.28158	      0.260045	
124.000	       0.28158	      0.260045	
124.500	      0.285488	      0.260051	
125.000	      0.290397	      0.260058	
125.500	      0.290397	      0.260058	
126.000	      0.296691	      0.260064	
126.500	      0.304954	      0.260071	
127.000	       0.31611	      0.260077	
127.500	       0.31611	      0.260077	
128.000	      0.331703	      0.260083	
128.500	       0.35446	      0.260089	
129.000	       0.35446	      0.260089	
129.500	      0.389581	      0.260095	
130.000	      0.448031	      0.260101	
130.500	      0.556367	      0.260107	
131.000	      0.556367	      0.260107	
131.500	        0.7939	      0.260113	
132.000	       1.50087	      0.260119	
132.500	       1.50087	      0.260119	
133.000	        6.6857	      0.260125	
133.500	       65.3558	       0.26013	
134.000	       6.68578	      0.260136	
134.500	       6.68578	      0.260136	
135.000	       1.50103	      0.260141	
135.500	      0.794146	      0.260147	
136.000	      0.794146	      0.260147	
136.500	      0.556696	      0.260152	
137.000	      0.448442	      0.260157	
137.500	      0.390075	      0.260163	
138.000	      0.390075	      0.260163	
138.500	      0.355037	      0.260168	
139.000	      0.332364	      0.260173	
139.500	      0.332364	      0.260173	
140.000	      0.316855	      0.260179	
140.500	      0.305784	      0.260184	
141.000	      0.297606	      0.260189	
141.500	      0.297606	      0.260189	
142.000	      0.291398	      0.260194	
142.500	      0.286575	      0.260199	
143.000	      0.286575	      0.260199	
143.500	      0.282755	      0.260205	
144.000	      0.279679	       0.26021	
144.500	      0.277168	      0.260215	
145.000	      0.277168	      0.260215	
145.500	      0.275091	       0.26022	
146.000	      0.273354	      0.260225	
146.500	      0.273354	      0.260225	
147.000	      0.271889	      0.260231	
147.500	      0.270641	      0.260236	
148.000	      0.270641	      0.260236	
148.500	      0.269571	      0.260241	
149.000	      0.268646	      0.260246	
149.500	      0.267841	      0.260252	
150.000	      0.267841	      0.260252	
150.500	      0.267138	      0.260257	
151.000	       0.26652	      0.260262	
151.500	       0.26652	      0.260262	
152.000	      0.265974	      0.260268	
152.500	       0.26549	      0.260274	
153.000	      0.265058	      0.260279	
153.500	      0.265058	      0.260279	
154.000	      0.264672	      0.260285	
154.500	      0.264326	      0.260291	
155.000	      0.264326	      0.260291	
155.500	      0.264015	      0.260297	
156.000	      0.263733	      0.260303	
156.500	      0.263478	      0.260309	
157.000	      0.263478	      0.260309	
157.500	      0.263247	      0.260315	
158.000	      0.263037	      0.260322	
158.500	      0.263037	      0.260322	
159.000	      0.262845	      0.260328	
159.500	      0.262669	      0.260335	
160.000	      0.262508	      0.260342	
160.500	      0.262508	      0.260342	
161.000	       0.26236	      0.260349	
161.500	      0.262225	      0.260357	
162.000	      0.262225	      0.260357	
162.500	        0.2621	      0.260364	
163.000	      0.261984	      0.260372	
163.500	      0.261878	       0.26038	
164.000	      0.261878	       0.26038	
164.500	      0.261779	      0.260389	
165.000	      0.261687	      0.260398	
165.500	      0.261687	      0.260398	
166.000	      0.261602	      0.260407	
166.500	      0.261524	      0.260416	
167.000	       0.26145	      0.260426	
167.500	       0.26145	      0.260426	
168.000	      0.261382	      0.260436	
168.500	      0.261318	      0.260446	
169.000	      0.261318	      0.260446	
169.500	      0.261258	      0.260457	
170.000	      0.261203	      0.260469	
170.500	      0.261203	      0.260469	
171.000	      0.261151	      0.260481	
171.500	      0.261102	      0.260493	
172.000	      0.261056	      0.260506	
172.500	      0.261056	      0.260506	
173.000	      0.261013	       0.26052	
173.500	      0.260973	      0.260534	
174.000	      0.260973	      0.260534	
174.500	      0.260935	      0.260549	
175.000	      0.260899	      0.260565	
175.500	      0.260866	      0.260581	
176.000	      0.260866	      0.260581	
176.500	      0.260834	      0.260599	
177.000	      0.260804	      0.260617	
177.500	      0.260804	      0.260617	
178.000	      0.260776	      0.260636	
178.500	      0.260749	      0.260657	
179.000	      0.260724	      0.260678	
179.500	      0.260724	      0.260678	
180.000	        0.2607	        0.2607	
