
TracePro Release: 3 2 0 
Polar Candela Distribution Data for 
Data covers +/- 180.000 degrees from Normal
Data for Missed Rays
Data generated at 09:18:36 June 20, 2025

	   0.0	 180.0
0.000	  2.68193e-005	  2.68193e-005	
3.000	  2.68184e-005	  2.68201e-005	
6.000	  2.68172e-005	  2.68211e-005	
9.000	  2.68161e-005	  2.68219e-005	
12.000	  2.68148e-005	  2.68228e-005	
15.000	  2.68133e-005	  2.68238e-005	
18.000	  2.68111e-005	  2.68254e-005	
21.000	  2.68089e-005	   2.6827e-005	
24.000	  2.68062e-005	  2.68293e-005	
27.000	  2.68028e-005	  2.68325e-005	
30.000	  2.67973e-005	   2.6839e-005	
33.000	  2.67914e-005	  2.59553e-005	
36.000	  2.67835e-005	     0.0154086	
39.000	  2.67726e-005	       2.03049	
42.000	  2.67525e-005	      0.947352	
45.000	  2.67279e-005	    0.00215322	
48.000	  2.66902e-005	  2.68819e-005	
51.000	  2.66117e-005	   2.6837e-005	
54.000	   0.000156361	  2.68329e-005	
57.000	      0.934421	  2.68303e-005	
60.000	        36.297	  2.68285e-005	
63.000	       3.68597	  2.68271e-005	
66.000	    0.00246944	  2.68263e-005	
69.000	  2.66092e-005	  2.68258e-005	
72.000	  2.66731e-005	  2.68254e-005	
75.000	  2.67327e-005	   2.6825e-005	
78.000	  2.67639e-005	  2.68248e-005	
81.000	  2.67871e-005	  2.68246e-005	
84.000	  2.68062e-005	  2.68244e-005	
87.000	  2.68283e-005	  2.68243e-005	
90.000	  2.68476e-005	  2.68242e-005	
93.000	  2.68714e-005	  2.68242e-005	
96.000	  2.69144e-005	  2.68241e-005	
99.000	  2.69594e-005	  2.68241e-005	
102.000	    0.00162903	  2.68241e-005	
105.000	       2.49866	   2.6824e-005	
108.000	       24.6057	   2.6824e-005	
111.000	      0.633486	   2.6824e-005	
114.000	   0.000150999	   2.6824e-005	
117.000	   2.6963e-005	   2.6824e-005	
120.000	  2.69103e-005	   2.6824e-005	
123.000	  2.68852e-005	   2.6824e-005	
126.000	  2.68689e-005	  2.68241e-005	
129.000	  2.68578e-005	  2.68241e-005	
132.000	  2.68485e-005	  2.68241e-005	
135.000	  2.68434e-005	  2.68241e-005	
138.000	  2.68396e-005	  2.68242e-005	
141.000	  2.68361e-005	  2.68242e-005	
144.000	   2.6834e-005	  2.68243e-005	
147.000	  2.68324e-005	  2.68243e-005	
150.000	   2.6831e-005	  2.68244e-005	
153.000	  2.68297e-005	  2.68244e-005	
156.000	  2.68289e-005	  2.68245e-005	
159.000	  2.68282e-005	  2.68246e-005	
162.000	  2.68276e-005	  2.68247e-005	
165.000	  2.68271e-005	  2.68248e-005	
168.000	  2.68267e-005	  2.68249e-005	
171.000	  2.68263e-005	   2.6825e-005	
174.000	   2.6826e-005	  2.68251e-005	
177.000	  2.68257e-005	  2.68253e-005	
180.000	  2.68255e-005	  2.68255e-005	
