
TracePro Release: 3 2 0 
Polar Candela Distribution Data for 
Data covers +/- 180.000 degrees from Normal
Data for Missed Rays
Data generated at 10:06:36 June 30, 2025

	   0.0	 180.0
0.000	      0.179166	      0.179166	
0.500	       0.17895	      0.179376	
1.000	       0.17895	      0.179376	
1.500	      0.178729	       0.17958	
2.000	        0.1785	       0.17978	
2.500	      0.178265	      0.179975	
3.000	      0.178265	      0.179975	
3.500	      0.178021	      0.180166	
4.000	       0.17777	      0.180354	
4.500	       0.17777	      0.180354	
5.000	      0.177509	      0.180538	
5.500	      0.177238	       0.18072	
6.000	      0.176957	      0.180899	
6.500	      0.176957	      0.180899	
7.000	      0.176666	      0.181077	
7.500	      0.176362	      0.181253	
8.000	      0.176362	      0.181253	
8.500	      0.176045	      0.181428	
9.000	      0.175715	      0.181603	
9.500	      0.175371	      0.181777	
10.000	      0.175371	      0.181777	
10.500	       0.17501	      0.181952	
11.000	      0.174633	      0.182128	
11.500	      0.174633	      0.182128	
12.000	      0.174238	      0.182305	
12.500	      0.173824	      0.182484	
13.000	      0.173824	      0.182484	
13.500	      0.173389	      0.182665	
14.000	      0.172932	       0.18285	
14.500	      0.172451	      0.183038	
15.000	      0.172451	      0.183038	
15.500	      0.171944	      0.183232	
16.000	      0.171409	      0.183431	
16.500	      0.171409	      0.183431	
17.000	      0.170844	      0.183636	
17.500	      0.170247	      0.183849	
18.000	      0.169615	      0.184071	
18.500	      0.169615	      0.184071	
19.000	      0.168945	      0.184303	
19.500	      0.168233	      0.184546	
20.000	      0.168233	      0.184546	
20.500	      0.167477	      0.184803	
21.000	      0.166672	      0.185075	
21.500	      0.165814	      0.185365	
22.000	      0.165814	      0.185365	
22.500	      0.164898	      0.185675	
23.000	      0.163919	      0.186008	
23.500	      0.163919	      0.186008	
24.000	       0.16287	      0.186368	
24.500	      0.161744	       0.18676	
25.000	      0.160535	      0.187188	
25.500	      0.160535	      0.187188	
26.000	      0.159233	      0.187658	
26.500	      0.157829	      0.188178	
27.000	      0.157829	      0.188178	
27.500	      0.156311	      0.188756	
28.000	      0.154667	      0.189404	
28.500	      0.152883	      0.190135	
29.000	      0.152883	      0.190135	
29.500	      0.150941	      0.190966	
30.000	      0.148823	      0.191919	
30.500	      0.148823	      0.191919	
31.000	      0.146508	       0.19302	
31.500	      0.143969	      0.194306	
32.000	      0.141176	      0.195822	
32.500	      0.141176	      0.195822	
33.000	      0.138097	      0.197633	
33.500	      0.134688	      0.199823	
34.000	      0.134688	      0.199823	
34.500	      0.130903	      0.202512	
35.000	      0.126683	       0.20587	
35.500	      0.126683	       0.20587	
36.000	       0.12196	      0.210148	
36.500	      0.116651	      0.215729	
37.000	      0.110656	      0.223215	
37.500	      0.110656	      0.223215	
38.000	      0.103851	      0.233611	
38.500	     0.0960845	      0.248685	
39.000	     0.0960845	      0.248685	
39.500	     0.0871676	      0.271807	
40.000	     0.0768626	      0.310062	
40.500	     0.0648676	      0.380595	
41.000	     0.0648676	      0.380595	
41.500	     0.0507938	      0.534557	
42.000	     0.0341347	      0.991265	
42.500	     0.0341347	      0.991265	
43.000	     0.0142196	       4.33392	
43.500	    0.00985377	       42.0892	
44.000	     0.0393223	       4.33843	
44.500	     0.0393223	       4.33843	
45.000	     0.0759185	       1.00086	
45.500	      0.122129	      0.550575	
46.000	      0.122129	      0.550575	
46.500	      0.181625	      0.405654	
47.000	      0.260011	      0.349373	
47.500	      0.366188	      0.336754	
48.000	      0.366188	      0.336754	
48.500	      0.514986	      0.368985	
49.000	      0.732634	      0.517521	
49.500	      0.732634	      0.517521	
50.000	       1.06916	       1.70408	
50.500	       1.63004	       14.9289	
51.000	       2.67079	       1.69168	
51.500	       2.67079	       1.69168	
52.000	       4.95449	      0.491129	
52.500	       11.7549	      0.324878	
53.000	       11.7549	      0.324878	
53.500	       61.6409	       0.26761	
54.000	       631.542	      0.240638	
54.500	       61.6361	      0.225543	
55.000	       61.6361	      0.225543	
55.500	       11.7452	      0.216112	
56.000	       4.93951	      0.209754	
56.500	       4.93951	      0.209754	
57.000	       2.64992	      0.205225	
57.500	        1.6024	       0.20186	
58.000	        1.6024	       0.20186	
58.500	       1.03348	      0.199277	
59.000	      0.687081	      0.197242	
59.500	      0.456893	      0.195605	
60.000	      0.456893	      0.195605	
60.500	      0.291574	      0.194265	
61.000	      0.162711	      0.193152	
61.500	      0.162711	      0.193152	
62.000	     0.0515754	      0.192215	
62.500	     0.0583324	      0.191418	
63.000	      0.189386	      0.190734	
63.500	      0.189386	      0.190734	
64.000	      0.390048	      0.190143	
64.500	      0.831301	      0.189627	
65.000	      0.831301	      0.189627	
65.500	       3.23033	      0.189174	
66.000	       25.1193	      0.188775	
66.500	       10.0676	      0.188421	
67.000	       10.0676	      0.188421	
67.500	       75.1666	      0.188105	
68.000	       7.70732	      0.187822	
68.500	       7.70732	      0.187822	
69.000	       1.63754	      0.187568	
69.500	        0.7869	      0.187339	
70.000	      0.497112	      0.187132	
70.500	      0.497112	      0.187132	
71.000	      0.364914	      0.186944	
71.500	      0.294483	      0.186773	
72.000	      0.294483	      0.186773	
72.500	      0.253181	      0.186617	
73.000	      0.227351	      0.186474	
73.500	      0.210451	      0.186342	
74.000	      0.210451	      0.186342	
74.500	      0.199027	      0.186222	
75.000	       0.19112	      0.186111	
75.500	       0.19112	      0.186111	
76.000	      0.185556	      0.186009	
76.500	      0.181598	      0.185914	
77.000	      0.178768	      0.185826	
77.500	      0.178768	      0.185826	
78.000	      0.176744	      0.185745	
78.500	      0.175306	      0.185669	
79.000	      0.175306	      0.185669	
79.500	      0.174298	      0.185599	
80.000	      0.173611	      0.185534	
80.500	      0.173611	      0.185534	
81.000	      0.173163	      0.185473	
81.500	      0.172897	      0.185415	
82.000	      0.172766	      0.185362	
82.500	      0.172766	      0.185362	
83.000	      0.172739	      0.185312	
83.500	      0.172791	      0.185265	
84.000	      0.172791	      0.185265	
84.500	      0.172901	      0.185221	
85.000	      0.173055	       0.18518	
85.500	      0.173243	      0.185141	
86.000	      0.173243	      0.185141	
86.500	      0.173454	      0.185105	
87.000	      0.173683	       0.18507	
87.500	      0.173683	       0.18507	
88.000	      0.173923	      0.185038	
88.500	       0.17417	      0.185007	
89.000	      0.174422	      0.184978	
89.500	      0.174422	      0.184978	
90.000	      0.174675	       0.18495	
90.500	      0.174927	      0.184924	
91.000	      0.174927	      0.184924	
91.500	      0.175178	        0.1849	
92.000	      0.175425	      0.184877	
92.500	      0.175669	      0.184854	
93.000	      0.175669	      0.184854	
93.500	      0.175907	      0.184833	
94.000	      0.176141	      0.184813	
94.500	      0.176141	      0.184813	
95.000	      0.176368	      0.184794	
95.500	       0.17659	      0.184776	
96.000	      0.176806	      0.184759	
96.500	      0.176806	      0.184759	
97.000	      0.177016	      0.184742	
97.500	      0.177219	      0.184727	
98.000	      0.177219	      0.184727	
98.500	      0.177417	      0.184712	
99.000	      0.177608	      0.184697	
99.500	      0.177794	      0.184684	
100.000	      0.177794	      0.184684	
100.500	      0.177974	       0.18467	
101.000	      0.178148	      0.184658	
101.500	      0.178148	      0.184658	
102.000	      0.178317	      0.184646	
102.500	       0.17848	      0.184634	
103.000	       0.17848	      0.184634	
103.500	      0.178639	      0.184623	
104.000	      0.178792	      0.184612	
104.500	       0.17894	      0.184602	
105.000	       0.17894	      0.184602	
105.500	      0.179083	      0.184592	
106.000	      0.179222	      0.184582	
106.500	      0.179222	      0.184582	
107.000	      0.179357	      0.184573	
107.500	      0.179487	      0.184564	
108.000	      0.179613	      0.184556	
108.500	      0.179613	      0.184556	
109.000	      0.179735	      0.184547	
109.500	      0.179854	      0.184539	
110.000	      0.179854	      0.184539	
110.500	      0.179968	      0.184531	
111.000	      0.180079	      0.184524	
111.500	      0.180187	      0.184516	
112.000	      0.180187	      0.184516	
112.500	      0.180292	      0.184509	
113.000	      0.180393	      0.184502	
113.500	      0.180393	      0.184502	
114.000	      0.180491	      0.184495	
114.500	      0.180586	      0.184489	
115.000	      0.180678	      0.184482	
115.500	      0.180678	      0.184482	
116.000	      0.180768	      0.184476	
116.500	      0.180855	       0.18447	
117.000	      0.180855	       0.18447	
117.500	      0.180939	      0.184464	
118.000	      0.181021	      0.184458	
118.500	      0.181101	      0.184452	
119.000	      0.181101	      0.184452	
119.500	      0.181178	      0.184446	
120.000	      0.181253	      0.184441	
120.500	      0.181253	      0.184441	
121.000	      0.181326	      0.184435	
121.500	      0.181397	       0.18443	
122.000	      0.181466	      0.184424	
122.500	      0.181466	      0.184424	
123.000	      0.181533	      0.184419	
123.500	      0.181598	      0.184414	
124.000	      0.181598	      0.184414	
124.500	      0.181662	      0.184408	
125.000	      0.181723	      0.184403	
125.500	      0.181723	      0.184403	
126.000	      0.181783	      0.184398	
126.500	      0.181842	      0.184393	
127.000	      0.181899	      0.184388	
127.500	      0.181899	      0.184388	
128.000	      0.181954	      0.184383	
128.500	      0.182008	      0.184378	
129.000	      0.182008	      0.184378	
129.500	       0.18206	      0.184373	
130.000	      0.182112	      0.184368	
130.500	      0.182161	      0.184363	
131.000	      0.182161	      0.184363	
131.500	       0.18221	      0.184359	
132.000	      0.182257	      0.184354	
132.500	      0.182257	      0.184354	
133.000	      0.182303	      0.184349	
133.500	      0.182348	      0.184344	
134.000	      0.182392	      0.184339	
134.500	      0.182392	      0.184339	
135.000	      0.182435	      0.184334	
135.500	      0.182477	      0.184329	
136.000	      0.182477	      0.184329	
136.500	      0.182518	      0.184324	
137.000	      0.182557	      0.184319	
137.500	      0.182596	      0.184314	
138.000	      0.182596	      0.184314	
138.500	      0.182634	      0.184309	
139.000	      0.182671	      0.184304	
139.500	      0.182671	      0.184304	
140.000	      0.182707	      0.184299	
140.500	      0.182742	      0.184294	
141.000	      0.182777	      0.184289	
141.500	      0.182777	      0.184289	
142.000	      0.182811	      0.184284	
142.500	      0.182843	      0.184279	
143.000	      0.182843	      0.184279	
143.500	      0.182876	      0.184274	
144.000	      0.182907	      0.184268	
144.500	      0.182938	      0.184263	
145.000	      0.182938	      0.184263	
145.500	      0.182968	      0.184258	
146.000	      0.182997	      0.184252	
146.500	      0.182997	      0.184252	
147.000	      0.183026	      0.184247	
147.500	      0.183054	      0.184241	
148.000	      0.183054	      0.184241	
148.500	      0.183081	      0.184236	
149.000	      0.183108	       0.18423	
149.500	      0.183134	      0.184224	
150.000	      0.183134	      0.184224	
150.500	       0.18316	      0.184218	
151.000	      0.183185	      0.184213	
151.500	      0.183185	      0.184213	
152.000	       0.18321	      0.184207	
152.500	      0.183234	      0.184201	
153.000	      0.183258	      0.184195	
153.500	      0.183258	      0.184195	
154.000	      0.183281	      0.184188	
154.500	      0.183303	      0.184182	
155.000	      0.183303	      0.184182	
155.500	      0.183325	      0.184176	
156.000	      0.183347	      0.184169	
156.500	      0.183368	      0.184163	
157.000	      0.183368	      0.184163	
157.500	      0.183389	      0.184156	
158.000	      0.183409	      0.184149	
158.500	      0.183409	      0.184149	
159.000	      0.183429	      0.184143	
159.500	      0.183449	      0.184136	
160.000	      0.183468	      0.184129	
160.500	      0.183468	      0.184129	
161.000	      0.183487	      0.184122	
161.500	      0.183505	      0.184114	
162.000	      0.183505	      0.184114	
162.500	      0.183524	      0.184107	
163.000	      0.183541	        0.1841	
163.500	      0.183559	      0.184092	
164.000	      0.183559	      0.184092	
164.500	      0.183576	      0.184084	
165.000	      0.183592	      0.184077	
165.500	      0.183592	      0.184077	
166.000	      0.183609	      0.184069	
166.500	      0.183625	      0.184061	
167.000	      0.183641	      0.184052	
167.500	      0.183641	      0.184052	
168.000	      0.183656	      0.184044	
168.500	      0.183671	      0.184036	
169.000	      0.183671	      0.184036	
169.500	      0.183686	      0.184027	
170.000	      0.183701	      0.184018	
170.500	      0.183701	      0.184018	
171.000	      0.183715	      0.184009	
171.500	      0.183729	         0.184	
172.000	      0.183743	      0.183991	
172.500	      0.183743	      0.183991	
173.000	      0.183756	      0.183982	
173.500	       0.18377	      0.183972	
174.000	       0.18377	      0.183972	
174.500	      0.183783	      0.183963	
175.000	      0.183796	      0.183953	
175.500	      0.183808	      0.183943	
176.000	      0.183808	      0.183943	
176.500	      0.183821	      0.183933	
177.000	      0.183833	      0.183922	
177.500	      0.183833	      0.183922	
178.000	      0.183845	      0.183912	
178.500	      0.183856	      0.183901	
179.000	      0.183868	       0.18389	
179.500	      0.183868	       0.18389	
180.000	      0.183879	      0.183879	
