
TracePro Release: 3 2 0 
Polar Candela Distribution Data for 
Data covers +/- 180.000 degrees from Normal
Data for Missed Rays
Data generated at 09:35:39 June 25, 2025

	   0.0	 180.0
0.000	      0.239082	      0.239082	
0.500	       0.23899	      0.239171	
1.000	       0.23899	      0.239171	
1.500	      0.238892	      0.239256	
2.000	      0.238787	      0.239338	
2.500	      0.238674	      0.239418	
3.000	      0.238674	      0.239418	
3.500	      0.238548	      0.239495	
4.000	        0.2384	      0.239571	
4.500	        0.2384	      0.239571	
5.000	      0.238212	      0.239644	
5.500	      0.237931	      0.239716	
6.000	      0.237387	      0.239787	
6.500	      0.237387	      0.239787	
7.000	      0.235726	      0.239858	
7.500	      0.220791	      0.239927	
8.000	      0.220791	      0.239927	
8.500	      0.481111	      0.239996	
9.000	     0.0459164	      0.240065	
9.500	      0.371031	      0.240134	
10.000	      0.371031	      0.240134	
10.500	      0.022284	      0.240204	
11.000	      0.543622	      0.240276	
11.500	      0.543622	      0.240276	
12.000	       0.21444	      0.240349	
12.500	      0.240505	      0.240425	
13.000	      0.240505	      0.240425	
13.500	      0.140186	      0.240505	
14.000	      0.335117	       0.24059	
14.500	      0.232141	      0.240681	
15.000	      0.232141	      0.240681	
15.500	       0.25279	      0.240783	
16.000	     0.0499456	      0.240896	
16.500	     0.0499456	      0.240896	
17.000	      0.253193	      0.241027	
17.500	      0.238368	      0.241181	
18.000	      0.236172	      0.241366	
18.500	      0.236172	      0.241366	
19.000	      0.235633	      0.241586	
19.500	      0.240975	      0.241819	
20.000	      0.240975	      0.241819	
20.500	      0.121325	      0.241853	
21.000	      0.387516	      0.239907	
21.500	      0.212193	      0.197404	
22.000	      0.212193	      0.197404	
22.500	      0.330509	       1.28288	
23.000	      0.113136	       2.68725	
23.500	      0.113136	       2.68725	
24.000	      0.324581	       3.19367	
24.500	        0.2119	       2.80942	
25.000	      0.325107	       3.49096	
25.500	      0.325107	       3.49096	
26.000	      0.210751	       2.32939	
26.500	      0.290575	       2.75056	
27.000	      0.290575	       2.75056	
27.500	     0.0891509	       2.68791	
28.000	      0.622268	        2.9536	
28.500	      0.186659	       2.61585	
29.000	      0.186659	       2.61585	
29.500	       0.22207	       2.68187	
30.000	      0.114494	        2.7441	
30.500	      0.114494	        2.7441	
31.000	      0.219965	       3.02322	
31.500	      0.207041	       1.78229	
32.000	      0.198066	       2.37406	
32.500	      0.198066	       2.37406	
33.000	      0.182353	       2.35959	
33.500	      0.238191	       2.23626	
34.000	      0.238191	       2.23626	
34.500	     0.0731796	       1.79574	
35.000	     0.0958069	       2.16207	
35.500	     0.0958069	       2.16207	
36.000	      0.074163	       2.45194	
36.500	      0.380211	       1.73212	
37.000	       2.99585	      0.274166	
37.500	       2.99585	      0.274166	
38.000	       33.6521	      0.278173	
38.500	       4.66315	      0.249263	
39.000	       4.66315	      0.249263	
39.500	      0.150254	       0.24554	
40.000	     0.0945541	      0.244119	
40.500	      0.909185	      0.243367	
41.000	      0.909185	      0.243367	
41.500	     0.0236903	      0.242905	
42.000	       1.26815	      0.242597	
42.500	       1.26815	      0.242597	
43.000	       2.34612	      0.242379	
43.500	      0.481373	      0.242219	
44.000	      0.649635	      0.242099	
44.500	      0.649635	      0.242099	
45.000	        1.1849	      0.242007	
45.500	      0.737423	      0.241935	
46.000	      0.737423	      0.241935	
46.500	       1.17895	      0.241878	
47.000	      0.852638	      0.241833	
47.500	       1.15835	      0.241797	
48.000	       1.15835	      0.241797	
48.500	      0.888033	      0.241768	
49.000	       2.88628	      0.241745	
49.500	       2.88628	      0.241745	
50.000	       1.79335	      0.241726	
50.500	       2.07431	      0.241711	
51.000	      0.832676	      0.241699	
51.500	      0.832676	      0.241699	
52.000	       0.42022	       0.24169	
52.500	       1.50533	      0.241683	
53.000	       1.50533	      0.241683	
53.500	       1.23733	      0.241677	
54.000	      0.848308	      0.241673	
54.500	       2.09227	       0.24167	
55.000	       2.09227	       0.24167	
55.500	      0.129759	      0.241669	
56.000	        2.5124	      0.241668	
56.500	        2.5124	      0.241668	
57.000	       2.44601	      0.241668	
57.500	       1.61472	      0.241668	
58.000	       1.61472	      0.241668	
58.500	      0.586201	      0.241669	
59.000	       3.36168	      0.241671	
59.500	      0.298858	      0.241673	
60.000	      0.298858	      0.241673	
60.500	       2.18312	      0.241675	
61.000	       9.61314	      0.241678	
61.500	       9.61314	      0.241678	
62.000	       7.96447	      0.241681	
62.500	       4.74479	      0.241684	
63.000	       5.03753	      0.241687	
63.500	       5.03753	      0.241687	
64.000	        5.5142	      0.241691	
64.500	       5.85594	      0.241694	
65.000	       5.85594	      0.241694	
65.500	       4.74628	      0.241698	
66.000	       5.82133	      0.241701	
66.500	       5.59248	      0.241705	
67.000	       5.59248	      0.241705	
67.500	       5.80146	      0.241709	
68.000	       4.68044	      0.241712	
68.500	       4.68044	      0.241712	
69.000	       4.93527	      0.241716	
69.500	        5.4724	       0.24172	
70.000	       4.70463	      0.241723	
70.500	       4.70463	      0.241723	
71.000	       1.99822	      0.241727	
71.500	       1.94391	       0.24173	
72.000	       1.94391	       0.24173	
72.500	       2.97119	      0.241734	
73.000	        5.1843	      0.241737	
73.500	        1.3875	      0.241741	
74.000	        1.3875	      0.241741	
74.500	       1.61519	      0.241744	
75.000	       1.10154	      0.241747	
75.500	       1.10154	      0.241747	
76.000	      0.866691	      0.241751	
76.500	       2.71382	      0.241754	
77.000	      0.154601	      0.241757	
77.500	      0.154601	      0.241757	
78.000	       1.07761	       0.24176	
78.500	       1.15447	      0.241763	
79.000	       1.15447	      0.241763	
79.500	       4.09078	      0.241765	
80.000	      0.716964	      0.241768	
80.500	      0.716964	      0.241768	
81.000	       4.64141	      0.241771	
81.500	        10.754	      0.241773	
82.000	       58.7515	      0.241775	
82.500	       58.7515	      0.241775	
83.000	       587.642	      0.241778	
83.500	         57.26	       0.24178	
84.000	         57.26	       0.24178	
84.500	       10.8702	      0.241782	
85.000	       4.54796	      0.241784	
85.500	       2.42457	      0.241786	
86.000	       2.42457	      0.241786	
86.500	       1.45647	      0.241788	
87.000	      0.934405	      0.241789	
87.500	      0.934405	      0.241789	
88.000	      0.620896	      0.241791	
88.500	      0.417924	      0.241792	
89.000	      0.278994	      0.241794	
89.500	      0.278994	      0.241794	
90.000	       0.17973	      0.241795	
90.500	      0.106342	      0.241796	
91.000	      0.106342	      0.241796	
91.500	     0.0505562	      0.241797	
92.000	    0.00715911	      0.241798	
92.500	     0.0272652	      0.241799	
93.000	     0.0272652	      0.241799	
93.500	     0.0550313	      0.241799	
94.000	     0.0777526	        0.2418	
94.500	     0.0777526	        0.2418	
95.000	     0.0965818	        0.2418	
95.500	       0.11236	      0.241801	
96.000	      0.125713	      0.241801	
96.500	      0.125713	      0.241801	
97.000	      0.137114	      0.241801	
97.500	      0.146925	      0.241801	
98.000	      0.146925	      0.241801	
98.500	      0.155429	      0.241801	
99.000	      0.162849	      0.241801	
99.500	      0.169362	        0.2418	
100.000	      0.169362	        0.2418	
100.500	      0.175109	        0.2418	
101.000	      0.180206	      0.241799	
101.500	      0.180206	      0.241799	
102.000	      0.184749	      0.241799	
102.500	      0.188813	      0.241798	
103.000	      0.188813	      0.241798	
103.500	      0.192465	      0.241797	
104.000	      0.195758	      0.241796	
104.500	      0.198738	      0.241794	
105.000	      0.198738	      0.241794	
105.500	      0.201444	      0.241793	
106.000	      0.203907	      0.241792	
106.500	      0.203907	      0.241792	
107.000	      0.206157	       0.24179	
107.500	      0.208217	      0.241788	
108.000	      0.210108	      0.241787	
108.500	      0.210108	      0.241787	
109.000	      0.211848	      0.241785	
109.500	      0.213452	      0.241783	
110.000	      0.213452	      0.241783	
110.500	      0.214935	       0.24178	
111.000	      0.216309	      0.241778	
111.500	      0.217583	      0.241776	
112.000	      0.217583	      0.241776	
112.500	      0.218768	      0.241773	
113.000	      0.219871	       0.24177	
113.500	      0.219871	       0.24177	
114.000	      0.220899	      0.241768	
114.500	       0.22186	      0.241765	
115.000	       0.22276	      0.241761	
115.500	       0.22276	      0.241761	
116.000	      0.223602	      0.241758	
116.500	      0.224393	      0.241755	
117.000	      0.224393	      0.241755	
117.500	      0.225136	      0.241751	
118.000	      0.225834	      0.241748	
118.500	      0.226492	      0.241744	
119.000	      0.226492	      0.241744	
119.500	      0.227113	       0.24174	
120.000	      0.227699	      0.241736	
120.500	      0.227699	      0.241736	
121.000	      0.228253	      0.241732	
121.500	      0.228776	      0.241727	
122.000	      0.229273	      0.241723	
122.500	      0.229273	      0.241723	
123.000	      0.229743	      0.241718	
123.500	      0.230189	      0.241713	
124.000	      0.230189	      0.241713	
124.500	      0.230613	      0.241708	
125.000	      0.231015	      0.241703	
125.500	      0.231015	      0.241703	
126.000	      0.231399	      0.241698	
126.500	      0.231763	      0.241693	
127.000	      0.232111	      0.241687	
127.500	      0.232111	      0.241687	
128.000	      0.232442	      0.241681	
128.500	      0.232759	      0.241675	
129.000	      0.232759	      0.241675	
129.500	      0.233061	      0.241669	
130.000	      0.233349	      0.241663	
130.500	      0.233625	      0.241657	
131.000	      0.233625	      0.241657	
131.500	      0.233889	       0.24165	
132.000	      0.234142	      0.241643	
132.500	      0.234142	      0.241643	
133.000	      0.234384	      0.241636	
133.500	      0.234617	      0.241629	
134.000	      0.234839	      0.241622	
134.500	      0.234839	      0.241622	
135.000	      0.235053	      0.241615	
135.500	      0.235259	      0.241607	
136.000	      0.235259	      0.241607	
136.500	      0.235456	      0.241599	
137.000	      0.235645	      0.241591	
137.500	      0.235828	      0.241583	
138.000	      0.235828	      0.241583	
138.500	      0.236003	      0.241574	
139.000	      0.236172	      0.241566	
139.500	      0.236172	      0.241566	
140.000	      0.236335	      0.241557	
140.500	      0.236492	      0.241548	
141.000	      0.236643	      0.241539	
141.500	      0.236643	      0.241539	
142.000	      0.236788	      0.241529	
142.500	      0.236929	      0.241519	
143.000	      0.236929	      0.241519	
143.500	      0.237065	       0.24151	
144.000	      0.237196	      0.241499	
144.500	      0.237322	      0.241489	
145.000	      0.237322	      0.241489	
145.500	      0.237445	      0.241479	
146.000	      0.237563	      0.241468	
146.500	      0.237563	      0.241468	
147.000	      0.237677	      0.241457	
147.500	      0.237788	      0.241445	
148.000	      0.237788	      0.241445	
148.500	      0.237895	      0.241434	
149.000	      0.237999	      0.241422	
149.500	      0.238099	       0.24141	
150.000	      0.238099	       0.24141	
150.500	      0.238196	      0.241398	
151.000	       0.23829	      0.241385	
151.500	       0.23829	      0.241385	
152.000	      0.238382	      0.241372	
152.500	       0.23847	      0.241359	
153.000	      0.238556	      0.241345	
153.500	      0.238556	      0.241345	
154.000	      0.238639	      0.241332	
154.500	       0.23872	      0.241318	
155.000	       0.23872	      0.241318	
155.500	      0.238799	      0.241303	
156.000	      0.238875	      0.241289	
156.500	      0.238949	      0.241274	
157.000	      0.238949	      0.241274	
157.500	      0.239021	      0.241258	
158.000	       0.23909	      0.241243	
158.500	       0.23909	      0.241243	
159.000	      0.239158	      0.241227	
159.500	      0.239224	      0.241211	
160.000	      0.239288	      0.241194	
160.500	      0.239288	      0.241194	
161.000	      0.239351	      0.241177	
161.500	      0.239411	       0.24116	
162.000	      0.239411	       0.24116	
162.500	       0.23947	      0.241142	
163.000	      0.239528	      0.241124	
163.500	      0.239584	      0.241105	
164.000	      0.239584	      0.241105	
164.500	      0.239638	      0.241086	
165.000	      0.239691	      0.241067	
165.500	      0.239691	      0.241067	
166.000	      0.239743	      0.241047	
166.500	      0.239793	      0.241027	
167.000	      0.239842	      0.241006	
167.500	      0.239842	      0.241006	
168.000	       0.23989	      0.240985	
168.500	      0.239937	      0.240964	
169.000	      0.239937	      0.240964	
169.500	      0.239982	      0.240942	
170.000	      0.240026	      0.240919	
170.500	      0.240026	      0.240919	
171.000	       0.24007	      0.240896	
171.500	      0.240112	      0.240872	
172.000	      0.240153	      0.240848	
172.500	      0.240153	      0.240848	
173.000	      0.240193	      0.240824	
173.500	      0.240232	      0.240799	
174.000	      0.240232	      0.240799	
174.500	       0.24027	      0.240773	
175.000	      0.240307	      0.240747	
175.500	      0.240344	       0.24072	
176.000	      0.240344	       0.24072	
176.500	      0.240379	      0.240692	
177.000	      0.240414	      0.240664	
177.500	      0.240414	      0.240664	
178.000	      0.240448	      0.240635	
178.500	      0.240481	      0.240606	
179.000	      0.240513	      0.240576	
179.500	      0.240513	      0.240576	
180.000	      0.240545	      0.240545	
