
TracePro Release: 3 2 0 
Polar Candela Distribution Data for 
Data covers +/- 180.000 degrees from Normal
Data for Missed Rays
Data generated at 09:48:35 June 25, 2025

	   0.0	 180.0
0.000	     0.0382741	     0.0382741	
0.500	     0.0366394	     0.0397368	
1.000	     0.0366394	     0.0397368	
1.500	     0.0348006	     0.0410529	
2.000	     0.0327163	     0.0422434	
2.500	     0.0303304	     0.0433257	
3.000	     0.0303304	     0.0433257	
3.500	     0.0275618	     0.0443145	
4.000	     0.0242797	     0.0452229	
4.500	     0.0242797	     0.0452229	
5.000	     0.0202337	     0.0460623	
5.500	     0.0147963	     0.0468437	
6.000	    0.00553938	     0.0475778	
6.500	    0.00553938	     0.0475778	
7.000	     0.0350079	     0.0482769	
7.500	      0.450179	     0.0489562	
8.000	      0.450179	     0.0489562	
8.500	      0.048343	     0.0496386	
9.000	     0.0215343	     0.0503647	
9.500	     0.0266817	     0.0512218	
10.000	     0.0266817	     0.0512218	
10.500	     0.0358795	     0.0524475	
11.000	     0.0421278	     0.0549807	
11.500	     0.0421278	     0.0549807	
12.000	     0.0223463	     0.0690438	
12.500	        1.2526	      0.106849	
13.000	        1.2526	      0.106849	
13.500	     0.0596398	     0.0903522	
14.000	      0.219879	      0.175024	
14.500	      0.339235	     0.0761934	
15.000	      0.339235	     0.0761934	
15.500	      0.774359	     0.0575186	
16.000	      0.398485	     0.0547002	
16.500	      0.398485	     0.0547002	
17.000	       1.75921	      0.053236	
17.500	       2.37038	     0.0508729	
18.000	       19.1112	      0.036129	
18.500	       19.1112	      0.036129	
19.000	       196.873	      0.232074	
19.500	       32.1548	     0.0222214	
20.000	       32.1548	     0.0222214	
20.500	       8.56122	      0.211631	
21.000	       15.6932	     0.0391405	
21.500	       20.7461	     0.0531114	
22.000	       20.7461	     0.0531114	
22.500	       16.5933	     0.0568286	
23.000	        15.195	     0.0686018	
23.500	        15.195	     0.0686018	
24.000	       12.0593	      0.095826	
24.500	       18.0969	      0.232146	
25.000	       21.8644	      0.220847	
25.500	       21.8644	      0.220847	
26.000	       20.4044	     0.0816049	
26.500	       21.6216	     0.0619846	
27.000	       21.6216	     0.0619846	
27.500	        23.977	     0.0601095	
28.000	       21.9938	     0.0608267	
28.500	       20.7549	     0.0696379	
29.000	       20.7549	     0.0696379	
29.500	       17.9491	     0.0490544	
30.000	       32.4399	     0.0785406	
30.500	       32.4399	     0.0785406	
31.000	       26.0456	     0.0397989	
31.500	       24.5135	     0.0671511	
32.000	       21.6767	      0.045535	
32.500	       21.6767	      0.045535	
33.000	       23.7663	      0.256682	
33.500	       20.2885	     0.0459763	
34.000	       20.2885	     0.0459763	
34.500	       15.0034	     0.0733151	
35.000	       18.8334	     0.0300097	
35.500	       18.8334	     0.0300097	
36.000	       26.7942	      0.150724	
36.500	       5.16081	     0.0500904	
37.000	       1.23412	       0.14062	
37.500	       1.23412	       0.14062	
38.000	       0.31498	      0.057426	
38.500	       1.40064	     0.0569714	
39.000	       1.40064	     0.0569714	
39.500	       1.52623	     0.0723526	
40.000	      0.612745	        2.8785	
40.500	     0.0155517	       5.26228	
41.000	     0.0155517	       5.26228	
41.500	     0.0516273	       1.48291	
42.000	      0.484328	         1.616	
42.500	      0.484328	         1.616	
43.000	      0.740897	       2.14788	
43.500	    0.00600451	       2.50035	
44.000	     0.0986974	       1.86706	
44.500	     0.0986974	       1.86706	
45.000	      0.604412	      0.923663	
45.500	      0.171858	       1.74892	
46.000	      0.171858	       1.74892	
46.500	      0.583936	      0.900866	
47.000	        0.1755	      0.181442	
47.500	      0.584461	     0.0841717	
48.000	      0.584461	     0.0841717	
48.500	      0.118371	      0.313643	
49.000	      0.069843	      0.186637	
49.500	      0.069843	      0.186637	
50.000	     0.0943169	      0.359626	
50.500	      0.351091	      0.647988	
51.000	     0.0915459	       3.22722	
51.500	     0.0915459	       3.22722	
52.000	     0.0600558	       32.4057	
52.500	     0.0574459	       6.13795	
53.000	     0.0574459	       6.13795	
53.500	     0.0620004	       3.04232	
54.000	      0.109048	       3.04587	
54.500	      0.572877	       1.83007	
55.000	      0.572877	       1.83007	
55.500	     0.0986111	       2.63667	
56.000	   0.000354449	       2.08227	
56.500	   0.000354449	       2.08227	
57.000	      0.653283	       2.30756	
57.500	     0.0631319	       1.74977	
58.000	     0.0631319	       1.74977	
58.500	      0.644828	      0.221921	
59.000	     0.0101819	      0.100343	
59.500	     0.0389625	     0.0835562	
60.000	     0.0389625	     0.0835562	
60.500	      0.045237	     0.0768195	
61.000	     0.0438137	     0.0729669	
61.500	     0.0438137	     0.0729669	
62.000	    0.00597058	     0.0703738	
62.500	      0.681081	     0.0684737	
63.000	      0.574481	     0.0670103	
63.500	      0.574481	     0.0670103	
64.000	     0.0975933	     0.0658463	
64.500	     0.0585243	     0.0648992	
65.000	     0.0585243	     0.0648992	
65.500	     0.0538366	     0.0641152	
66.000	     0.0510024	     0.0634574	
66.500	     0.0449826	     0.0628995	
67.000	     0.0449826	     0.0628995	
67.500	    0.00263145	     0.0624218	
68.000	      0.589686	     0.0620094	
68.500	      0.589686	     0.0620094	
69.000	    0.00208578	     0.0616511	
69.500	     0.0425749	     0.0613377	
70.000	     0.0323027	     0.0610621	
70.500	     0.0323027	     0.0610621	
71.000	      0.271697	     0.0608186	
71.500	     0.0424199	     0.0606025	
72.000	     0.0424199	     0.0606025	
72.500	     0.0988702	     0.0604099	
73.000	       0.43925	     0.0602375	
73.500	      0.102608	     0.0600829	
74.000	      0.102608	     0.0600829	
74.500	     0.0642442	     0.0599436	
75.000	     0.0592826	     0.0598178	
75.500	     0.0592826	     0.0598178	
76.000	     0.0577248	     0.0597039	
76.500	     0.0570445	     0.0596005	
77.000	     0.0566322	     0.0595064	
77.500	     0.0566322	     0.0595064	
78.000	     0.0562033	     0.0594206	
78.500	     0.0553543	     0.0593422	
79.000	     0.0553543	     0.0593422	
79.500	      0.052431	     0.0592704	
80.000	     0.0247081	     0.0592045	
80.500	     0.0247081	     0.0592045	
81.000	      0.501842	     0.0591441	
81.500	      0.383402	     0.0590884	
82.000	     0.0885294	     0.0590372	
82.500	     0.0885294	     0.0590372	
83.000	     0.0612831	     0.0589899	
83.500	     0.0584671	     0.0589462	
84.000	     0.0584671	     0.0589462	
84.500	     0.0577083	     0.0589058	
85.000	     0.0574129	     0.0588683	
85.500	     0.0572495	     0.0588337	
86.000	     0.0572495	     0.0588337	
86.500	     0.0571022	     0.0588015	
87.000	     0.0568912	     0.0587716	
87.500	     0.0568912	     0.0587716	
88.000	     0.0564925	     0.0587438	
88.500	     0.0555729	     0.0587179	
89.000	     0.0527298	     0.0586939	
89.500	     0.0527298	     0.0586939	
90.000	     0.0314773	     0.0586715	
90.500	      0.327814	     0.0586506	
91.000	      0.327814	     0.0586506	
91.500	     0.0316297	     0.0586311	
92.000	     0.0530348	     0.0586129	
92.500	     0.0560309	     0.0585959	
93.000	     0.0560309	     0.0585959	
93.500	     0.0571037	     0.0585801	
94.000	      0.057655	     0.0585653	
94.500	      0.057655	     0.0585653	
95.000	     0.0580147	     0.0585514	
95.500	     0.0582988	     0.0585385	
96.000	     0.0585644	     0.0585264	
96.500	     0.0585644	     0.0585264	
97.000	     0.0588555	     0.0585151	
97.500	     0.0592315	     0.0585045	
98.000	     0.0592315	     0.0585045	
98.500	     0.0598155	     0.0584946	
99.000	     0.0609605	     0.0584853	
99.500	     0.0641689	     0.0584767	
100.000	     0.0641689	     0.0584767	
100.500	     0.0871219	     0.0584686	
101.000	      0.230569	      0.058461	
101.500	      0.230569	      0.058461	
102.000	     0.0872652	     0.0584539	
102.500	     0.0644506	     0.0584473	
103.000	     0.0644506	     0.0584473	
103.500	     0.0613701	     0.0584412	
104.000	     0.0603343	     0.0584354	
104.500	     0.0598284	     0.0584301	
105.000	     0.0598284	     0.0584301	
105.500	     0.0594774	     0.0584251	
106.000	     0.0591167	     0.0584204	
106.500	     0.0591167	     0.0584204	
107.000	     0.0585988	     0.0584161	
107.500	     0.0576613	     0.0584121	
108.000	     0.0555745	     0.0584084	
108.500	     0.0555745	     0.0584084	
109.000	     0.0492195	     0.0584049	
109.500	    0.00142102	     0.0584017	
110.000	    0.00142102	     0.0584017	
110.500	      0.674025	     0.0583988	
111.000	    0.00829281	     0.0583961	
111.500	      0.110108	     0.0583936	
112.000	      0.110108	     0.0583936	
112.500	      0.791224	     0.0583914	
113.000	      0.788593	     0.0583893	
113.500	      0.788593	     0.0583893	
114.000	   0.000360188	     0.0583875	
114.500	     0.0728111	     0.0583858	
115.000	      0.863646	     0.0583843	
115.500	      0.863646	     0.0583843	
116.000	       2.20268	     0.0583829	
116.500	      0.312794	     0.0583818	
117.000	      0.312794	     0.0583818	
117.500	       1.44445	     0.0583807	
118.000	       0.65738	     0.0583799	
118.500	       6.33594	     0.0583791	
119.000	       6.33594	     0.0583791	
119.500	       2.44264	     0.0583785	
120.000	       1.56815	     0.0583781	
120.500	       1.56815	     0.0583781	
121.000	      0.839119	     0.0583777	
121.500	      0.606398	     0.0583775	
122.000	      0.581458	     0.0583774	
122.500	      0.581458	     0.0583774	
123.000	      0.356194	     0.0583774	
123.500	      0.248183	     0.0583776	
124.000	      0.248183	     0.0583776	
124.500	      0.992148	     0.0583778	
125.000	      0.815659	     0.0583781	
125.500	      0.815659	     0.0583781	
126.000	      0.835604	     0.0583785	
126.500	      0.671459	     0.0583791	
127.000	       5.97248	     0.0583797	
127.500	       5.97248	     0.0583797	
128.000	       57.8306	     0.0583804	
128.500	       5.85477	     0.0583812	
129.000	       5.85477	     0.0583812	
129.500	       1.03574	     0.0583821	
130.000	       0.54178	     0.0583831	
130.500	      0.269014	     0.0583842	
131.000	      0.269014	     0.0583842	
131.500	      0.272853	     0.0583854	
132.000	      0.169995	     0.0583866	
132.500	      0.169995	     0.0583866	
133.000	      0.141907	      0.058388	
133.500	      0.122172	     0.0583894	
134.000	      0.108562	     0.0583909	
134.500	      0.108562	     0.0583909	
135.000	     0.0988264	     0.0583925	
135.500	     0.0916327	     0.0583941	
136.000	     0.0916327	     0.0583941	
136.500	     0.0861709	     0.0583959	
137.000	     0.0819286	     0.0583977	
137.500	     0.0785695	     0.0583996	
138.000	     0.0785695	     0.0583996	
138.500	     0.0758652	     0.0584016	
139.000	     0.0736569	     0.0584037	
139.500	     0.0736569	     0.0584037	
140.000	     0.0718308	     0.0584059	
140.500	     0.0703039	     0.0584081	
141.000	     0.0690148	     0.0584104	
141.500	     0.0690148	     0.0584104	
142.000	     0.0679168	     0.0584129	
142.500	     0.0669741	     0.0584154	
143.000	     0.0669741	     0.0584154	
143.500	      0.066159	      0.058418	
144.000	     0.0654497	     0.0584207	
144.500	     0.0648288	     0.0584235	
145.000	     0.0648288	     0.0584235	
145.500	     0.0642822	     0.0584264	
146.000	     0.0637988	     0.0584293	
146.500	     0.0637988	     0.0584293	
147.000	     0.0633691	     0.0584324	
147.500	     0.0629858	     0.0584356	
148.000	     0.0629858	     0.0584356	
148.500	     0.0626423	     0.0584389	
149.000	     0.0623334	     0.0584423	
149.500	     0.0620547	     0.0584458	
150.000	     0.0620547	     0.0584458	
150.500	     0.0618024	     0.0584494	
151.000	     0.0615733	     0.0584532	
151.500	     0.0615733	     0.0584532	
152.000	     0.0613648	     0.0584571	
152.500	     0.0611744	     0.0584611	
153.000	     0.0610002	     0.0584652	
153.500	     0.0610002	     0.0584652	
154.000	     0.0608404	     0.0584694	
154.500	     0.0606934	     0.0584738	
155.000	     0.0606934	     0.0584738	
155.500	     0.0605581	     0.0584784	
156.000	     0.0604331	     0.0584831	
156.500	     0.0603175	     0.0584879	
157.000	     0.0603175	     0.0584879	
157.500	     0.0602104	     0.0584929	
158.000	      0.060111	     0.0584981	
158.500	      0.060111	     0.0584981	
159.000	     0.0600187	     0.0585034	
159.500	     0.0599326	     0.0585089	
160.000	     0.0598524	     0.0585146	
160.500	     0.0598524	     0.0585146	
161.000	     0.0597775	     0.0585205	
161.500	     0.0597074	     0.0585266	
162.000	     0.0597074	     0.0585266	
162.500	     0.0596418	      0.058533	
163.000	     0.0595803	     0.0585395	
163.500	     0.0595226	     0.0585462	
164.000	     0.0595226	     0.0585462	
164.500	     0.0594684	     0.0585532	
165.000	     0.0594174	     0.0585605	
165.500	     0.0594174	     0.0585605	
166.000	     0.0593693	      0.058568	
166.500	      0.059324	     0.0585758	
167.000	     0.0592813	     0.0585839	
167.500	     0.0592813	     0.0585839	
168.000	     0.0592409	     0.0585922	
168.500	     0.0592028	     0.0586009	
169.000	     0.0592028	     0.0586009	
169.500	     0.0591666	     0.0586099	
170.000	     0.0591324	     0.0586193	
170.500	     0.0591324	     0.0586193	
171.000	        0.0591	      0.058629	
171.500	     0.0590693	     0.0586391	
172.000	     0.0590401	     0.0586496	
172.500	     0.0590401	     0.0586496	
173.000	     0.0590123	     0.0586605	
173.500	     0.0589859	     0.0586718	
174.000	     0.0589859	     0.0586718	
174.500	     0.0589608	     0.0586836	
175.000	      0.058937	     0.0586959	
175.500	     0.0589142	     0.0587087	
176.000	     0.0589142	     0.0587087	
176.500	     0.0588925	      0.058722	
177.000	     0.0588718	     0.0587359	
177.500	     0.0588718	     0.0587359	
178.000	      0.058852	     0.0587504	
178.500	     0.0588331	     0.0587656	
179.000	     0.0588151	     0.0587814	
179.500	     0.0588151	     0.0587814	
180.000	     0.0587979	     0.0587979	
