
TracePro Release: 3 2 0 
Polar Candela Distribution Data for 
Data covers +/- 180.000 degrees from Normal
Data for Missed Rays
Data generated at 09:47:09 June 30, 2025

	   0.0	 180.0
0.000	      0.157141	      0.157141	
0.500	      0.160537	      0.154187	
1.000	      0.160537	      0.154187	
1.500	      0.164467	      0.151603	
2.000	      0.169045	       0.14933	
2.500	      0.174422	      0.147322	
3.000	      0.174422	      0.147322	
3.500	      0.180792	      0.145538	
4.000	       0.18841	      0.143949	
4.500	       0.18841	      0.143949	
5.000	      0.197623	      0.142526	
5.500	      0.208903	      0.141249	
6.000	      0.222913	      0.140098	
6.500	      0.222913	      0.140098	
7.000	      0.240603	      0.139057	
7.500	      0.263376	      0.138114	
8.000	      0.263376	      0.138114	
8.500	      0.293371	      0.137257	
9.000	      0.333986	      0.136476	
9.500	      0.390882	      0.135762	
10.000	      0.390882	      0.135762	
10.500	      0.474067	      0.135108	
11.000	      0.602628	      0.134509	
11.500	      0.602628	      0.134509	
12.000	      0.816797	      0.133957	
12.500	       1.21404	       0.13345	
13.000	       1.21404	       0.13345	
13.500	       2.08541	      0.132981	
14.000	       4.67953	      0.132548	
14.500	       23.7066	      0.132146	
15.000	       23.7066	      0.132146	
15.500	       240.674	      0.131774	
16.000	       23.7062	      0.131429	
16.500	       23.7062	      0.131429	
17.000	       4.67874	      0.131107	
17.500	       2.08422	      0.130808	
18.000	       1.21245	      0.130528	
18.500	       1.21245	      0.130528	
19.000	      0.814803	      0.130267	
19.500	      0.600224	      0.130023	
20.000	      0.600224	      0.130023	
20.500	      0.471249	      0.129795	
21.000	      0.387644	      0.129581	
21.500	      0.330319	       0.12938	
22.000	      0.330319	       0.12938	
22.500	      0.289267	      0.129192	
23.000	      0.258825	      0.129015	
23.500	      0.258825	      0.129015	
24.000	      0.235596	      0.128848	
24.500	      0.217436	      0.128691	
25.000	      0.202943	      0.128543	
25.500	      0.202943	      0.128543	
26.000	      0.191165	      0.128404	
26.500	      0.181438	      0.128272	
27.000	      0.181438	      0.128272	
27.500	      0.173287	      0.128147	
28.000	      0.166365	       0.12803	
28.500	      0.160414	      0.127918	
29.000	      0.160414	      0.127918	
29.500	      0.155238	      0.127812	
30.000	      0.150685	      0.127712	
30.500	      0.150685	      0.127712	
31.000	      0.146637	      0.127618	
31.500	         0.143	      0.127528	
32.000	      0.139699	      0.127442	
32.500	      0.139699	      0.127442	
33.000	      0.136673	      0.127361	
33.500	       0.13387	      0.127284	
34.000	       0.13387	      0.127284	
34.500	      0.131248	       0.12721	
35.000	       0.12877	       0.12714	
35.500	       0.12877	       0.12714	
36.000	      0.126407	      0.127073	
36.500	      0.124129	       0.12701	
37.000	      0.121913	      0.126949	
37.500	      0.121913	      0.126949	
38.000	      0.119736	      0.126892	
38.500	      0.117578	      0.126836	
39.000	      0.117578	      0.126836	
39.500	      0.115418	      0.126784	
40.000	      0.113237	      0.126733	
40.500	      0.111016	      0.126685	
41.000	      0.111016	      0.126685	
41.500	      0.108735	      0.126639	
42.000	      0.106373	      0.126595	
42.500	      0.106373	      0.126595	
43.000	      0.103909	      0.126553	
43.500	      0.101319	      0.126513	
44.000	     0.0985775	      0.126474	
44.500	     0.0985775	      0.126474	
45.000	     0.0956548	      0.126437	
45.500	     0.0925183	      0.126401	
46.000	     0.0925183	      0.126401	
46.500	     0.0891304	      0.126367	
47.000	     0.0854475	      0.126335	
47.500	     0.0814186	      0.126303	
48.000	     0.0814186	      0.126303	
48.500	     0.0769833	      0.126273	
49.000	     0.0720697	      0.126244	
49.500	     0.0720697	      0.126244	
50.000	     0.0665911	      0.126216	
50.500	     0.0604423	      0.126189	
51.000	     0.0534938	      0.126163	
51.500	     0.0534938	      0.126163	
52.000	     0.0455854	      0.126138	
52.500	      0.036516	      0.126114	
53.000	      0.036516	      0.126114	
53.500	     0.0260306	      0.126091	
54.000	      0.013802	      0.126069	
54.500	   0.000595832	      0.126048	
55.000	   0.000595832	      0.126048	
55.500	     0.0177261	      0.126027	
56.000	     0.0383456	      0.126007	
56.500	     0.0383456	      0.126007	
57.000	      0.063491	      0.125988	
57.500	      0.094613	      0.125969	
58.000	      0.094613	      0.125969	
58.500	      0.133792	      0.125951	
59.000	        0.1841	      0.125934	
59.500	       0.25022	      0.125917	
60.000	       0.25022	      0.125917	
60.500	      0.339591	      0.125901	
61.000	      0.464601	      0.125885	
61.500	      0.464601	      0.125885	
62.000	      0.647156	       0.12587	
62.500	      0.929029	      0.125855	
63.000	       1.39828	      0.125841	
63.500	       1.39828	      0.125841	
64.000	       2.26821	      0.125827	
64.500	       4.17582	      0.125814	
65.000	       4.17582	      0.125814	
65.500	       9.85381	      0.125801	
66.000	       51.4967	      0.125788	
66.500	        527.12	      0.125776	
67.000	        527.12	      0.125776	
67.500	       51.4971	      0.125764	
68.000	       9.85453	      0.125752	
68.500	       9.85453	      0.125752	
69.000	        4.1769	      0.125741	
69.500	       2.26966	       0.12573	
70.000	        1.4001	      0.125719	
70.500	        1.4001	      0.125719	
71.000	      0.931242	      0.125709	
71.500	      0.649769	      0.125699	
72.000	      0.649769	      0.125699	
72.500	       0.46763	      0.125689	
73.000	      0.343053	       0.12568	
73.500	      0.254138	       0.12567	
74.000	      0.254138	       0.12567	
74.500	        0.1885	      0.125661	
75.000	      0.138704	      0.125652	
75.500	      0.138704	      0.125652	
76.000	      0.100072	      0.125644	
76.500	     0.0695393	      0.125635	
77.000	     0.0450328	      0.125627	
77.500	     0.0450328	      0.125627	
78.000	     0.0251109	      0.125619	
78.500	    0.00874812	      0.125611	
79.000	    0.00874812	      0.125611	
79.500	    0.00479836	      0.125603	
80.000	     0.0160741	      0.125596	
80.500	     0.0160741	      0.125596	
81.000	      0.025483	      0.125588	
81.500	     0.0333235	      0.125581	
82.000	     0.0398126	      0.125574	
82.500	     0.0398126	      0.125574	
83.000	     0.0451008	      0.125567	
83.500	     0.0492796	       0.12556	
84.000	     0.0492796	       0.12556	
84.500	     0.0523823	      0.125553	
85.000	     0.0543769	      0.125547	
85.500	     0.0551482	       0.12554	
86.000	     0.0551482	       0.12554	
86.500	     0.0544608	      0.125534	
87.000	      0.051888	      0.125528	
87.500	      0.051888	      0.125528	
88.000	     0.0466709	      0.125521	
88.500	     0.0374225	      0.125515	
89.000	     0.0214544	      0.125509	
89.500	     0.0214544	      0.125509	
90.000	    0.00694368	      0.125503	
90.500	     0.0616509	      0.125498	
91.000	     0.0616509	      0.125498	
91.500	      0.184167	      0.125492	
92.000	        0.5526	      0.125486	
92.500	       3.26548	       0.12548	
93.000	       3.26548	       0.12548	
93.500	       34.4521	      0.125475	
94.000	       3.26277	      0.125469	
94.500	       3.26277	      0.125469	
95.000	       0.54715	      0.125464	
95.500	      0.175934	      0.125458	
96.000	     0.0505638	      0.125453	
96.500	     0.0505638	      0.125453	
97.000	    0.00709446	      0.125448	
97.500	     0.0385687	      0.125443	
98.000	     0.0385687	      0.125443	
98.500	     0.0577691	      0.125437	
99.000	     0.0704406	      0.125432	
99.500	     0.0793107	      0.125427	
100.000	     0.0793107	      0.125427	
100.500	     0.0858113	      0.125422	
101.000	     0.0907539	      0.125417	
101.500	     0.0907539	      0.125417	
102.000	     0.0946264	      0.125412	
102.500	     0.0977374	      0.125407	
103.000	     0.0977374	      0.125407	
103.500	       0.10029	      0.125402	
104.000	      0.102421	      0.125396	
104.500	      0.104229	      0.125391	
105.000	      0.104229	      0.125391	
105.500	      0.105782	      0.125386	
106.000	      0.107132	      0.125382	
106.500	      0.107132	      0.125382	
107.000	      0.108318	      0.125377	
107.500	      0.109368	      0.125372	
108.000	      0.110305	      0.125367	
108.500	      0.110305	      0.125367	
109.000	      0.111147	      0.125362	
109.500	      0.111908	      0.125357	
110.000	      0.111908	      0.125357	
110.500	      0.112601	      0.125352	
111.000	      0.113233	      0.125347	
111.500	      0.113813	      0.125342	
112.000	      0.113813	      0.125342	
112.500	      0.114348	      0.125337	
113.000	      0.114842	      0.125332	
113.500	      0.114842	      0.125332	
114.000	        0.1153	      0.125327	
114.500	      0.115726	      0.125322	
115.000	      0.116123	      0.125317	
115.500	      0.116123	      0.125317	
116.000	      0.116495	      0.125312	
116.500	      0.116843	      0.125306	
117.000	      0.116843	      0.125306	
117.500	      0.117171	      0.125301	
118.000	      0.117478	      0.125296	
118.500	      0.117768	      0.125291	
119.000	      0.117768	      0.125291	
119.500	      0.118042	      0.125286	
120.000	      0.118301	      0.125281	
120.500	      0.118301	      0.125281	
121.000	      0.118547	      0.125275	
121.500	      0.118779	       0.12527	
122.000	         0.119	      0.125265	
122.500	         0.119	      0.125265	
123.000	       0.11921	      0.125259	
123.500	       0.11941	      0.125254	
124.000	       0.11941	      0.125254	
124.500	      0.119601	      0.125248	
125.000	      0.119782	      0.125243	
125.500	      0.119782	      0.125243	
126.000	      0.119956	      0.125237	
126.500	      0.120122	      0.125232	
127.000	       0.12028	      0.125226	
127.500	       0.12028	      0.125226	
128.000	      0.120432	       0.12522	
128.500	      0.120577	      0.125215	
129.000	      0.120577	      0.125215	
129.500	      0.120717	      0.125209	
130.000	       0.12085	      0.125203	
130.500	      0.120979	      0.125197	
131.000	      0.120979	      0.125197	
131.500	      0.121102	      0.125191	
132.000	       0.12122	      0.125185	
132.500	       0.12122	      0.125185	
133.000	      0.121334	      0.125179	
133.500	      0.121444	      0.125173	
134.000	       0.12155	      0.125167	
134.500	       0.12155	      0.125167	
135.000	      0.121652	       0.12516	
135.500	       0.12175	      0.125154	
136.000	       0.12175	      0.125154	
136.500	      0.121844	      0.125147	
137.000	      0.121936	      0.125141	
137.500	      0.122024	      0.125134	
138.000	      0.122024	      0.125134	
138.500	      0.122109	      0.125127	
139.000	      0.122191	      0.125121	
139.500	      0.122191	      0.125121	
140.000	      0.122271	      0.125114	
140.500	      0.122348	      0.125107	
141.000	      0.122422	        0.1251	
141.500	      0.122422	        0.1251	
142.000	      0.122494	      0.125093	
142.500	      0.122564	      0.125085	
143.000	      0.122564	      0.125085	
143.500	      0.122631	      0.125078	
144.000	      0.122697	       0.12507	
144.500	       0.12276	      0.125063	
145.000	       0.12276	      0.125063	
145.500	      0.122822	      0.125055	
146.000	      0.122882	      0.125047	
146.500	      0.122882	      0.125047	
147.000	      0.122939	       0.12504	
147.500	      0.122996	      0.125032	
148.000	      0.122996	      0.125032	
148.500	       0.12305	      0.125023	
149.000	      0.123103	      0.125015	
149.500	      0.123154	      0.125007	
150.000	      0.123154	      0.125007	
150.500	      0.123204	      0.124998	
151.000	      0.123253	       0.12499	
151.500	      0.123253	       0.12499	
152.000	        0.1233	      0.124981	
152.500	      0.123346	      0.124972	
153.000	      0.123391	      0.124963	
153.500	      0.123391	      0.124963	
154.000	      0.123434	      0.124954	
154.500	      0.123477	      0.124944	
155.000	      0.123477	      0.124944	
155.500	      0.123518	      0.124935	
156.000	      0.123558	      0.124925	
156.500	      0.123597	      0.124916	
157.000	      0.123597	      0.124916	
157.500	      0.123635	      0.124906	
158.000	      0.123672	      0.124896	
158.500	      0.123672	      0.124896	
159.000	      0.123708	      0.124885	
159.500	      0.123744	      0.124875	
160.000	      0.123778	      0.124864	
160.500	      0.123778	      0.124864	
161.000	      0.123811	      0.124853	
161.500	      0.123844	      0.124842	
162.000	      0.123844	      0.124842	
162.500	      0.123876	      0.124831	
163.000	      0.123907	       0.12482	
163.500	      0.123937	      0.124808	
164.000	      0.123937	      0.124808	
164.500	      0.123967	      0.124797	
165.000	      0.123996	      0.124785	
165.500	      0.123996	      0.124785	
166.000	      0.124024	      0.124772	
166.500	      0.124052	       0.12476	
167.000	      0.124079	      0.124747	
167.500	      0.124079	      0.124747	
168.000	      0.124105	      0.124735	
168.500	      0.124131	      0.124721	
169.000	      0.124131	      0.124721	
169.500	      0.124156	      0.124708	
170.000	      0.124181	      0.124694	
170.500	      0.124181	      0.124694	
171.000	      0.124205	      0.124681	
171.500	      0.124228	      0.124667	
172.000	      0.124251	      0.124652	
172.500	      0.124251	      0.124652	
173.000	      0.124274	      0.124637	
173.500	      0.124296	      0.124623	
174.000	      0.124296	      0.124623	
174.500	      0.124317	      0.124607	
175.000	      0.124338	      0.124592	
175.500	      0.124359	      0.124576	
176.000	      0.124359	      0.124576	
176.500	      0.124379	       0.12456	
177.000	      0.124399	      0.124543	
177.500	      0.124399	      0.124543	
178.000	      0.124418	      0.124527	
178.500	      0.124437	      0.124509	
179.000	      0.124456	      0.124492	
179.500	      0.124456	      0.124492	
180.000	      0.124474	      0.124474	
