
TracePro Release: 3 2 0 
Polar Candela Distribution Data for 
Data covers +/- 180.000 degrees from Normal
Data for Missed Rays
Data generated at 09:48:33 June 25, 2025

	   0.0	 180.0
0.000	      0.293199	      0.293199	
0.500	      0.293097	      0.293414	
1.000	      0.293097	      0.293414	
1.500	      0.293033	      0.294109	
2.000	      0.292983	      0.300431	
2.500	      0.292941	      0.192577	
3.000	      0.292941	      0.192577	
3.500	      0.292902	       0.39159	
4.000	      0.292865	      0.286197	
4.500	      0.292865	      0.286197	
5.000	      0.292828	      0.292302	
5.500	      0.292791	      0.292962	
6.000	      0.292754	      0.293164	
6.500	      0.292754	      0.293164	
7.000	      0.292716	      0.293261	
7.500	      0.292676	      0.293324	
8.000	      0.292676	      0.293324	
8.500	      0.292636	      0.293376	
9.000	      0.292594	      0.293425	
9.500	      0.292551	       0.29348	
10.000	      0.292551	       0.29348	
10.500	      0.292505	       0.29355	
11.000	      0.292456	      0.293657	
11.500	      0.292456	      0.293657	
12.000	      0.292404	      0.293867	
12.500	      0.292348	      0.294473	
13.000	      0.292348	      0.294473	
13.500	      0.292286	       0.29899	
14.000	      0.292216	      0.235246	
14.500	      0.292135	      0.298283	
15.000	      0.292135	      0.298283	
15.500	       0.29204	      0.289529	
16.000	      0.291921	      0.347413	
16.500	      0.291921	      0.347413	
17.000	      0.291766	      0.288759	
17.500	      0.291549	      0.292905	
18.000	      0.291214	      0.293462	
18.500	      0.291214	      0.293462	
19.000	       0.29063	       0.29366	
19.500	      0.289402	      0.293765	
20.000	      0.289402	      0.293765	
20.500	      0.285837	      0.293838	
21.000	       0.25998	      0.293899	
21.500	      0.618546	      0.293954	
22.000	      0.618546	      0.293954	
22.500	      0.259881	      0.294009	
23.000	      0.285639	      0.294064	
23.500	      0.285639	      0.294064	
24.000	      0.289105	      0.294123	
24.500	      0.290234	      0.294185	
25.000	      0.290718	      0.294252	
25.500	      0.290718	      0.294252	
26.000	      0.290952	      0.294325	
26.500	      0.291069	      0.294405	
27.000	      0.291069	      0.294405	
27.500	      0.291123	      0.294495	
28.000	       0.29114	      0.294596	
28.500	      0.291133	      0.294711	
29.000	      0.291133	      0.294711	
29.500	      0.291111	      0.294844	
30.000	      0.291076	      0.294998	
30.500	      0.291076	      0.294998	
31.000	      0.291034	       0.29518	
31.500	      0.290984	      0.295399	
32.000	      0.290929	      0.295671	
32.500	      0.290929	      0.295671	
33.000	      0.290869	      0.296021	
33.500	      0.290805	        0.2965	
34.000	      0.290805	        0.2965	
34.500	      0.290738	      0.297245	
35.000	      0.290667	       0.29878	
35.500	      0.290667	       0.29878	
36.000	      0.290592	      0.307045	
36.500	      0.290515	      0.201844	
37.000	      0.290434	      0.308998	
37.500	      0.290434	      0.308998	
38.000	      0.290351	      0.302934	
38.500	      0.290264	      0.304179	
39.000	      0.290264	      0.304179	
39.500	      0.290175	      0.307356	
40.000	      0.290082	      0.313064	
40.500	      0.289986	      0.323851	
41.000	      0.289986	      0.323851	
41.500	      0.289888	      0.347637	
42.000	      0.289785	      0.418548	
42.500	      0.289785	      0.418548	
43.000	       0.28968	      0.938815	
43.500	      0.289571	       6.29044	
44.000	      0.289459	      0.938798	
44.500	      0.289459	      0.938798	
45.000	      0.289343	       0.41851	
45.500	      0.289223	      0.347569	
46.000	      0.289223	      0.347569	
46.500	      0.289099	      0.323736	
47.000	      0.288971	       0.31287	
47.500	      0.288839	       0.30701	
48.000	      0.288839	       0.30701	
48.500	      0.288703	      0.303492	
49.000	      0.288562	      0.301215	
49.500	      0.288562	      0.301215	
50.000	      0.288417	      0.299657	
50.500	      0.288267	      0.298544	
51.000	      0.288112	      0.297722	
51.500	      0.288112	      0.297722	
52.000	      0.287953	      0.297098	
52.500	      0.287788	      0.296613	
53.000	      0.287788	      0.296613	
53.500	      0.287618	      0.296229	
54.000	      0.287444	       0.29592	
54.500	      0.287265	      0.295667	
55.000	      0.287265	      0.295667	
55.500	      0.287081	      0.295457	
56.000	      0.286895	      0.295282	
56.500	      0.286895	      0.295282	
57.000	      0.286706	      0.295134	
57.500	      0.286518	      0.295008	
58.000	      0.286518	      0.295008	
58.500	      0.286334	      0.294899	
59.000	      0.286161	      0.294805	
59.500	      0.286014	      0.294723	
60.000	      0.286014	      0.294723	
60.500	      0.285918	      0.294652	
61.000	      0.285932	      0.294588	
61.500	      0.285932	      0.294588	
62.000	        0.2862	      0.294532	
62.500	       0.28716	      0.294482	
63.000	      0.290723	      0.294437	
63.500	      0.290723	      0.294437	
64.000	      0.319556	      0.294397	
64.500	     0.0891252	       0.29436	
65.000	     0.0891252	       0.29436	
65.500	      0.317845	      0.294327	
66.000	      0.286618	      0.294297	
66.500	      0.277694	      0.294269	
67.000	      0.277694	      0.294269	
67.500	      0.242204	      0.294244	
68.000	      0.712129	       0.29422	
68.500	      0.712129	       0.29422	
69.000	      0.241085	      0.294199	
69.500	      0.275335	      0.294179	
70.000	      0.282511	       0.29416	
70.500	      0.282511	       0.29416	
71.000	      0.307179	      0.294142	
71.500	     0.0237893	      0.294126	
72.000	     0.0237893	      0.294126	
72.500	      0.306719	       0.29411	
73.000	      0.282209	      0.294096	
73.500	      0.278005	      0.294082	
74.000	      0.278005	      0.294082	
74.500	      0.275587	      0.294069	
75.000	       0.27308	      0.294056	
75.500	       0.27308	      0.294056	
76.000	      0.269174	      0.294044	
76.500	       0.25978	      0.294033	
77.000	      0.199595	      0.294021	
77.500	      0.199595	      0.294021	
78.000	      0.995638	      0.294011	
78.500	      0.141154	         0.294	
79.000	      0.141154	         0.294	
79.500	       1.07762	       0.29399	
80.000	      0.559916	       0.29398	
80.500	      0.559916	       0.29398	
81.000	      0.323249	      0.293971	
81.500	      0.270368	      0.293961	
82.000	       0.25858	      0.293952	
82.500	       0.25858	      0.293952	
83.000	       0.20258	      0.293943	
83.500	        1.1197	      0.293934	
84.000	        1.1197	      0.293934	
84.500	      0.602286	      0.293925	
85.000	      0.318773	      0.293916	
85.500	      0.260727	      0.293907	
86.000	      0.260727	      0.293907	
86.500	      0.245646	      0.293899	
87.000	      0.183589	       0.29389	
87.500	      0.183589	       0.29389	
88.000	       1.11697	      0.293881	
88.500	      0.719994	      0.293873	
89.000	       1.10824	      0.293864	
89.500	       1.10824	      0.293864	
90.000	      0.107843	      0.293856	
90.500	       1.16288	      0.293847	
91.000	       1.16288	      0.293847	
91.500	       1.64689	      0.293838	
92.000	       1.97608	      0.293829	
92.500	     0.0615445	       0.29382	
93.000	     0.0615445	       0.29382	
93.500	       1.89734	      0.293812	
94.000	      0.858412	      0.293803	
94.500	      0.858412	      0.293803	
95.000	       1.05116	      0.293793	
95.500	     0.0255656	      0.293784	
96.000	       1.88309	      0.293775	
96.500	       1.88309	      0.293775	
97.000	       0.93745	      0.293766	
97.500	       2.00309	      0.293756	
98.000	       2.00309	      0.293756	
98.500	       1.83913	      0.293747	
99.000	       2.92132	      0.293737	
99.500	       1.75858	      0.293727	
100.000	       1.75858	      0.293727	
100.500	       1.31227	      0.293717	
101.000	       2.46993	      0.293707	
101.500	       2.46993	      0.293707	
102.000	       1.36322	      0.293696	
102.500	       2.53236	      0.293686	
103.000	       2.53236	      0.293686	
103.500	        1.1303	      0.293675	
104.000	       1.14113	      0.293664	
104.500	       3.61615	      0.293653	
105.000	       3.61615	      0.293653	
105.500	       3.84757	      0.293642	
106.000	       1.99439	      0.293631	
106.500	       1.99439	      0.293631	
107.000	       3.78116	      0.293619	
107.500	      0.187958	      0.293607	
108.000	        1.7582	      0.293595	
108.500	        1.7582	      0.293595	
109.000	       1.73732	      0.293583	
109.500	       6.30564	      0.293571	
110.000	       6.30564	      0.293571	
110.500	       1.89649	      0.293558	
111.000	       6.81818	      0.293545	
111.500	       13.1139	      0.293532	
112.000	       13.1139	      0.293532	
112.500	       75.0975	      0.293519	
113.000	       761.034	      0.293505	
113.500	       761.034	      0.293505	
114.000	       74.2012	      0.293491	
114.500	       14.1027	      0.293477	
115.000	       5.91053	      0.293463	
115.500	       5.91053	      0.293463	
116.000	       3.15904	      0.293448	
116.500	       1.90471	      0.293433	
117.000	       1.90471	      0.293433	
117.500	       1.22842	      0.293418	
118.000	      0.822451	      0.293403	
118.500	      0.559825	      0.293387	
119.000	      0.559825	      0.293387	
119.500	      0.380466	      0.293371	
120.000	       0.25355	      0.293354	
120.500	       0.25355	      0.293354	
121.000	      0.170216	      0.293337	
121.500	     0.0638567	       0.29332	
122.000	     0.0418866	      0.293303	
122.500	     0.0418866	      0.293303	
123.000	     0.0142891	      0.293285	
123.500	     0.0517824	      0.293267	
124.000	     0.0517824	      0.293267	
124.500	     0.0816907	      0.293249	
125.000	      0.106271	       0.29323	
125.500	      0.106271	       0.29323	
126.000	      0.126792	      0.293211	
126.500	      0.144122	      0.293191	
127.000	      0.158898	      0.293171	
127.500	      0.158898	      0.293171	
128.000	      0.171603	      0.293151	
128.500	      0.182608	       0.29313	
129.000	      0.182608	       0.29313	
129.500	      0.192204	      0.293109	
130.000	      0.200623	      0.293087	
130.500	      0.208049	      0.293065	
131.000	      0.208049	      0.293065	
131.500	      0.214633	      0.293042	
132.000	      0.220497	      0.293019	
132.500	      0.220497	      0.293019	
133.000	      0.225744	      0.292996	
133.500	      0.230456	      0.292972	
134.000	      0.234705	      0.292947	
134.500	      0.234705	      0.292947	
135.000	      0.238548	      0.292922	
135.500	      0.242036	      0.292897	
136.000	      0.242036	      0.292897	
136.500	      0.245212	      0.292871	
137.000	      0.248111	      0.292844	
137.500	      0.250765	      0.292817	
138.000	      0.250765	      0.292817	
138.500	      0.253201	      0.292789	
139.000	      0.255441	      0.292761	
139.500	      0.255441	      0.292761	
140.000	      0.257507	      0.292732	
140.500	      0.259416	      0.292703	
141.000	      0.261183	      0.292672	
141.500	      0.261183	      0.292672	
142.000	      0.262823	      0.292641	
142.500	      0.264346	       0.29261	
143.000	      0.264346	       0.29261	
143.500	      0.265765	      0.292578	
144.000	      0.267088	      0.292545	
144.500	      0.268323	      0.292511	
145.000	      0.268323	      0.292511	
145.500	      0.269479	      0.292477	
146.000	      0.270562	      0.292441	
146.500	      0.270562	      0.292441	
147.000	      0.271577	      0.292405	
147.500	      0.272531	      0.292368	
148.000	      0.272531	      0.292368	
148.500	      0.273429	      0.292331	
149.000	      0.274274	      0.292292	
149.500	       0.27507	      0.292253	
150.000	       0.27507	      0.292253	
150.500	      0.275822	      0.292213	
151.000	      0.276533	      0.292171	
151.500	      0.276533	      0.292171	
152.000	      0.277205	      0.292129	
152.500	      0.277841	      0.292086	
153.000	      0.278444	      0.292042	
153.500	      0.278444	      0.292042	
154.000	      0.279016	      0.291996	
154.500	      0.279559	       0.29195	
155.000	      0.279559	       0.29195	
155.500	      0.280076	      0.291902	
156.000	      0.280567	      0.291854	
156.500	      0.281034	      0.291804	
157.000	      0.281034	      0.291804	
157.500	      0.281479	      0.291753	
158.000	      0.281904	        0.2917	
158.500	      0.281904	        0.2917	
159.000	      0.282309	      0.291646	
159.500	      0.282695	      0.291591	
160.000	      0.283065	      0.291535	
160.500	      0.283065	      0.291535	
161.000	      0.283418	      0.291477	
161.500	      0.283756	      0.291418	
162.000	      0.283756	      0.291418	
162.500	       0.28408	      0.291357	
163.000	       0.28439	      0.291294	
163.500	      0.284687	       0.29123	
164.000	      0.284687	       0.29123	
164.500	      0.284972	      0.291164	
165.000	      0.285245	      0.291097	
165.500	      0.285245	      0.291097	
166.000	      0.285507	      0.291027	
166.500	       0.28576	      0.290956	
167.000	      0.286002	      0.290883	
167.500	      0.286002	      0.290883	
168.000	      0.286235	      0.290808	
168.500	      0.286459	       0.29073	
169.000	      0.286459	       0.29073	
169.500	      0.286675	      0.290651	
170.000	      0.286883	      0.290569	
170.500	      0.286883	      0.290569	
171.000	      0.287083	      0.290485	
171.500	      0.287276	      0.290399	
172.000	      0.287462	       0.29031	
172.500	      0.287462	       0.29031	
173.000	      0.287642	      0.290218	
173.500	      0.287815	      0.290124	
174.000	      0.287815	      0.290124	
174.500	      0.287982	      0.290027	
175.000	      0.288144	      0.289927	
175.500	        0.2883	      0.289824	
176.000	        0.2883	      0.289824	
176.500	      0.288451	      0.289717	
177.000	      0.288597	      0.289608	
177.500	      0.288597	      0.289608	
178.000	      0.288738	      0.289495	
178.500	      0.288874	      0.289379	
179.000	      0.289007	      0.289259	
179.500	      0.289007	      0.289259	
180.000	      0.289135	      0.289135	
